canvasStepSize
63.2 62.2727
canvasBegPos
8 27
canvasEndPos
1272 712
simSize
20 11
agentPos
3 4
goalPos
18 5
opponentPos
18 7
opponentTrace
17 7
16 7
16 6
15 6
15 5
15 4
16 4
16 3
17 3
18 3
18 2
17 2
16 2
15 2
14 2
14 3
13 3
13 4
12 4
12 5
13 5
13 6
13 7
14 7
14 8
15 8
15 9
16 9
17 9
17 8
18 8
walls
0 0
0 1
0 2
0 3
0 4
0 5
0 6
0 7
0 8
0 9
0 10
1 10
2 10
3 10
4 10
5 10
6 10
7 10
8 10
9 10
10 10
11 10
12 10
13 10
14 10
15 10
16 10
17 10
18 10
19 10
19 9
19 8
19 7
19 6
19 5
19 4
19 3
19 2
19 1
19 0
18 0
17 0
16 0
15 0
14 0
5 0
4 0
3 0
2 0
1 0
6 0
7 0
8 0
9 0
10 0
11 0
12 0
13 0
