canvasStepSize
63.2 68.5
canvasBegPos
8 27
canvasEndPos
1272 712
simSize
20 10
agentPos
1 6
goalPos
17 1
opponentPos
11 8
opponentTrace
12 8
12 7
12 6
12 5
13 5
14 5
14 4
14 3
14 2
13 2
12 2
11 2
11 1
10 1
9 1
9 2
9 3
9 4
9 5
10 5
10 6
10 7
10 8
walls
0 0
0 1
0 2
0 3
0 4
0 5
0 6
0 7
0 8
0 9
1 9
2 9
3 9
4 9
5 9
6 9
7 9
8 9
9 9
10 9
11 9
12 9
13 9
14 9
15 9
16 9
17 9
18 9
19 9
19 8
19 6
19 5
19 4
19 3
19 2
19 1
19 0
19 7
18 0
17 0
16 0
15 0
14 0
13 0
12 0
11 0
10 0
9 0
8 0
7 0
6 0
5 0
4 0
3 0
2 0
1 0
