canvasStepSize
37.72 42.0909
canvasBegPos
8 27
canvasEndPos
951 490
simSize
25 11
agentPos
1 5
goalPos
24 5
opponentPos
23 8
opponentTrace
22 8
21 8
21 7
22 7
22 6
22 5
22 4
21 4
21 3
22 3
23 3
23 2
23 1
22 1
21 1
20 1
19 1
19 2
20 2
20 3
20 4
20 5
19 5
18 5
18 6
18 7
19 7
19 8
19 9
20 9
21 9
22 9
23 9
walls
0 0
0 1
0 2
0 3
0 4
0 5
0 6
0 7
0 8
0 9
0 10
1 10
2 10
3 10
4 10
5 10
6 10
7 10
8 10
9 10
10 10
11 10
12 10
13 10
14 10
15 10
16 10
17 10
18 10
19 10
20 10
21 10
22 10
23 10
24 10
24 9
24 8
24 7
24 6
24 4
24 3
24 2
24 1
24 0
23 0
22 0
21 0
20 0
19 0
18 0
17 0
16 0
15 0
14 0
13 0
12 0
11 0
10 0
9 0
8 0
7 0
6 0
5 0
4 0
3 0
2 0
1 0
