canvasStepSize
51.2778 27.3333
canvasBegPos
8 27
canvasEndPos
931 519
simSize
18 18
agentPos
2 2
goalPos
15 15
opponentPos
13 16
opponentTrace
13 15
13 14
14 14
14 13
15 13
15 12
15 11
16 11
16 10
15 10
14 10
14 11
13 11
12 11
12 12
11 12
11 13
10 13
10 14
10 15
10 16
11 16
12 16
walls
0 0
0 1
0 2
0 3
0 4
0 5
0 6
0 7
0 8
0 9
0 10
0 11
0 12
0 13
0 14
0 15
0 16
0 17
1 17
2 17
3 17
4 17
5 17
6 17
7 17
8 17
9 17
10 17
13 17
14 17
15 17
16 17
17 17
12 17
11 17
17 16
17 15
17 14
17 13
17 12
17 11
17 10
17 9
17 8
17 7
17 6
17 5
17 4
17 3
17 2
17 1
17 0
16 0
15 0
14 0
13 0
12 0
11 0
10 0
9 0
8 0
7 0
6 0
5 0
4 0
3 0
2 0
1 0
