canvasStepSize
70.2222 38.0556
canvasBegPos
8 27
canvasEndPos
1272 712
simSize
18 18
agentPos
2 2
goalPos
11 11
opponentPos
8 10
opponentTrace
8 9
8 8
9 8
9 7
10 7
11 7
11 6
12 6
13 6
13 7
13 8
13 9
14 9
14 10
14 11
14 12
13 12
13 13
13 14
12 14
11 14
10 14
10 13
9 13
8 13
8 12
8 11
walls
0 0
0 1
0 2
0 3
0 4
0 5
0 6
0 7
0 8
0 9
0 10
0 11
0 12
0 14
0 15
0 16
0 17
0 13
1 17
2 17
3 17
4 17
5 17
6 17
7 17
8 17
9 17
10 17
11 17
12 17
13 17
14 17
15 17
16 17
17 17
17 16
17 15
17 14
17 13
17 12
17 11
17 10
17 9
17 8
17 7
17 6
17 5
17 4
17 3
17 2
17 1
17 0
16 0
15 0
14 0
13 0
12 0
11 0
10 0
9 0
8 0
7 0
6 0
5 0
4 0
3 0
1 0
2 0
