canvasStepSize
43.3636 44.6364
canvasBegPos
8 27
canvasEndPos
962 518
simSize
22 11
agentPos
2 2
goalPos
17 7
opponentPos
15 7
opponentTrace
15 6
16 6
17 6
17 5
18 5
18 6
19 6
19 7
18 7
18 8
18 9
17 9
16 9
16 8
15 8
walls
0 0
0 1
0 2
0 6
0 7
0 8
0 9
0 10
0 5
0 4
0 3
1 10
2 10
3 10
4 10
5 10
6 10
7 10
8 10
9 10
10 10
12 10
13 10
14 10
15 10
16 10
17 10
18 10
19 10
20 10
21 10
11 10
21 9
21 8
21 7
21 6
21 5
21 4
21 3
21 2
21 1
21 0
20 0
19 0
18 0
17 0
16 0
15 0
14 0
13 0
12 0
11 0
10 0
9 0
8 0
7 0
6 0
5 0
4 0
3 0
2 0
1 0
