canvasStepSize
43.7273 44.7273
canvasBegPos
8 27
canvasEndPos
970 519
simSize
22 11
agentPos
2 2
goalPos
17 7
opponentPos
15 7
opponentTrace
15 6
15 5
15 4
16 4
17 4
18 4
18 5
18 6
18 7
19 7
19 8
18 8
17 8
16 8
15 8
walls
0 0
0 1
0 2
0 3
0 4
0 5
0 6
0 7
0 8
0 9
0 10
1 10
2 10
3 10
4 10
5 10
6 10
7 10
8 10
9 10
10 10
11 10
12 10
13 10
14 10
15 10
16 10
17 10
18 10
19 10
20 10
21 10
21 9
21 8
21 7
21 6
21 5
21 4
21 3
21 2
21 1
21 0
20 0
19 0
18 0
17 0
16 0
15 0
14 0
13 0
12 0
11 0
10 0
9 0
8 0
7 0
6 0
5 0
4 0
3 0
2 0
1 0
