canvasStepSize
63.2 62.2727
canvasBegPos
8 27
canvasEndPos
1272 712
simSize
20 11
agentPos
2 8
goalPos
17 1
opponentPos
10 1
opponentTrace
10 2
9 2
9 3
9 4
10 4
10 5
11 5
11 6
11 7
12 7
13 7
13 8
13 9
14 9
15 9
16 9
16 8
16 7
16 6
15 6
15 5
15 4
15 3
14 3
14 2
13 2
13 1
12 1
11 1
walls
0 0
0 1
0 2
0 3
0 4
0 5
0 9
0 8
0 7
0 6
0 10
1 10
2 10
3 10
7 10
6 10
5 10
4 10
8 10
9 10
10 10
11 10
12 10
13 10
14 10
15 10
16 10
17 10
18 10
19 10
19 9
19 8
19 7
19 6
19 5
19 4
19 3
19 2
19 1
19 0
18 0
17 0
16 0
15 0
14 0
13 0
12 0
11 0
10 0
9 0
8 0
7 0
6 0
5 0
4 0
3 0
2 0
1 0
