canvasStepSize
57.4545 62.2727
canvasBegPos
8 27
canvasEndPos
1272 712
simSize
22 11
agentPos
3 2
goalPos
16 8
opponentPos
13 7
opponentTrace
14 7
15 7
15 6
14 6
14 5
15 5
16 5
17 5
17 6
17 7
17 8
17 9
16 9
15 9
15 8
14 8
13 8
walls
0 0
0 1
0 2
0 3
0 4
0 5
0 6
0 7
0 8
0 9
0 10
1 10
2 10
3 10
4 10
5 10
6 10
7 10
8 10
9 10
10 10
11 10
12 10
13 10
14 10
15 10
16 10
17 10
18 10
19 10
20 10
21 10
21 9
21 8
21 7
21 6
21 5
21 4
21 3
21 2
21 1
21 0
19 0
18 0
17 0
15 0
13 0
12 0
10 0
8 0
7 0
6 0
5 0
4 0
3 0
2 0
1 0
9 0
11 0
14 0
16 0
20 0
