canvasStepSize
50.56 68.5
canvasBegPos
8 27
canvasEndPos
1272 712
simSize
25 10
agentPos
1 4
goalPos
21 4
opponentPos
19 2
opponentTrace
20 2
21 2
22 2
23 2
23 3
23 4
23 5
23 6
22 6
21 6
20 6
19 6
19 5
19 4
19 3
walls
0 0
0 1
0 2
0 3
0 4
0 5
0 6
0 7
0 8
0 9
1 9
2 9
3 9
4 9
5 9
6 9
7 9
8 9
9 9
10 9
11 9
12 9
13 9
14 9
15 9
16 9
17 9
18 9
19 9
20 9
21 9
22 9
23 9
24 9
24 8
24 7
24 6
24 5
24 4
24 3
24 2
24 1
24 0
23 0
22 0
21 0
20 0
19 0
18 0
17 0
16 0
15 0
14 0
13 0
12 0
11 0
10 0
9 0
8 0
7 0
6 0
5 0
4 0
3 0
2 0
1 0
