canvasStepSize
74.3529 68.5
canvasBegPos
8 27
canvasEndPos
1272 712
simSize
17 10
agentPos
2 5
goalPos
10 5
opponentPos
8 5
opponentTrace
8 4
8 3
8 2
9 2
10 2
11 2
12 2
12 3
12 4
12 5
12 6
12 7
11 7
10 7
9 7
8 7
8 6
walls
0 0
0 1
0 2
0 3
0 4
0 5
0 6
0 7
0 8
0 9
1 9
2 9
3 9
4 9
5 9
6 9
7 9
8 9
9 9
10 9
11 9
12 9
13 9
14 9
15 9
16 9
16 8
16 7
16 6
16 5
16 4
16 3
16 2
16 1
16 0
15 0
14 0
13 0
12 0
11 0
10 0
9 0
8 0
7 0
6 0
5 0
4 0
3 0
2 0
1 0
14 1
14 2
14 3
14 4
14 5
14 6
14 7
14 8
15 8
15 7
15 6
15 5
15 4
15 3
15 2
15 1
6 2
6 1
6 7
6 8
