canvasStepSize
51.55 72.9
canvasBegPos
8 27
canvasEndPos
1039 756
simSize
20 10
agentPos
1 5
goalPos
11 2
opponentPos
9 1
opponentTrace
8 1
7 1
7 2
7 3
7 4
8 4
9 4
9 5
9 6
10 6
11 6
12 6
13 6
14 6
14 5
14 4
13 4
12 4
12 3
13 3
13 2
13 1
12 1
11 1
10 1
walls
0 0
0 1
0 2
0 3
0 4
0 5
0 6
0 7
0 8
0 9
2 9
3 9
4 9
5 9
6 9
7 9
8 9
9 9
10 9
11 9
12 9
13 9
14 9
15 9
16 9
17 9
18 9
19 9
19 8
19 7
19 6
19 5
19 4
19 3
19 2
19 1
19 0
18 0
17 0
16 0
15 0
14 0
13 0
12 0
11 0
10 0
9 0
8 0
7 0
6 0
5 0
4 0
3 0
2 0
1 0
1 9
