canvasStepSize
63.2 68.5
canvasBegPos
8 27
canvasEndPos
1272 712
simSize
20 10
agentPos
1 4
goalPos
10 5
opponentPos
8 7
opponentTrace
9 7
10 7
10 8
11 8
12 8
13 8
13 7
13 6
13 5
12 5
12 4
12 3
12 2
13 2
13 1
12 1
11 1
10 1
9 1
8 1
8 2
8 3
8 4
7 4
7 5
7 6
7 7
walls
0 0
0 1
0 2
0 3
0 4
0 5
0 6
0 7
0 8
0 9
1 9
2 9
3 9
4 9
5 9
6 9
7 9
8 9
9 9
10 9
11 9
12 9
13 9
14 9
15 9
16 9
17 9
18 9
19 9
19 8
19 7
19 6
19 5
19 4
19 3
19 2
19 1
19 0
18 0
17 0
16 0
1 0
14 0
15 0
13 0
12 0
11 0
10 0
9 0
8 0
7 0
6 0
5 0
4 0
3 0
2 0
