canvasStepSize
50.56 62.2727
canvasBegPos
8 27
canvasEndPos
1272 712
simSize
25 11
agentPos
1 5
goalPos
19 3
opponentPos
17 1
opponentTrace
17 2
17 3
16 3
15 3
15 4
15 5
15 6
14 6
14 7
14 8
15 8
16 8
17 8
18 8
18 7
18 6
19 6
20 6
20 5
20 4
21 4
22 4
22 3
22 2
21 2
20 2
20 1
19 1
18 1
walls
0 0
0 1
0 2
0 3
0 4
0 5
0 6
0 7
0 8
0 9
0 10
1 10
2 10
3 10
4 10
5 10
6 10
7 10
8 10
9 10
10 10
11 10
12 10
13 10
24 10
23 10
22 10
21 10
20 10
19 10
16 10
14 10
17 10
15 10
18 10
24 9
24 8
24 7
24 6
24 5
24 4
24 3
24 2
24 1
24 0
23 0
22 0
21 0
20 0
19 0
18 0
17 0
16 0
15 0
14 0
13 0
12 0
11 0
10 0
9 0
8 0
7 0
6 0
5 0
4 0
3 0
2 0
1 0
