canvasStepSize
50.56 62.2727
canvasBegPos
8 27
canvasEndPos
1272 712
simSize
25 11
agentPos
1 5
goalPos
23 5
opponentPos
15 1
opponentTrace
15 2
15 3
15 4
14 4
14 5
14 6
14 7
13 7
13 8
13 9
14 9
15 9
16 9
17 9
17 8
17 7
17 6
18 6
18 5
18 4
18 3
19 3
19 2
19 1
18 1
17 1
16 1
walls
0 0
0 1
0 2
0 3
0 4
0 5
0 6
0 7
0 8
0 9
0 10
1 10
2 10
3 10
4 10
5 10
6 10
7 10
8 10
9 10
10 10
11 10
12 10
13 10
14 10
15 10
16 10
17 10
18 10
19 10
20 10
21 10
22 10
23 10
24 10
24 9
24 8
24 7
24 1
24 0
24 2
24 3
24 4
24 5
24 6
23 0
22 0
21 0
20 0
19 0
18 0
17 0
14 0
13 0
12 0
11 0
10 0
9 0
8 0
7 0
6 0
5 0
4 0
3 0
2 0
1 0
15 0
16 0
