0.334286
0.327188
0.267398
0.217995
0.206906
0.207877
0.18139
0.15953
0.153779
0.146326
0.138105
0.133975
0.13229
0.130469
0.130573
0.129314
0.133332
0.125565
0.126499
0.122778
0.121683
0.134295
0.118788
0.116422
0.114688
0.111834
0.109894
0.116311
0.12865
0.109028
0.107314
0.105101
0.115409
0.107802
0.101489
0.100733
0.10127
0.110617
0.0987535
0.0983
0.0958844
0.101319
0.100252
0.0990003
0.0953228
0.100695
0.104123
0.0957314
0.100739
0.100274
0.118031
0.0960091
0.0967101
0.0942862
0.0947188
0.101881
0.111652
0.0935163
0.0923522
0.0917444
0.0903206
0.0896395
0.0873733
0.0849447
0.0837348
0.083679
0.0817413
0.08354
0.0820155
0.0927234
0.0805768
0.0789116
0.0813787
0.0795752
0.0881947
0.0832678
0.076738
0.0714301
0.0667869
0.0649595
0.0615356
0.0563532
0.0529449
0.0516171
0.0487483
0.0465848
0.0441747
0.0422801
0.0418627
0.0407378
0.0397145
0.0380556
0.0365052
0.0360927
0.0361285
0.0357974
0.0356486
0.0386255
0.0361781
0.0368992
0.0445578
0.0360388
0.0404233
0.0354888
0.0351583
0.034726
0.0345268
0.0344498
0.0359613
0.0343235
0.0342475
0.0340776
0.0338957
0.0336492
0.0336099
0.0330112
0.0338919
0.0335749
0.03352
0.0333727
0.0332079
0.0332111
0.0330756
0.0328478
0.0322924
0.0317122
0.0318462
0.0317341
0.0322012
0.0315277
0.0311417
0.0308187
0.0305928
0.0329299
0.0303598
0.0304091
0.0300932
0.0307045
0.0295617
0.0291115
0.0288953
0.0286601
0.0281785
0.0280296
0.0285622
0.0276258
0.027113
0.0271182
0.0278652
0.0281087
0.0264488
0.0256089
0.0259114
0.0260191
0.0256763
0.0250869
0.0242295
0.0239632
0.0238605
0.0240206
0.0236064
0.0232414
0.0234787
0.0226372
0.0226243
0.0226027
0.0229878
0.0227133
0.0247552
0.0222917
0.0225233
0.0223709
0.0225364
0.0219418
0.0201261
0.0225166
0.0168265
0.02221
0.0222305
0.0213948
0.0225082
0.0219924
0.0218195
0.0215625
0.0217063
0.0217517
0.0217216
0.021666
0.0215636
0.0225384
0.0214514
0.0158948
0.0214856
0.020674
0.0231127
0.0213948
0.0218112
0.0257135
0.0509989
0.0207119
0.0223615
0.023545
0.022361
0.0223916
0.0226554
0.0231099
0.0223597
0.0233749
0.0194551
0.0218741
0.0177548
0.021397
0.021526
0.0214518
0.0213646
0.0213616
0.0213222
0.0213638
0.0212167
0.021461
0.0235363
0.0195518
0.0166746
0.0218013
0.0218426
0.0246824
0.0253099
0.0253098
0.0235838
0.0158061
0.0253095
0.0240596
0.0222214
0.0241317
0.0230218
0.0241312
0.0212353
0.0213517
0.0206684
0.027598
0.0211501
0.0212295
0.0220923
0.0207494
0.0211702
0.0211897
0.0238692
0.0212152
0.0190389
0.0239944
0.0212598
0.0211539
0.0210424
0.0202487
0.0165113
0.0212439
0.0211353
0.0205826
0.0228765
0.0211955
0.0211478
0.0242772
0.0233818
0.022866
0.0205713
0.0211097
0.0211066
0.0217612
0.0211469
0.0216529
0.021053
0.0239174
0.0222188
0.0207764
0.0164234
0.0213772
0.0211168
0.020746
0.0210824
0.0225409
0.0201942
0.0226819
0.0193149
0.0213427
0.0164111
0.0211233
0.0226274
0.0197468
0.0210681
0.0202575
0.0227895
0.0208181
0.020485
0.0207267
0.0215279
0.0208683
0.0213014
0.0198413
0.021318
0.0211768
0.0212398
0.0210587
0.0211017
0.0210471
0.021157
0.0210386
0.0209767
0.0209829
0.0210886
0.0210458
0.0209945
0.0210967
0.0212274
0.0219841
0.0206397
0.0219835
0.0210064
0.0220836
0.0205449
0.0262655
0.0195675
0.0210028
0.0209908
0.0209673
0.0211142
0.0212384
0.020989
0.0210297
0.0205552
0.0209349
0.0209737
0.0237982
0.0249804
0.0232591
0.0162863
0.0208562
0.0209352
0.0209469
0.0209327
0.0209098
0.0209994
0.0208737
0.0197174
0.0231795
0.0211039
0.0202284
0.0197075
0.0197028
0.0214364
0.0226619
0.0231789
0.0189649
0.0229066
0.0215681
0.0206188
0.0225335
0.0209309
0.0212043
0.0209033
0.0209603
0.0204876
0.0237576
0.0209202
0.0209157
0.0209534
0.0204197
0.0208461
0.0208954
0.0208889
0.0210261
0.021069
0.0209122
0.0209032
0.02124
0.0208065
0.0208439
0.0208661
0.020984
0.0213632
0.020987
0.021303
0.0208407
0.020844
0.0223163
0.0207743
0.0208504
0.0210985
0.0214575
0.0208663
0.0208421
0.0208205
0.0208145
0.0207824
0.0207893
0.0209186
0.0207963
0.0209806
0.0206858
0.0214126
0.0220925
0.0208086
0.0214222
0.02094
0.0207434
0.0205426
0.020776
0.0210902
0.0208906
0.0201679
0.0206281
0.0207935
0.0207892
0.0206877
0.0208249
0.0207703
0.020801
0.0219195
0.0208206
0.0208068
0.0204864
0.0188641
0.0207814
0.0207833
0.020803
0.0234907
0.02075
0.0198879
0.0221338
0.0217357
0.0199015
0.0227471
0.0202731
0.0207665
0.0209852
0.0220201
0.0211946
0.020655
0.0207434
0.0229067
0.0217232
0.0195221
0.0207307
0.0210429
0.0207053
0.0207261
0.024771
0.0213467
0.0217087
0.0207387
0.0217072
0.021345
0.021707
0.021097
0.0212447
0.019535
0.0207573
0.0165382
0.0207732
0.0213251
0.0209014
0.0208423
0.0207022
0.0206889
0.0205983
0.0218442
0.0209642
0.0206222
0.020917
0.0213039
0.020071
0.022664
0.0187852
0.0229717
0.0209783
0.0206838
0.0219832
0.0208504
0.0206794
0.0219566
0.0206863
0.020598
0.0207983
0.0207627
0.021528
0.0206994
0.0219743
0.0206396
0.0211245
0.0213339
0.0206868
0.0211218
0.0211215
0.0208738
0.0207011
0.0206647
0.0234439
0.0201135
0.0208692
0.020737
0.0206874
0.0194809
0.0222408
0.0204967
0.0205504
0.0159747
0.0207107
0.0206592
0.0206769
0.0187572
0.0206963
0.0210176
0.0212686
0.0207537
0.0194049
0.0206561
0.0206763
0.0206712
0.0219395
0.0229298
0.0203262
0.0207636
0.0206485
0.0206763
0.021266
0.0208028
0.0212547
0.0219342
0.0219342
0.0234142
0.0234141
0.0219336
0.0200298
0.0208388
0.0206355
0.0205568
0.0206235
0.0206614
0.0206103
0.0206811
0.0207472
0.0206382
0.0206221
0.0209315
0.020709
0.0207846
0.0206179
0.0204035
0.0206929
0.020745
0.0206149
0.0200118
0.022595
0.0215558
0.0219112
0.0208719
0.0194316
0.0206144
0.0206145
0.0208884
0.019999
0.0212413
0.0208706
0.0206471
0.0150775
0.0206533
0.0233874
0.0207061
0.0200066
0.0210528
0.0212271
0.0219058
0.0206064
0.0201022
0.020539
0.0202417
0.0187044
0.0207394
0.0210669
0.0206248
0.0209707
0.0211982
0.0206227
0.0203894
0.0206451
0.0203698
0.0206117
0.0205668
0.0206152
0.0210094
0.0205829
0.0202136
0.0208873
0.0206809
0.0205315
0.0205912
0.0206886
0.0191588
0.0206643
0.0207963
0.020704
0.0206264
0.020621
0.0205881
0.0214345
0.0205187
0.0205951
0.0208945
0.0210842
0.020659
0.0206904
0.0218798
0.0207646
0.020641
0.0208286
0.0215233
0.0218783
0.0205932
0.0208214
0.0207691
0.0205741
0.0215161
0.0207278
0.0215156
0.0206717
0.0205794
0.0210263
0.0205647
0.0210054
0.0195317
0.0204913
0.0218616
0.0205615
0.0207591
0.0211923
0.0218613
0.0208574
0.0209785
0.0186743
0.0206363
0.021191
0.019381
0.0203848
0.0211574
0.0225435
0.0225435
0.0233409
0.021718
0.0196977
0.0188566
0.0209722
0.0214079
0.0205339
0.0207391
0.020657
0.020559
0.0208061
0.0201971
0.0202781
0.0205765
0.0233353
0.0211518
0.020995
0.0202455
0.020476
0.0204628
0.0205167
0.0201034
0.0205906
0.0203596
0.0196629
0.0208465
0.0207479
0.0211483
0.0214955
0.0199309
0.0225344
0.0218496
0.0205527
0.0205557
0.0233206
0.0199198
0.0209866
0.0208507
0.0193504
0.0212334
0.0186529
0.021619
0.0206748
0.0206914
0.020736
0.0205859
0.0205555
0.020904
0.0205399
0.0209907
0.0209447
0.0205081
0.0218257
0.0214712
0.0233076
0.0218256
0.0205253
0.0218255
0.0233075
0.0233074
0.0211246
0.0233074
0.0208374
0.0233072
0.0225105
0.0233071
0.0225104
0.0233071
0.0214707
0.023307
0.0221629
0.0204483
0.02251
0.0202572
0.0203882
0.0185329
0.0205223
0.0214535
0.0205592
0.0209402
0.023289
0.0209447
0.0218067
0.0218066
0.0206536
0.0205634
0.0186213
0.0205304
0.0211341
0.020506
0.0232856
0.0207525
0.0211337
0.0209403
0.0232853
0.0218028
0.0211026
0.0220858
0.0232851
0.0232851
0.0211333
0.023285
0.0208721
0.0232848
0.0218023
0.0211021
0.0214484
0.0193157
0.021102
0.0232846
0.0210739
0.0232844
0.0211016
0.0232843
0.016372
0.0207986
0.0205279
0.0205059
0.022478
0.0217914
0.0217913
0.0217913
0.0205032
0.0217896
0.0224762
0.0211201
0.020489
0.0209258
0.0217894
0.0205309
0.0202629
0.0204904
0.0206107
0.0204778
0.023261
0.0200259
0.0208347
0.0227793
0.0210505
0.0232608
0.0188053
0.0232607
0.0232606
0.0210791
0.0217785
0.0232605
0.022465
0.022465
0.0209147
0.0156944
0.0190456
0.0205217
0.0202304
0.0217773
0.0249118
0.0205628
0.0205256
0.0200664
0.0204755
0.0224634
0.0232587
0.0204754
0.0232587
0.0217562
0.0207298
0.0212669
0.0200263
0.0204664
0.0206579
0.0232429
0.0232429
0.0204592
0.020638
0.0206063
0.021081
0.0206177
0.0206627
0.0210886
0.0198487
0.0208747
0.0204919
0.0209182
0.0209891
0.0217549
0.0206593
0.0232376
0.0232376
0.0210762
0.0205588
0.0207059
0.0201314
0.0212207
0.0200013
0.0206514
0.0232365
0.0204551
0.0217532
0.0204809
0.0210536
0.0217523
0.0217523
0.0217522
0.0204512
0.0204539
0.0232348
0.0232348
0.020451
0.0222315
0.0195928
0.0203043
0.0197816
0.0220355
0.0207029
0.0212285
0.0204733
0.0232327
0.0232326
0.0232326
0.0232326
0.0232326
0.0217494
0.0191462
0.0208816
0.0204621
0.0213946
0.023231
0.019263
0.0207551
0.0204079
0.0205211
0.0208786
0.0217463
0.0232295
0.0217462
0.0232294
0.0232294
0.0232294
0.0245191
0.0232293
0.0232293
0.0232293
0.0232292
0.0195594
0.0198468
0.0204478
0.023229
0.0224343
0.0232289
0.0204452
0.0204452
0.0223187
0.0204451
0.0204476
0.022434
0.0210468
0.0217453
0.0210467
0.0207426
0.0215483
0.0204469
0.0192709
0.020623
0.0195015
0.0222019
0.0206226
0.0224331
0.0204439
0.0205932
0.0217443
0.0245176
0.0192596
0.0206219
0.0207074
0.020449
0.0204393
0.023221
0.0204371
0.0213845
0.0217376
0.020437
0.0198208
0.0224264
0.0208691
0.0232207
0.0224263
0.0224262
0.0198286
0.0204368
0.0227405
0.0224261
0.0208687
0.0232204
0.0217371
0.0203602
0.0217369
0.0210385
0.0217368
0.0238854
0.0204912
0.0204376
0.0210232
0.0232197
0.0185541
0.0215716
0.0208681
0.0224251
0.0207336
0.0208678
0.0206204
0.0213828
0.0215309
0.0204369
0.0205002
0.021035
0.0217331
0.0210635
0.0224219
0.0208644
0.0205886
0.0217326
0.0232159
0.0210135
0.0224217
0.020432
0.0207302
0.0192482
0.0204335
0.0204335
0.0224214
0.0232157
0.020823
0.0203806
0.0208627
0.020608
0.020635
0.0202221
0.0217302
0.0210321
0.0217301
0.0208615
0.0198134
0.0217299
0.0217299
0.0217298
0.0232132
0.0210317
0.0204009
0.0204274
0.0257842
0.020006
0.022289
0.0208443
0.0204142
0.0217148
0.020844
0.0201032
0.0217147
0.0217146
0.0217146
0.0210033
0.0210899
0.0206633
0.0231981
0.0208442
0.0204161
0.0204135
0.0206124
0.0231978
0.0185336
0.0213623
0.0191579
0.0204281
0.0224027
0.0231964
0.0224026
0.0208418
0.0210429
0.0224025
0.0231963
0.0217124
0.0231962
0.0217124
0.0204134
0.0204118
0.0204118
0.0208413
0.0206611
0.0206425
0.0204114
0.0210142
0.0208407
0.0205208
0.0231952
0.0210338
0.0231951
0.0227163
0.0217111
0.023195
0.0225978
0.0204126
0.0204065
0.0200929
0.0204797
0.0192326
0.0235848
0.0195498
0.020832
0.0217038
0.0207016
0.0197879
0.0210262
0.0217036
0.0217036
0.0231876
0.0217035
0.0231875
0.0192205
0.021006
0.0197953
0.0215167
0.0210338
0.0231873
0.0197951
0.0197875
0.0204027
0.0217034
0.0231872
0.0210336
0.0210059
0.0231871
0.0204026
0.0210335
0.0200955
0.0185108
0.0231869
0.0200169
0.0201098
0.0215627
0.0205783
0.0202539
0.0231863
0.0248437
0.0231862
0.0231862
0.0231861
0.021702
0.0231861
0.0217019
0.0217019
0.0204016
0.0206998
0.0213496
0.0213496
0.0210662
0.0205278
0.0215105
0.0220419
0.0227075
0.0231849
0.0204005
0.0217011
0.0231849
0.0206313
0.0227071
0.0217012
0.0204088
0.0231824
0.0187
0.0210209
0.0231823
0.0231823
0.0197903
0.0192155
0.0216983
0.0216983
0.0216983
0.0206472
0.0203977
0.0223886
0.0186996
0.023182
0.021698
0.0231819
0.020826
0.0231818
0.0223885
0.0231818
0.0231818
0.0231817
0.0210282
0.0231817
0.0216977
0.0197822
0.0197822
0.0216976
0.0231815
0.0231815
0.0223881
0.0216975
0.0210201
0.0206463
0.0206148
0.0203969
0.0209998
0.023181
0.0223877
0.0213449
0.0215078
0.023181
0.0231809
0.0231809
0.0203982
0.0210274
0.0231808
0.0231808
0.021697
0.0207084
0.0231806
0.0223872
0.0206947
0.0231805
0.0208251
0.0216966
0.0203962
0.0208248
0.0192229
0.0203592
0.0197882
0.0206986
0.0214155
0.0196279
0.0204994
0.0204014
0.0204534
0.0200686
0.0195062
0.0207798
0.01921
0.0205677
0.0216919
0.0208937
0.0223826
0.0216923
0.0231757
0.0213406
0.0216915
0.0226984
0.0211095
0.0200273
0.0223821
0.021691
0.022382
0.0186944
0.0248338
0.0279937
0.0216766
0.0204545
0.020066
0.0205454
0.0231732
0.0206373
0.020567
0.020459
0.0210183
0.0213358
0.0231719
0.0216876
0.0216876
0.0216876
0.0231718
0.0216875
0.0231717
0.0223786
0.0209905
0.0203873
0.0223785
0.0231716
0.0204135
0.0203855
0.0206839
0.0231697
0.0216855
0.0203854
0.0216855
0.0231696
0.0223765
0.0238379
0.0208122
0.0231695
0.0203872
0.0223764
0.0205608
0.0210161
0.021685
0.0209881
0.0231692
0.0216849
0.0216848
0.0216848
0.0231691
0.0186875
0.0216847
0.0210078
0.0223759
0.0203847
0.0231689
0.0203847
0.0231688
0.0231688
0.019203
0.0210151
0.0208111
0.0200635
0.0216841
0.0231685
0.0216852
0.0223754
0.0231684
0.0223754
0.0210147
0.0223753
0.0203841
0.0216839
0.0223752
0.0203861
0.0231681
0.0208102
0.023168
0.0216836
0.0210143
0.0231679
0.0223749
0.0231679
0.0216834
0.0231678
0.0231678
0.0216834
0.0206819
0.0231677
0.0203837
0.0209864
0.0221668
0.0206315
0.0216844
0.0197763
0.0213316
0.0226902
0.0203607
0.0223738
0.0231668
0.0231667
0.0231667
0.0203827
0.0203827
0.0235642
0.0231666
0.0216822
0.0223736
0.0231665
0.0231665
0.0223735
0.0203825
0.0216821
0.0192009
0.0223734
0.021682
0.0216819
0.0209851
0.0231663
0.0231662
0.0226892
0.020427
0.0231655
0.0231655
0.0206798
0.022394
0.0203815
0.0217427
0.0197743
0.0203829
0.0231653
0.0226882
0.0213294
0.0231651
0.0203813
0.0238338
0.0231651
0.0231651
0.0203827
0.020629
0.0203838
0.0208066
0.0231646
0.0231646
0.0231646
0.0203807
0.0197736
0.0216801
0.0208063
0.0221635
0.0223715
0.0210035
0.0209832
0.0216799
0.0203805
0.0216798
0.0208059
0.0203804
0.0221632
0.0200698
0.0231641
0.0231641
0.0216796
0.0216795
0.023164
0.0203803
0.023164
0.0216794
0.0231639
0.0216794
0.0213282
0.0203801
0.0216629
0.0223709
0.0223708
0.0216792
0.0223708
0.0210605
0.02075
0.0203798
0.0208051
0.0231634
0.0231633
0.0216788
0.0215091
0.0203795
0.021679
0.0231632
0.0201723
0.0231631
0.0209822
0.0191979
0.0226866
0.0223701
0.018682
0.0203813
0.0216787
0.0203792
0.0231628
0.0231422
0.0221624
0.0197645
0.0184981
0.0223914
0.0205992
0.021678
0.0186814
0.020068
0.0209813
0.02189
0.0204545
0.0204682
0.0203802
0.0216783
0.0203776
0.0209806
0.0213256
0.0210079
0.0206757
0.0208416
0.0216769
0.0213805
0.0203772
0.0195135
0.0221367
0.0208033
0.0244554
0.0207938
0.0194918
0.0226846
0.0203769
0.0257507
0.0203784
0.0191955
0.0207936
0.0211695
0.021676
0.0213247
0.021676
0.0208024
0.019762
0.0216758
0.0206242
0.0206535
0.0202956
0.0205023
0.0202004
0.0209787
0.0208021
0.0213789
0.0221596
0.0232612
0.0201316
0.0203773
0.0203762
0.0209959
0.0216726
0.0216726
0.0197658
0.0202179
0.0205575
0.0209757
0.0207984
0.0184889
0.020426
0.0206702
0.0216726
0.0202169
0.0206181
0.0205011
0.0209743
0.0216707
0.0209742
0.0209742
0.0216705
0.0216705
0.0203707
0.0203707
0.0244496
0.0210015
0.0210014
0.0216712
0.0203777
0.0204451
0.0213219
0.0202963
0.0201173
0.0204275
0.0203968
0.0205697
0.0221462
0.020797
0.0203618
0.0216455
0.0204769
0.0203697
0.0203903
0.020361
0.0203751
0.019694
0.0184788
0.0208936
0.0165747
0.0225463
0.0198691
0.0203631
0.0203609
0.0203492
0.0201399
0.0204608
0.0209773
0.0203465
0.0209512
0.0204432
0.0216466
0.0206451
0.0216332
0.02037
0.0203459
0.0202072
0.0204937
0.0203437
0.0203532
0.0206377
0.0203406
0.0203484
0.0203295
0.0203283
0.0203352
0.0206228
0.0205725
0.0203532
0.0191536
0.0203425
0.0204139
0.023106
0.0231059
0.0203202
0.0209512
0.0209262
0.0232082
0.0216212
0.0209261
0.0203201
0.0201653
0.021621
0.0214513
0.0231057
0.0216213
0.020951
0.0237774
0.0209262
0.0209261
0.0216211
0.021621
0.021621
0.021621
0.0197067
0.0203211
0.0209507
0.0216208
0.0216208
0.0203221
0.0186827
0.0204003
0.0207252
0.0226316
0.0203307
0.0213231
0.0203709
0.0203529
0.0216174
0.0231016
0.0214387
0.0186199
0.0209979
0.0194312
0.0231015
0.0184403
0.0203164
0.020918
0.0215972
0.0203433
0.020345
0.0196972
0.0206098
0.0216111
0.0230959
0.0191312
0.0230958
0.0203246
0.0216106
0.0216101
0.0211587
0.0223037
0.02161
0.0237667
0.0216661
0.0203013
0.0203308
0.0213121
0.0203602
0.0220935
0.02093
0.0216071
0.0217796
0.0220933
0.0203987
0.0211556
0.0216068
0.0230917
0.0216067
0.0230916
0.019693
0.0207228
0.0207163
0.0207361
0.0197583
0.0202272
0.0206131
0.0203537
0.0203028
0.0203909
0.0202186
0.0204878
0.0204122
0.0203228
0.0203096
0.0203081
0.0201922
0.0205244
0.0196851
0.0209217
0.0199879
0.0203282
0.0194459
0.0202993
0.0203389
0.0203248
0.0208335
0.0191164
0.0204794
0.0208754
0.0210649
0.0209251
0.0212995
0.0212768
0.0192582
0.0215951
0.0209706
0.0204389
0.0203423
0.020243
0.0205422
0.0204927
0.021594
0.021594
0.0230791
0.0202052
0.020295
0.0209162
0.0203414
0.0201901
0.0215926
0.0202931
0.0203288
0.0230773
0.0196787
0.0215922
0.0203916
0.0230772
0.0222865
0.0204984
0.0202906
0.0209216
0.0191219
0.0207076
0.0205905
0.0208974
0.0200839
0.0202903
0.0243742
0.0203258
0.0206012
0.0201143
0.0196769
0.0191112
0.0185945
0.0215903
0.0215903
0.020289
0.0215902
0.020708
0.020289
0.020289
0.0222848
0.0222848
0.0215907
0.0222847
0.02159
0.02159
0.0204887
0.020291
0.0215898
0.0215897
0.0196764
0.0209196
0.0191107
0.024743
0.0203136
0.0215892
0.0215891
0.0230744
0.0203926
0.020281
0.0230715
0.0230715
0.0208923
0.022281
0.0230714
0.0207039
0.0202989
0.0205135
0.020284
0.0222783
0.0222783
0.0202821
0.0230686
0.0208895
0.0230686
0.0230686
0.0222781
0.0215834
0.0230685
0.0209131
0.0215833
0.0220706
0.020913
0.0215832
0.0230684
0.0230683
0.0230683
0.0208892
0.0202818
0.0202818
0.0230682
0.0230682
0.0222778
0.021583
0.0230682
0.0243662
0.0215829
0.0207002
0.0215828
0.0222777
0.0215828
0.0220702
0.023068
0.0205249
0.0208887
0.0218699
0.0205816
0.0208886
0.0215825
0.0191039
0.0230678
0.0215831
0.0191038
0.0208884
0.0204594
0.0215822
0.0205813
0.0205929
0.0222771
0.0196691
0.0191035
0.0191035
0.022277
0.0208881
0.020281
0.020281
0.0215819
0.0215827
0.0208879
0.0230672
0.0215818
0.0191033
0.0214276
0.021582
0.0196688
0.0206996
0.0222767
0.0215819
0.0208879
0.0234668
0.0202422
0.0186233
0.0203088
0.0230657
0.0208865
0.0208865
0.0237392
0.0215803
0.0202792
0.0199588
0.020285
0.0230614
0.0215761
0.0215761
0.020693
0.0202768
0.0230613
0.0230612
0.022271
0.0230612
0.0230612
0.0202747
0.0230611
0.0206927
0.021225
0.0209748
0.021225
0.0215756
0.0190972
0.0215613
0.0206453
0.0230608
0.0203832
0.0208816
0.0218628
0.0215753
0.0215752
0.0215752
0.0222704
0.0190969
0.0215751
0.0190968
0.0196689
0.0215751
0.020274
0.020274
0.0201632
0.0215748
0.02227
0.0215748
0.0215747
0.0209046
0.0230601
0.0215746
0.0215746
0.0230601
0.0230601
0.02306
0.0222698
0.02306
0.0192329
0.0201801
0.0231632
0.0202756
0.0222693
0.0208802
0.0230594
0.0230594
0.0230593
0.0215738
0.0205371
0.0190993
0.0215737
0.0202728
0.0204057
0.022269
0.0208798
0.0215735
0.0215735
0.0208798
0.0208797
0.0202726
0.0202726
0.0202726
0.0196674
0.0222688
0.0199632
0.0196607
0.0222687
0.0222687
0.0222686
0.0183835
0.0215732
0.0196673
0.0206894
0.0215731
0.0202724
0.0199704
0.0202736
0.0215729
0.0190949
0.0215729
0.0202722
0.0215728
0.0202721
0.0202721
0.0215728
0.020689
0.020879
0.0215726
0.0215726
0.0215726
0.0215726
0.020272
0.0215725
0.0202719
0.0208788
0.0215736
0.0190946
0.0202718
0.0208787
0.0215723
0.0206885
0.0230581
0.023058
0.0222679
0.0202717
0.0183805
0.0215723
0.022268
0.0202085
0.0202714
0.0215719
0.0196661
0.0209019
0.0196595
0.0214226
0.0190938
0.0190938
0.0214056
0.0208787
0.0204431
0.0199617
0.020387
0.0215717
0.0202635
0.0206864
0.0215703
0.0230556
0.0202693
0.0230556
0.0220592
0.0205122
0.0205694
0.0230555
0.0230555
0.0230554
0.0230554
0.0230554
0.0208764
0.02157
0.020686
0.0215707
0.0215698
0.020269
0.0205118
0.0204248
0.0202688
0.0220585
0.0215704
0.0202704
0.0230549
0.0215694
0.0215694
0.0190915
0.0215693
0.0206859
0.0204616
0.0204008
0.020468
0.0225828
0.019097
0.0215589
0.020685
0.0237286
0.0199587
0.0206848
0.0230541
0.0230541
0.0222641
0.0183813
0.0206042
0.0215683
0.023054
0.0202678
0.0202677
0.0202677
0.0215682
0.0190906
0.022264
0.0215682
0.019656
0.0202676
0.0215681
0.0214126
0.0212179
0.0230538
0.0202675
0.0202675
0.0190903
0.0221474
0.0231582
0.0222636
0.0222636
0.0193834
0.0196557
0.0230535
0.0203379
0.0212175
0.0185727
0.020267
0.0215678
0.0185727
0.022057
0.0230532
0.0202682
0.0211589
0.0211588
0.020874
0.022263
0.0225817
0.022263
0.0190896
0.0215674
0.0215674
0.0183804
0.0183725
0.020238
0.0185715
0.0215663
0.0215663
0.0215672
0.0222619
0.0214032
0.0190876
0.0206826
0.0230519
0.019654
0.0237268
0.0196539
0.0215664
0.0194075
0.019079
0.0202679
0.0215666
0.0213925
0.0196541
0.0190885
0.0222622
0.0205087
0.0202656
0.023052
0.0215666
0.0215666
0.0212726
0.0203712
0.0208732
0.0237272
0.0215665
0.0206837
0.0230515
0.0215663
0.0222615
0.0230514
0.0222615
0.0213695
0.0222617
0.0230516
0.0215666
0.0215666
0.0222616
0.0230515
0.0215665
0.0230514
0.0202663
0.0202409
0.0204364
0.0183689
0.0202644
0.0208721
0.0202643
0.0215655
0.0215654
0.0222607
0.0208719
0.0222607
0.0202642
0.0230505
0.0215652
0.0205644
0.0230504
0.0230503
0.0205352
0.0202045
0.0209296
0.0202653
0.0204016
0.0199536
0.0220535
0.0202649
0.020367
0.0193784
0.0196508
0.0230485
0.0220528
0.0202622
0.021563
0.0230484
0.0230483
0.0213852
0.0205054
0.0202926
0.020264
0.0208357
0.0183772
0.0204401
0.022258
0.0205106
0.0205256
0.0199521
0.0205044
0.0202634
0.0230471
0.0243476
0.0203291
0.0196545
0.0215472
0.0203355
0.0224518
0.0199501
0.0202615
0.0202588
0.0201236
0.0202213
0.0202236
0.020222
0.0202592
0.0194063
0.0200504
0.0222563
0.0204897
0.0205647
0.0208247
0.0199469
0.0230424
0.0211058
0.020258
0.0201326
0.0198492
0.0208864
0.0204059
0.0202578
0.0202464
0.020714
0.0193629
0.0205106
0.0202921
0.01994
0.0205596
0.0213731
0.0237088
0.0206629
0.0196346
0.0196484
0.020247
0.0202448
0.0207812
0.0224364
0.0208519
0.0196324
0.0202455
0.0190764
0.0203818
0.020243
0.0202202
0.0202472
0.0213828
0.0203942
0.0202397
0.0215413
0.019635
0.0231317
0.0202415
0.0205404
0.0205404
0.0202413
0.0202411
0.0206409
0.0213718
0.0208705
0.0225567
0.0215411
0.0202405
0.021541
0.0190632
0.0202168
0.018238
0.0183656
0.0203021
0.0215273
0.0206559
0.0202388
0.0237018
0.0190627
0.0210077
0.0204803
0.0202399
0.020654
0.0230256
0.0278574
0.0202386
0.0215399
0.0190625
0.0190625
0.0222363
0.0222363
0.0208471
0.0215909
0.020847
0.0222362
0.0222362
0.0215397
0.0190671
0.0208693
0.0190623
0.0201969
0.0208692
0.0208467
0.0202382
0.0215394
0.0196336
0.0224313
0.0202381
0.0215393
0.0202381
0.0208465
0.0198764
0.0201513
0.0201834
0.0208459
0.0208682
0.0206543
0.0213791
0.0206528
0.0203695
0.0193862
0.0185435
0.0231295
0.0190612
0.0211883
0.0215384
0.0237002
0.0198307
0.0205013
0.0201956
0.021188
0.0215381
0.0215381
0.0208454
0.0190608
0.021538
0.0215387
0.0208676
0.0215379
0.0215378
0.0202367
0.0208451
0.0183503
0.0204858
0.0205373
0.0231286
0.020845
0.0199277
0.0211039
0.0202382
0.0202383
0.0210863
0.0202246
0.0202204
0.0206531
0.0204063
0.0202363
0.0202463
0.0215182
0.0202744
0.0202295
0.0202262
0.0197615
0.0202824
0.020346
0.019707
0.0230126
0.0230126
0.0185323
0.0222237
0.0230126
0.0211765
0.0231171
0.0236885
0.0203868
0.0209262
0.0225426
0.0217242
0.0205259
0.0201829
0.0215264
0.0222233
0.0202248
0.0230122
0.0222232
0.0230121
0.0201827
0.0202259
0.0230121
0.023012
0.0222231
0.0208338
0.020201
0.021526
0.0202246
0.0208337
0.021526
0.0215259
0.0208336
0.0208493
0.0202244
0.0202416
0.0202255
0.0196133
0.0185308
0.0208547
0.0185307
0.0215251
0.0190483
0.0206372
0.0202315
0.0215225
0.0206344
0.020221
0.0215224
0.020221
0.0202209
0.0215224
0.0215223
0.0215223
0.0208301
0.0215223
0.0225383
0.0202208
0.020634
0.0215221
0.0196104
0.0215221
0.0230082
0.0196104
0.0196104
0.0202045
0.0208456
0.0203903
0.0185278
0.0222192
0.0201776
0.0215218
0.0196102
0.0222192
0.0222191
0.0222191
0.0205214
0.0196101
0.0183473
0.023684
0.022219
0.0215215
0.0202216
0.0198142
0.0202203
0.0208292
0.0208511
0.0208511
0.0211716
0.0208291
0.02046
0.0190449
0.0202201
0.0206326
0.0222187
0.0208289
0.0222187
0.0196097
0.0201957
0.0205316
0.0202217
0.0202614
0.0202273
0.0202331
0.0204172
0.0215181
0.0230042
0.0202514
0.0222135
0.0222134
0.0230021
0.0230021
0.0231069
0.023002
0.0202145
0.023002
0.0196042
0.0224082
0.0222133
0.0215159
0.0215158
0.0202143
0.0208453
0.0215158
0.0201712
0.0208237
0.0204541
0.0222131
0.0190393
0.0222131
0.0202142
0.0208235
0.0202142
0.0215155
0.0208235
0.0202157
0.022213
0.0215154
0.0206265
0.0230016
0.0202045
0.0202159
0.0202262
0.0199037
0.0202172
0.0215102
0.0222074
0.0222074
0.0208182
0.0215101
0.02151
0.02151
0.0213473
0.0208395
0.0202403
0.0203214
0.0215097
0.0236731
0.0215097
0.0215096
0.0222067
0.0202073
0.0208177
0.0211591
0.0208176
0.0203773
0.0224016
0.0208174
0.0215092
0.0208034
0.0222067
0.0202088
0.0205088
0.0215095
0.0202072
0.0208176
0.0208176
0.0215094
0.0202071
0.0208384
0.020207
0.0229949
0.0199623
0.019032
0.0208173
0.0222062
0.0222062
0.02298
0.0231009
0.0215089
0.0211585
0.0222061
0.0202067
0.0215087
0.0185136
0.0208317
0.0208168
0.0213273
0.0215091
0.0206213
0.0202067
0.0208172
0.0195967
0.022206
0.0215089
0.022206
0.0206208
0.0202977
0.0205183
0.0200593
0.0202041
0.0201917
0.0184984
0.0214924
0.0214924
0.0201903
0.0201903
0.0190163
0.020801
0.0202116
0.0201982
0.0201889
0.0201865
0.0190126
0.0205579
0.0201694
0.0203614
0.0206034
0.0201862
0.0201862
0.0214883
0.0221866
0.0190123
0.0214882
0.0201861
0.0196666
0.0201861
0.0221865
0.0195766
0.0214881
0.020186
0.020186
0.0198777
0.01964
0.0214878
0.0198805
0.0214878
0.0214877
0.0201857
0.0184939
0.0229741
0.0229741
0.0229741
0.0229741
0.0211379
0.0221861
0.0221861
0.021194
0.0211379
0.0197798
0.0200624
0.0202547
0.0202691
0.0215333
0.0203156
0.0203536
0.0211373
0.0204867
0.0221855
0.020185
0.0203358
0.0223796
0.0204967
0.0201863
0.021137
0.0201859
0.0205965
0.020816
0.0207953
0.0229729
0.0200971
0.0219779
0.0208156
0.0214863
0.0236505
0.0184926
0.0225039
0.0188834
0.0229727
0.0221848
0.0214861
0.0205942
0.021486
0.0229726
0.0229726
0.0221847
0.0207948
0.0190104
0.0221847
0.0200315
0.0201586
0.0214858
0.0214858
0.0211363
0.0214857
0.02365
0.0195746
0.020184
0.0195804
0.0195803
0.0203522
0.0196934
0.020185
0.018492
0.0195872
0.0195743
0.0201849
0.0242747
0.0207942
0.0205933
0.0230773
0.0184919
0.0201836
0.0190098
0.0213555
0.0204148
0.0214854
0.0214853
0.0190095
0.0214853
0.0198751
0.0214852
0.020794
0.0205935
0.0237791
0.0201832
0.0190094
0.0195738
0.0190093
0.0214851
0.021485
0.0213414
0.0208144
0.0201831
0.0201388
0.020794
0.0190092
0.0201387
0.0209496
0.0209389
0.0220659
0.0180757
0.019008
0.020811
0.021333
0.022504
0.0214851
0.0221836
0.0208141
0.0207939
0.0201828
0.021532
0.0221834
0.0204141
0.020594
0.0229712
0.0201827
0.0221834
0.0204945
0.0221833
0.0214849
0.0214849
0.0221832
0.0214848
0.022971
0.01849
0.0201825
0.0229709
0.0221831
0.0230776
0.0202693
0.020184
0.0214844
0.0214844
0.0192992
0.0229706
0.0242739
0.0208134
0.020138
0.0200007
0.0221825
0.0198737
0.0221824
0.0208131
0.0236488
0.0221824
0.0221824
0.0229701
0.0190079
0.0207927
0.0221823
0.0214837
0.0195724
0.0214837
0.0214841
0.0221822
0.0221822
0.0229699
0.0229699
0.0205923
0.0208078
0.0198733
0.0207923
0.0201826
0.0214833
0.0229697
0.0229697
0.0221819
0.0213244
0.0214836
0.0190076
0.022182
0.0201814
0.0208127
0.0207924
0.0214835
0.0214834
0.0214834
0.0214834
0.020493
0.0201813
0.0242731
0.0214832
0.0214832
0.0221817
0.0214831
0.020792
0.0214831
0.021483
0.0190073
0.021483
0.0190072
0.0204899
0.020181
0.023648
0.0194212
0.0218278
0.0203631
0.0204923
0.0205911
0.0214823
0.0207912
0.022181
0.0214822
0.0214822
0.0207911
0.0221809
0.0195712
0.0198723
0.0214821
0.0214821
0.020791
0.0190066
0.0221835
0.020304
0.0201802
0.0201801
0.0214817
0.0214817
0.0201547
0.021329
0.0201801
0.0201801
0.021482
0.0214819
0.0233697
0.0205907
0.0217001
0.0214817
0.0207906
0.0221804
0.0195707
0.0201799
0.0184877
0.0201799
0.0184877
0.0214816
0.0214815
0.0201798
0.0204915
0.0201798
0.0221802
0.0221802
0.0225518
0.019006
0.0207903
0.0205899
0.0208106
0.0214812
0.0204286
0.0207901
0.0214811
0.021481
0.02218
0.0195702
0.0200253
0.0221799
0.0214809
0.0195702
0.0214711
0.0229675
0.0214808
0.0207898
0.0221797
0.0207897
0.0221797
0.0201793
0.0207897
0.0214807
0.0203476
0.0201792
0.0207895
0.0213286
0.0221797
0.0214809
0.0204808
0.0214808
0.0201792
0.0214807
0.0201792
0.0221795
0.0214807
0.0214806
0.0207896
0.0214806
0.0214806
0.0207895
0.0180764
0.0195697
0.0190052
0.0214804
0.0190052
0.0195697
0.0214803
0.0214803
0.0214803
0.0195696
0.0204804
0.0214802
0.0180741
0.02018
0.0201788
0.0201788
0.022374
0.0193031
0.0221791
0.0195694
0.020789
0.0201787
0.0211309
0.0214799
0.0184865
0.022179
0.0207889
0.0190048
0.0221789
0.0221789
0.0201785
0.0195693
0.0214798
0.0201785
0.0208038
0.0201784
0.0190047
0.0214796
0.0204899
0.0214796
0.0201783
0.0214795
0.0221787
0.0214795
0.0201783
0.0201783
0.0207884
0.0224988
0.020644
0.0214793
0.0211303
0.0195689
0.0201781
0.0201781
0.0214792
0.0201781
0.0207882
0.0221784
0.0198699
0.020178
0.0207882
0.0221949
0.0209733
0.0198697
0.0196877
0.0203268
0.0199736
0.0201788
0.0190034
0.0214782
0.0214781
0.0221774
0.0214781
0.0201372
0.0214779
0.0190032
0.0190032
0.0214778
0.0201767
0.0214778
0.0214778
0.0201767
0.0214778
0.020802
0.0207867
0.020478
0.0201766
0.0214776
0.0214776
0.0214776
0.0242682
0.0184848
0.0214775
0.0214775
0.0207865
0.0195673
0.0221768
0.0214665
0.0214774
0.0207864
0.0214774
0.0201764
0.0203148
0.0204251
0.0214771
0.0207862
0.0201762
0.0207922
0.0190025
0.0195669
0.0221765
0.0195669
0.0207864
0.0214773
0.0214772
0.0207863
0.0214772
0.020414
0.0214771
0.020176
0.0214771
0.0202824
0.0224965
0.0213263
0.0214772
0.0208012
0.0201759
0.0201308
0.0214771
0.0205326
0.021477
0.0201757
0.020786
0.0201757
0.0215237
0.0214768
0.0207859
0.0201756
0.0203059
0.0198862
0.0214765
0.0214765
0.0207822
0.0214777
0.0208427
0.0201753
0.0214766
0.0201753
0.0214766
0.0201752
0.0201752
0.0229632
0.0203308
0.0236425
0.0207854
0.0208058
0.0205848
0.0214762
0.0205847
0.0203823
0.0201749
0.0205916
0.0214759
0.020785
0.0201748
0.0195656
0.0221751
0.020785
0.0214758
0.0214758
0.0201758
0.0214757
0.0214757
0.0207848
0.0201746
0.0201761
0.0214768
0.0207847
0.0207847
0.0214755
0.019001
0.0214755
0.0207846
0.0207097
0.0201756
0.0201744
0.0214753
0.0214753
0.0201744
0.0207844
0.0207844
0.0221747
0.0214752
0.0195652
0.0203749
0.0201743
0.0213225
0.0207846
0.0224956
0.0184821
0.0188725
0.0229622
0.0229622
0.0229621
0.0246401
0.02464
0.02464
0.0189526
0.0224953
0.0201285
0.021475
0.021475
0.020174
0.020174
0.0214749
0.0192979
0.0219688
0.0204753
0.019324
0.0236412
0.0207992
0.0198686
0.021521
0.0214669
0.0205826
0.0184818
0.0205882
0.0205905
0.019768
0.0208043
0.0203791
0.01957
0.0214745
0.0201477
0.0201734
0.0221738
0.0214743
0.0201734
0.0201733
0.0194342
0.0207121
0.0195641
0.0207833
0.0229466
0.0221736
0.0189996
0.0207832
0.021474
0.0207831
0.0221761
0.0242653
0.0214739
0.0221734
0.0229609
0.0229609
0.0221734
0.0229609
0.0214738
0.0214737
0.0229608
0.0221733
0.0229608
0.0229608
0.0229607
0.0214736
0.0229607
0.0221732
0.0229607
0.0214736
0.0221731
0.0214735
0.0207981
0.0201728
0.0201728
0.0229605
0.0214734
0.0214734
0.0201727
0.0214734
0.0221729
0.0207825
0.0214733
0.0214733
0.0214732
0.0221729
0.0221729
0.0195635
0.0221728
0.0221728
0.0184807
0.0214731
0.0214731
0.0214731
0.0215193
0.0205891
0.021473
0.0192958
0.0207821
0.0201724
0.0207821
0.0195633
0.0195633
0.0221726
0.0221726
0.020782
0.0201723
0.020782
0.0214727
0.0214727
0.0214727
0.0201723
0.0182928
0.02296
0.02296
0.0214726
0.0229599
0.0214637
0.0204835
0.0214725
0.0189987
0.0229598
0.0201721
0.0182863
0.0188642
0.0207818
0.0214725
0.0201722
0.0214725
0.0214725
0.0207817
0.0221724
0.0214724
0.0221724
0.0221723
0.0221723
0.0184803
0.0211242
0.0229597
0.020172
0.020172
0.0214722
0.0198639
0.0204807
0.0201733
0.0195627
0.022172
0.0229594
0.0194041
0.0205797
0.0188609
0.0204809
0.020172
0.021124
0.0210658
0.0217626
0.0221744
0.020797
0.0221719
0.0229593
0.0224921
0.0201716
0.0213345
0.0236389
0.021472
0.0219664
0.0229592
0.0229591
0.0214719
0.0180543
0.0246366
0.0203719
0.0221717
0.0207811
0.0195623
0.0221716
0.022959
0.020781
0.0214717
0.0201713
0.0207809
0.0221715
0.0213225
0.0207812
0.0184791
0.0214719
0.0201712
0.0214718
0.0242637
0.0214718
0.0201711
0.0214717
0.0205798
0.0246365
0.0214716
0.0214715
0.020171
0.0214715
0.0214715
0.0224922
0.0214714
0.0207806
0.0198028
0.0214716
0.0214715
0.0207807
0.0201711
0.0201722
0.0229441
0.0180508
0.0214715
0.0221714
0.0221713
0.0214714
0.020171
0.0207806
0.0229586
0.0229586
0.0201709
0.0221711
0.0201709
0.0207804
0.0195618
0.022171
0.0214711
0.021471
0.0184788
0.0184788
0.0224917
0.0214709
0.0214709
0.0214709
0.0201706
0.0213201
0.0221709
0.0221708
0.0214711
0.0229582
0.021471
0.0208009
0.0221707
0.0214709
0.018997
0.0195614
0.020587
0.0204817
0.0214707
0.0201703
0.0184782
0.0221704
0.0221704
0.0229578
0.0229577
0.0189967
0.0230652
0.0201701
0.0201701
0.0211221
0.019561
0.0214704
0.0206357
0.021122
0.0216898
0.0203254
0.0199252
0.0211217
0.0214699
0.0201696
0.0214699
0.0214698
0.0207791
0.0207791
0.0201695
0.0201695
0.0224906
0.0213144
0.0189961
0.0205786
0.022957
0.0207793
0.018996
0.0214699
0.0201694
0.0214699
0.0195604
0.0221695
0.0214698
0.0207791
0.0214697
0.0201693
0.020779
0.0213027
0.0201694
0.0207794
0.0201694
0.02147
0.02147
0.0201693
0.0201693
0.018477
0.0207792
0.0214699
0.0207791
0.0221693
0.02129
0.0229571
0.0214703
0.0189959
0.0189959
0.0189959
0.0207795
0.0214701
0.0201693
0.0229569
0.0207794
0.02147
0.02147
0.0207792
0.0219653
0.0203075
0.0207789
0.0214696
0.0214696
0.0214695
0.0236373
0.0214694
0.022491
0.0180607
0.0214693
0.0221689
0.0214693
0.0201688
0.0214692
0.0201688
0.0207785
0.0229562
0.0229562
0.0214691
0.0214691
0.0229561
0.0229561
0.0207783
0.0195596
0.0207783
0.0214689
0.0201686
0.0207782
0.0214688
0.0229559
0.0214688
0.0201685
0.0214687
0.0229559
0.0229558
0.0214687
0.0195594
0.0214686
0.0207779
0.0212976
0.0182855
0.0211222
0.0204065
0.0200328
0.0214703
0.0200452
0.0208527
0.0202888
0.0217595
0.0202814
0.0211198
0.0229552
0.021468
0.0229551
0.0207773
0.0229551
0.0212964
0.0201679
0.0189945
0.0229553
0.0229553
0.0229552
0.0214683
0.0214682
0.0219637
0.0221677
0.0214681
0.0214681
0.0229551
0.0207774
0.0201676
0.021468
0.021468
0.0242607
0.0204319
0.021515
0.0207771
0.0200768
0.0200607
0.0211187
0.0204772
0.0236352
0.0205833
0.0201682
0.0185222
0.0201116
0.0184743
0.0207617
0.020478
0.0201876
0.0207964
0.0201671
0.0214664
0.0214664
0.0207758
0.019557
0.0224879
0.0202721
0.0198577
0.0207909
0.0201657
0.0207754
0.0189924
0.0221657
0.0201656
0.0202099
0.0192826
0.0229527
0.020961
0.0201653
0.0236334
0.0207749
0.0229526
0.0229526
0.0214654
0.0221652
0.0236333
0.018992
0.0214654
0.0214653
0.0215119
0.0196894
0.0201671
0.0189916
0.0207743
0.0214648
0.0203826
0.0204131
0.0200288
0.0207738
0.0214644
0.0213077
0.0200888
0.0195553
0.0214644
0.0224858
0.020138
0.0204652
0.0195608
0.0214642
0.0255705
0.0229513
0.0207736
0.0229513
0.0201651
0.0214641
0.0207735
0.021464
0.0221639
0.0215103
0.0214639
0.0242567
0.0230587
0.0214638
0.0201638
0.0184721
0.0189907
0.0201638
0.0201637
0.0207732
0.0214637
0.0214637
0.0221637
0.0214637
0.0221637
0.0214636
0.0201636
0.0214636
0.0213062
0.0201637
0.0207734
0.0214639
0.0214639
0.0205203
0.0214637
0.0214637
0.0214637
0.0207731
0.0214636
0.0214636
0.0195546
0.0214635
0.0201634
0.0201634
0.0214635
0.0214635
0.0221634
0.0214634
0.0221634
0.0214634
0.0214633
0.0215098
0.0246294
0.0201633
0.0214632
0.0207727
0.0214632
0.0214631
0.0214631
0.0201632
0.0213013
0.0195545
0.0195545
0.0201633
0.0214634
0.0215103
0.0229505
0.0229505
0.0221632
0.0229505
0.0214633
0.0214632
0.0221803
0.0207883
0.0201642
0.0207725
0.0229503
0.021463
0.021463
0.021463
0.0229502
0.018291
0.0219583
0.0214628
0.0214627
0.0230581
0.0214627
0.0221628
0.0214626
0.0214626
0.0214626
0.0214626
0.0214625
0.0201628
0.0214625
0.0214625
0.0214624
0.0214624
0.0214624
0.0236307
0.0214623
0.0214623
0.0242556
0.0195538
0.0229498
0.0229497
0.0211717
0.0217537
0.0221624
0.0207925
0.0203993
0.0201625
0.0201636
0.0229495
0.0229495
0.0195536
0.0184707
0.0201624
0.0221622
0.0207714
0.0201623
0.0229494
0.0229494
0.0214618
0.0221621
0.0224835
0.0214618
0.0229493
0.0214618
0.0207712
0.0195534
0.0201622
0.0201622
0.0214617
0.0205694
0.0195534
0.0184706
0.0185165
0.020792
0.0201755
0.0201614
0.0213129
0.0189884
0.0201614
0.0207708
0.0229485
0.0229485
0.0221613
0.0229485
0.0214611
0.0214611
0.0214611
0.021461
0.021461
0.0195525
0.0207705
0.021461
0.0201612
0.0214609
0.0213004
0.0189883
0.0230569
0.0185078
0.0236298
0.0201613
0.0214611
0.0189881
0.0189881
0.0189881
0.0198532
0.0201612
0.0201611
0.021461
0.0221611
0.0230566
0.0201611
0.018988
0.022483
0.0214608
0.020161
0.0207703
0.0214608
0.0214607
0.0229481
0.0207702
0.022948
0.0201609
0.0214606
0.022948
0.022948
0.0229479
0.0221607
0.0214605
0.0189878
0.0214605
0.0229479
0.0221607
0.0229478
0.0201138
0.0189877
0.0201607
0.0214603
0.0214603
0.0195519
0.0195519
0.0205318
0.0189876
0.0207697
0.0221604
0.0214601
0.0221604
0.0229475
0.0207696
0.02146
0.02146
0.0229475
0.02146
0.02146
0.0201604
0.0229474
0.0229474
0.0214599
0.0229474
0.0201604
0.0229473
0.0229473
0.0215059
0.0207693
0.0214597
0.0229472
0.0229472
0.0207693
0.0195515
0.0242533
0.0213057
0.0205683
0.0214599
0.0221601
0.0195515
0.0203277
0.0200039
0.0219553
0.0224816
0.020161
0.019956
0.0189789
0.0205671
0.02016
0.0219554
0.0213031
0.0195513
0.020461
0.0219559
0.0230555
0.0217514
0.0204608
0.0206255
0.0201598
0.0214594
0.0189867
0.0201597
0.0229468
0.0221596
0.018262
0.0207691
0.0207898
0.0221598
0.0242531
0.0189867
0.0214593
0.0221597
0.0214593
0.0221596
0.0230549
0.0214592
0.0184678
0.0214591
0.0201596
0.0201595
0.0221594
0.021459
0.0242527
0.0207685
0.0230546
0.0201594
0.0214589
0.0201594
0.0214588
0.0201593
0.0201593
0.0184676
0.0214587
0.0221591
0.0184676
0.0201592
0.0205662
0.0201603
0.0207682
0.0224807
0.0207681
0.0207842
0.0217502
0.020036
0.0202266
0.0246244
0.0202391
0.020279
0.0205738
0.0211094
0.0214569
0.0214569
0.0201575
0.0207665
0.0189847
0.0214568
0.0221573
0.0189846
0.0195488
0.0201574
0.0195487
0.018466
0.0229443
0.0201574
0.0214567
0.0214567
0.0214567
0.0189845
0.0201573
0.0214566
0.0221571
0.0229442
0.0214566
0.0213118
0.0229442
0.0207665
0.0201572
0.0201572
0.0189844
0.0189844
0.0214568
0.0207664
0.0214567
0.0201571
0.0214567
0.0201571
0.0214566
0.0201571
0.0214566
0.0214566
0.0201571
0.0214565
0.0195484
0.020157
0.0195539
0.0195483
0.0214564
0.020157
0.0214564
0.0189841
0.0221567
0.0195483
0.0221567
0.0214563
0.0201094
0.0201569
0.0214562
0.0201568
0.026626
0.0184653
0.0207819
0.0201568
0.0246228
0.0214561
0.0201567
0.0214561
0.0229436
0.021456
0.0236249
0.0201567
0.0201567
0.0214559
0.0205634
0.0204718
0.0229436
0.0201584
0.0193075
0.0211798
0.0229434
0.0184869
0.0215021
0.0221565
0.0189837
0.0229435
0.0207656
0.0195479
0.0236249
0.0201565
0.0221564
0.0201564
0.0182619
0.0201296
0.0224783
0.0236249
0.0214559
0.0184649
0.0189836
0.0182556
0.0202432
0.0180348
0.0229438
0.019548
0.0213036
0.0201567
0.020766
0.0214562
0.0207659
0.0214562
0.0184648
0.0207658
0.0230521
0.021456
0.0189835
0.0184647
0.0214559
0.0189835
0.0221596
0.0189834
0.0214558
0.0229433
0.0201563
0.0214557
0.0214557
0.0214556
0.0214556
0.0195475
0.0201562
0.0214555
0.0221561
0.0214555
0.0221729
0.020765
0.020156
0.0195473
0.0214553
0.0214553
0.0201559
0.0201559
0.018983
0.0207649
0.0221558
0.0184642
0.0184646
0.0201562
0.0207652
0.0214554
0.020108
0.021501
0.0214553
0.0214553
0.0214552
0.0214552
0.0213018
0.020563
0.022943
0.0214554
0.022943
0.0184641
0.0229429
0.0201559
0.0221559
0.0229428
0.0229428
0.0207649
0.0229428
0.0229427
0.0189828
0.0212886
0.0229429
0.0201559
0.0205634
0.0224785
0.0205632
0.0196544
0.018983
0.0242499
0.020156
0.020156
0.0195473
0.0201559
0.0207651
0.0201559
0.0201558
0.0201558
0.0184638
0.0214552
0.0189827
0.0214552
0.0207648
0.0189827
0.021455
0.0207647
0.021455
0.0214549
0.0214549
0.0207646
0.0214548
0.0214548
0.0214547
0.0201554
0.0212859
0.0236248
0.0207648
0.0236247
0.021455
0.0236246
0.0242494
0.0246218
0.0204404
0.0214545
0.023624
0.0221549
0.020155
0.0214544
0.0214543
0.020764
0.020764
0.0214542
0.018982
0.0212807
0.0207644
0.0214546
0.0195463
0.0214545
0.0214545
0.019875
0.0199267
0.0210495
0.0221717
0.019546
0.0207638
0.0224772
0.0221545
0.0214539
0.0214539
0.0221544
0.0201545
0.0201545
0.0214538
0.0214537
0.0229413
0.0221543
0.0229412
0.0229412
0.0207634
0.0201543
0.0184624
0.0201543
0.0189814
0.0207632
0.0214535
0.0212813
0.0189814
0.0201543
0.0207636
0.0214538
0.0201543
0.0221542
0.0201542
0.0214537
0.0201542
0.0201542
0.0207634
0.0195455
0.0201541
0.0189812
0.0214535
0.0221539
0.020154
0.0195454
0.0182601
0.0192713
0.0214455
0.0236232
0.0214534
0.0195454
0.0211059
0.0214533
0.0214532
0.0214532
0.0242479
0.0184635
0.0201543
0.0184623
0.0214535
0.0229411
0.0229411
0.0214534
0.0246203
0.0189812
0.0221573
0.0189811
0.0214994
0.0214531
0.0221538
0.0229408
0.021453
0.021453
0.0214529
0.0229406
0.0221536
0.0221536
0.0212849
0.0214533
0.0242481
0.0214532
0.0207629
0.0189809
0.020561
0.021453
0.0206201
0.0246198
0.0229403
0.0246197
0.0189806
0.0214526
0.0214551
0.0221532
0.0229401
0.0200189
0.0206187
0.0199475
0.0214448
0.0236219
0.0202364
0.0207615
0.0214517
0.0214517
0.0230482
0.0198447
0.0229392
0.0246186
0.0201525
0.0195492
0.021289
0.0214521
0.0184609
0.01898
0.0205239
0.0246191
0.0246191
0.0209908
0.0202611
0.0203523
0.0201521
0.0202509
0.0195434
0.0214514
0.0192692
0.0195434
0.0189791
0.0214513
0.0189791
0.020568
0.0201518
0.0221516
0.0195432
0.0214511
0.0207609
0.021451
0.0207608
0.0229384
0.0229384
0.0189789
0.0201516
0.0201516
0.0205587
0.0201515
0.0207606
0.0219476
0.0207605
0.0214506
0.0201514
0.0214506
0.0214506
0.0214505
0.0229381
0.0201514
0.0214505
0.0214967
0.0217429
0.022151
0.022151
0.0236202
0.0236202
0.0207763
0.0214502
0.0229378
0.0201511
0.0195426
0.0195426
0.0212842
0.022151
0.022151
0.0233408
0.0203773
0.0207819
0.0214502
0.0214501
0.0214501
0.0214501
0.0207599
0.0207599
0.02145
0.0214499
0.0214499
0.0189781
0.0214499
0.0201508
0.0201508
0.0201507
0.0214498
0.0221542
0.0195422
0.0221504
0.0201507
0.0207595
0.0221503
0.0214496
0.0214958
0.0214495
0.0201506
0.0221502
0.0201505
0.0229371
0.0221502
0.0189779
0.0214494
0.0221501
0.0207592
0.0184589
0.022937
0.0221501
0.0212837
0.0229372
0.0195421
0.0184877
0.0230468
0.0201506
0.018037
0.0201525
0.0189778
0.0201505
0.0201504
0.0201504
0.0214495
0.0195419
0.0214494
0.0221501
0.0207593
0.0201503
0.0207592
0.0214493
0.0214493
0.02215
0.0214492
0.0214492
0.0214492
0.0189775
0.0214491
0.0214491
0.0212789
0.0207594
0.0207594
0.0233398
0.0214494
0.0207592
0.0221499
0.0214493
0.0214492
0.0214492
0.0201501
0.0214492
0.0221498
0.0195416
0.0214491
0.0207589
0.021449
0.0207589
0.0207588
0.0207588
0.0207588
0.0201499
0.0224726
0.0221496
0.0214488
0.0201499
0.0207586
0.0207586
0.0208344
0.0214486
0.0189771
0.0201497
0.0207584
0.0214485
0.018977
0.0214484
0.0207583
0.0212781
0.0195413
0.0201498
0.0201498
0.0214488
0.0201497
0.0201497
0.018977
0.018977
0.0212638
0.0207591
0.0201518
0.0207589
0.0201497
0.0214489
0.0214488
0.022473
0.0214488
0.0201496
0.0189768
0.0224728
0.0214486
0.0192667
0.0236192
0.0214485
0.0201494
0.0195409
0.0184575
0.0207583
0.0207583
0.0224724
0.0214483
0.0214483
0.0214482
0.0207581
0.0214482
0.0195407
0.0184574
0.0214481
0.0204498
0.0211009
0.0207787
0.0214479
0.0242435
0.020149
0.0214478
0.0195405
0.0184572
0.0223455
0.0201489
0.0184572
0.0189763
0.0221485
0.0195404
0.0214477
0.0214476
0.0184571
0.0201488
0.0201488
0.0214475
0.0201487
0.0214475
0.0201487
0.0214475
0.0201487
0.0214474
0.0214474
0.0201486
0.0205551
0.0242428
0.0214473
0.0214472
0.0182698
0.0205645
0.0201485
0.0207571
0.0201485
0.0214471
0.021447
0.01954
0.0229349
0.0184776
0.0229351
0.0198858
0.0202463
0.0246139
0.0246139
0.0211013
0.0246137
0.0246137
0.0229341
0.0199422
0.0198214
0.0221507
0.0195446
0.0266163
0.0180356
0.0207559
0.0221471
0.0201475
0.018975
0.0201475
0.0229338
0.0214458
0.0189749
0.0229338
0.022147
0.022147
0.0201474
0.0214457
0.0214457
0.0214457
0.0214456
0.0214456
0.0207555
0.0224691
0.0202676
0.0220312
0.0229335
0.0192647
0.0246128
0.0246128
0.0184737
0.0203826
0.0198395
0.0207765
0.0201472
0.0214454
0.0229336
0.0207553
0.0229335
0.0214453
0.0214453
0.0207552
0.0214452
0.0201471
0.0201471
0.0214452
0.0201471
0.0214452
0.0229333
0.020147
0.0195386
0.0236155
0.0214451
0.0229202
0.0229201
0.0207608
0.0201469
0.0201469
0.0214452
0.0214452
0.0221464
0.0214451
0.0201468
0.0214451
0.0203131
0.0138425
0.0211319
0.0214449
0.0229329
0.0195382
0.0224686
0.0182555
0.0184554
0.0207549
0.0214449
0.0214449
0.0214448
0.0214448
0.0189741
0.0207548
0.0229329
0.0214447
0.0229329
0.0229329
0.0229328
0.0189741
0.0214446
0.0201465
0.0195381
0.0201465
0.022146
0.0214446
0.0212967
0.0214449
0.0212804
0.0214453
0.018974
0.0201465
0.0236162
0.0229329
0.0201465
0.0214451
0.019538
0.021445
0.0201464
0.0246129
0.0202469
0.0184674
0.0207551
0.0214451
0.0201465
0.0229329
0.0229329
0.0214449
0.0214449
0.0201464
0.0214449
0.0207548
0.0201463
0.0214448
0.0184547
0.020552
0.0189737
0.0189737
0.0221458
0.0214446
0.0236155
0.0229325
0.0201461
0.0242404
0.0189735
0.0201461
0.0195377
0.0214475
0.020146
0.020146
0.0212786
0.0214448
0.0212627
0.0201463
0.0266172
0.02247
0.0184616
0.0214423
0.0214453
0.0214453
0.0233358
0.020447
0.0192849
0.0203827
0.0189557
0.0201151
0.0202878
0.0204911
0.0202328
0.0224659
0.023039
0.018463
0.0214424
0.0236129
0.0195409
0.0207732
0.0184525
0.0214422
0.0188716
0.0184491
0.0205488
0.0193815
0.0205486
0.020144
0.0201247
0.0200618
0.0180192
0.0203435
0.0192634
0.0255498
0.0205371
0.0214447
0.024609
0.0221462
0.0246089
0.0229295
0.0192801
0.0230384
0.024609
0.024609
0.0246089
0.0246089
0.0229297
0.0221462
0.01982
0.0191911
0.021434
0.018949
0.0220275
0.021437
0.0192741
0.0214453
0.0216637
0.0236122
0.0214856
0.0204542
0.0207726
0.0207684
0.0207515
0.0182207
0.0198358
0.0214343
0.0229301
0.0189424
0.0188216
0.0195358
0.0195358
0.0236125
0.0193806
0.0205469
0.0204442
0.0189387
0.0202685
0.0199896
0.0196642
0.020144
0.0199269
0.0242375
0.0207521
0.0195354
0.0201437
0.0214419
0.0214418
0.0207518
0.018971
0.0201434
0.0221435
0.0184522
0.0207516
0.0205461
0.0207514
0.0224646
0.0201431
0.0195347
0.0214412
0.020143
0.0213133
0.0214412
0.0195344
0.0201427
0.0197642
0.0214449
0.0246091
0.0229299
0.0195401
0.0208986
0.022339
0.0246086
0.0246085
0.0255488
0.0201456
0.0216397
0.0201402
0.0200991
0.0188658
0.0221379
0.0221379
0.0207468
0.0230329
0.0201379
0.0180278
0.0201379
0.0207467
0.0214365
0.0184471
0.0207467
0.0196152
0.0255454
0.0214393
0.0198301
0.019903
0.0214392
0.0246043
0.0229241
0.0207671
0.020767
0.0246042
0.0203859
0.0201849
0.0214359
0.0214359
0.0214359
0.0214358
0.020746
0.0201373
0.0201373
0.0184466
0.0214358
0.0214358
0.0214357
0.0214357
0.0214357
0.0184465
0.0214357
0.0242314
0.0201386
0.0210891
0.0214356
0.0205508
0.0202409
0.0209278
0.0246035
0.0214383
0.0204476
0.0229232
0.0198291
0.0192567
0.0188642
0.0201317
0.0195285
0.0207452
0.0201365
0.0225095
0.0207659
0.0210901
0.024603
0.024603
0.0221399
0.0225093
0.0246029
0.0229228
0.0205532
0.0200134
0.0207656
0.0207449
0.0189643
0.0214346
0.0214346
0.0214345
0.0214345
0.0201362
0.0242303
0.0214345
0.0201361
0.0201361
0.0214345
0.0214344
0.0214344
0.0207447
0.0201361
0.0214344
0.0214344
0.0214343
0.0214343
0.0214343
0.0214343
0.019528
0.020136
0.0214343
0.0221359
0.0214342
0.0221359
0.0214342
0.0189641
0.0214342
0.0214342
0.0214341
0.0214341
0.0214341
0.0201359
0.0201359
0.0221358
0.0236048
0.0201359
0.0189639
0.021434
0.0195278
0.0189639
0.0201358
0.0230305
0.021434
0.0201358
0.0214339
0.0189639
0.0189639
0.0201357
0.0246021
0.0221356
0.0207442
0.0189638
0.022922
0.022922
0.022922
0.0214338
0.0184451
0.0201356
0.0214338
0.0189637
0.0214338
0.0214337
0.0195275
0.0221354
0.0214337
0.0221354
0.0213096
0.0207441
0.0201354
0.0189635
0.0195273
0.0229218
0.0189635
0.0229218
0.0229217
0.0221352
0.0214338
0.0201353
0.0205394
0.0201914
0.0216553
0.0246016
0.0246016
0.0146594
0.0200582
0.020435
0.0224565
0.0214328
0.0207431
0.0214327
0.0214327
0.0229207
0.0201343
0.0236035
0.0236035
0.0195262
0.0229206
0.0246012
0.0229206
0.0246011
0.0246011
0.0200697
0.022908
0.020536
0.0201706
0.0207628
0.0207628
0.0203817
0.0198455
0.0246004
0.0246004
0.0246003
0.0229197
0.0201347
0.020742
0.0213007
0.0180286
0.0201331
0.0201331
0.0214318
0.0214318
0.0207421
0.0207421
0.0195251
0.0195251
0.0200832
0.0200831
0.0204338
0.0229195
0.020133
0.0214316
0.0214315
0.0214315
0.0229194
0.0224554
0.0207624
0.0207623
0.020758
0.0193702
0.0217242
0.0201339
0.0189609
0.0212914
0.0221329
0.0207419
0.0189609
0.0207419
0.0214315
0.0201327
0.0214315
0.0201327
0.0221328
0.0214314
0.0184775
0.0219288
0.0189607
0.0236025
0.0214313
0.0214313
0.0201326
0.0207416
0.0201326
0.0214312
0.0201326
0.0214312
0.0201326
0.0221326
0.0214311
0.0201325
0.01886
0.0189606
0.0242273
0.021431
0.0224551
0.0195244
0.021431
0.0236021
0.0195244
0.0195244
0.0201324
0.0207413
0.0214309
0.0201334
0.0195243
0.0189604
0.0201323
0.0214308
0.0207412
0.0201323
0.0207411
0.0189604
0.0221359
0.0201333
0.0245994
0.0245993
0.0255405
0.0199755
0.020139
0.0189579
0.023025
0.0189578
0.0201295
0.0189578
0.0221297
0.0212908
0.0207391
0.0184387
0.0207391
0.0201295
0.0214286
0.0195215
0.0214285
0.0214285
0.0201294
0.0221297
0.0189577
0.0189576
0.0201294
0.0189576
0.0207389
0.0214284
0.0214284
0.0214283
0.0207388
0.0189576
0.0266013
0.0182556
0.0229159
0.0201292
0.0214282
0.0214281
0.0214281
0.0201292
0.0214281
0.0214281
0.0207385
0.0201292
0.0189574
0.0230249
0.021428
0.0229157
0.0201291
0.0224519
0.0207384
0.0230247
0.0195211
0.0212841
0.0214282
0.0214282
0.0214281
0.0211389
0.0198847
0.019521
0.0211388
0.0224521
0.0221292
0.0189571
0.0207383
0.0201289
0.0237252
0.0204298
0.0224519
0.0201299
0.0190878
0.0207382
0.0201288
0.0214277
0.0195209
0.0214277
0.0214277
0.0214276
0.0201287
0.0214276
0.0214276
0.0188562
0.0201287
0.0201287
0.022129
0.0195207
0.0207379
0.0201286
0.0201286
0.0214274
0.0242236
0.0184378
0.0189568
0.0195206
0.0214273
0.0214273
0.0214273
0.0214272
0.0201285
0.0214272
0.0214272
0.0235984
0.0189567
0.0214271
0.0195205
0.0214271
0.0189567
0.0207376
0.021427
0.0189566
0.0207375
0.0201283
0.021427
0.0201283
0.0242232
0.0212842
0.0214272
0.0201283
0.0214272
0.0221286
0.0214272
0.0201283
0.0242235
0.0214271
0.0201282
0.0201282
0.0214271
0.0201282
0.0195203
0.0201282
0.0189564
0.0201281
0.021427
0.0201281
0.0214269
0.0214269
0.0214269
0.0201281
0.0184372
0.0214268
0.0214268
0.0195201
0.020128
0.02108
0.0195201
0.0212735
0.0214271
0.0214718
0.0182473
0.0184533
0.0214273
0.0214273
0.0214272
0.0214272
0.0189564
0.0207376
0.0212633
0.0214276
0.0219259
0.0201283
0.0201283
0.0214274
0.0195203
0.0221287
0.0201282
0.023599
0.0195255
0.0201281
0.0189562
0.0214272
0.0221285
0.0214271
0.0189562
0.0214271
0.021427
0.0189561
0.020128
0.021427
0.0214269
0.0214269
0.0214269
0.0212558
0.0214273
0.0229148
0.0189561
0.0195201
0.0195201
0.0189561
0.0221284
0.0207377
0.0221283
0.0214271
0.0219255
0.0221282
0.0224521
0.0214269
0.0201278
0.0207374
0.0214268
0.0214268
0.0245965
0.0189558
0.0189558
0.0214267
0.022128
0.0229142
0.0195197
0.0201276
0.0214266
0.0195197
0.0201275
0.0201285
0.0221278
0.0221278
0.0212518
0.0219255
0.022128
0.022128
0.0189557
0.0214268
0.0195197
0.0207373
0.0207372
0.0214267
0.0235987
0.0214266
0.0201274
0.0201274
0.020737
0.0201274
0.0214265
0.0214264
0.0201273
0.0195194
0.018436
0.0214263
0.0207368
0.0201272
0.0214262
0.0221275
0.0201272
0.0201272
0.0221275
0.0201271
0.0212473
0.0201274
0.0189555
0.0201274
0.0214266
0.0221277
0.0214265
0.0214265
0.0189554
0.0214264
0.0190815
0.0214265
0.0195194
0.0225018
0.0207369
0.0189554
0.0201272
0.0189553
0.0214263
0.0242232
0.0255381
0.0229137
0.018855
0.0220123
0.0195191
0.0184357
0.0212448
0.0201272
0.0224522
0.0214264
0.0214264
0.0221275
0.0221275
0.0201916
0.0203028
0.0205422
0.0207207
0.0197039
0.0230239
0.0230238
0.0207514
0.0212366
0.0201265
0.0214259
0.0212217
0.0201269
0.0214266
0.021079
0.020752
0.0189548
0.0184349
0.0230253
0.0214214
0.0220123
0.0235985
0.0201281
0.0203035
0.0192434
0.0207088
0.0205426
0.0204276
0.0214259
0.0204275
0.0201261
0.0214257
0.0221266
0.0189542
0.0207362
0.0230243
0.020736
0.0214254
0.018954
0.0201259
0.0201258
0.0201258
0.0207358
0.0214252
0.0214252
0.0214251
0.0214251
0.0224509
0.0221261
0.0189538
0.0184341
0.0214249
0.0189537
0.0207354
0.0195177
0.0189537
0.0212274
0.020736
0.0214254
0.0189539
0.0207359
0.0214253
0.0189539
0.0214252
0.0214251
0.0212163
0.0189542
0.0201261
0.0195182
0.0195182
0.0184341
0.020126
0.0214256
0.0214256
0.0201259
0.0201259
0.0201258
0.0200787
0.0189539
0.0212245
0.0195178
0.0214251
0.0184338
0.0189537
0.0201255
0.0207356
0.0224511
0.0207354
0.0224509
0.0214247
0.0214247
0.0214246
0.0201252
0.0235972
0.0189534
0.0207351
0.0212209
0.0223236
0.0189536
0.0195176
0.0212077
0.0207364
0.0184677
0.0214257
0.0201259
0.0189539
0.0214256
0.0211974
0.0214264
0.0189543
0.0201263
0.0235998
0.0214261
0.0192726
0.0210223
0.018954
0.0214258
0.0201259
0.0201259
0.0211943
0.0214265
0.0189543
0.0201263
0.0214263
0.0207368
0.0189541
0.0221269
0.0195183
0.0211844
0.0189546
0.0242256
0.0189545
0.0221274
0.0207373
0.0214266
0.0214265
0.0201264
0.0201263
0.0195184
0.0201262
0.0214262
0.0214262
0.0207367
0.020126
0.0230262
0.0195181
0.019518
0.0235994
0.0195179
0.0214256
0.0201257
0.0201256
0.0189536
0.0195177
0.0221263
0.0184517
0.0211913
0.0205346
0.0201262
0.0214262
0.0201261
0.021426
0.0221268
0.020126
0.022913
0.022913
0.0229129
0.0221266
0.0201258
0.0201257
0.0214255
0.0201256
0.0195177
0.0214254
0.0189535
0.0211889
0.0207367
0.0214261
0.021426
0.0221267
0.0201259
0.020534
0.0214257
0.0201257
0.0207361
0.0184436
0.0198208
0.0184334
0.0214255
0.0189536
0.0242237
0.0211891
0.0214261
0.0207366
0.0207366
0.0221268
0.0214258
0.0214258
0.0189537
0.0224532
0.0214255
0.0189535
0.0201256
0.0214253
0.0207358
0.0201254
0.0207357
0.0214251
0.021425
0.0214249
0.0189532
0.0214248
0.0207353
0.0189531
0.0221257
0.0214246
0.0201249
0.0201249
0.019517
0.0189529
0.0201248
0.0214243
0.0201247
0.0214242
0.0207347
0.0211971
0.0201252
0.0221259
0.0201251
0.0214247
0.0214247
0.0214246
0.0214245
0.0201249
0.019517
0.0184326
0.0189528
0.0214243
0.0214242
0.02119
0.022126
0.0201252
0.0195173
0.0198456
0.0221304
0.020646
0.0245955
0.0203251
0.0198224
0.0207344
0.0229111
0.0229111
0.0245947
0.0245946
0.0205569
0.0201233
0.0202
0.021921
0.0214215
0.0201225
0.022123
0.0214214
0.0212233
0.0201229
0.0221234
0.0221233
0.0235952
0.018951
0.018951
0.0214679
0.018431
0.0205284
0.0229093
0.0195148
0.0212152
0.0201229
0.0195152
0.0201229
0.0214222
0.0184311
0.0214221
0.0214221
0.021422
0.021422
0.0189509
0.0214219
0.0201226
0.0189509
0.0195148
0.0201226
0.0184309
0.0195148
0.0214217
0.0184308
0.023021
0.0201224
0.0207322
0.0214215
0.0207321
0.0221228
0.0189506
0.0189505
0.0201222
0.020732
0.0214212
0.0212153
0.0214219
0.0214218
0.0214218
0.0214218
0.0189507
0.0195147
0.0214216
0.0189506
0.0214215
0.0184306
0.0212052
0.0195151
0.0184308
0.0184308
0.0214222
0.019515
0.0189509
0.0189508
0.0207327
0.021422
0.0201226
0.0221231
0.0214218
0.0201225
0.0211967
0.0211814
0.0214235
0.0201236
0.0189516
0.0221243
0.0195157
0.0211698
0.022125
0.0201241
0.021473
0.0207346
0.0214239
0.0214238
0.0201237
0.0189517
0.0224518
0.0214235
0.0221243
0.0189515
0.0211667
0.020735
0.0242239
0.020124
0.021424
0.0242235
0.0207345
0.0224521
0.020674
0.0235998
0.0211484
0.0221261
0.020125
0.0205354
0.0201248
0.0201247
0.0184318
0.0242251
0.0205409
0.0201243
0.0214245
0.0184315
0.0211468
0.020125
0.020125
0.022126
0.023601
0.0201247
0.0207357
0.0195167
0.0201245
0.0214248
0.0214247
0.0214742
0.0210765
0.018952
0.0221249
0.0201239
0.0207347
0.019516
0.0189517
0.0200788
0.0214236
0.0233158
0.0189514
0.0184718
0.0214232
0.0189512
0.0195154
0.021423
0.0211619
0.0207346
0.0189517
0.0195159
0.0189516
0.0207343
0.0189515
0.0214235
0.0214234
0.0195156
0.0214233
0.0214232
0.0214231
0.0195154
0.0207336
0.0214714
0.0214227
0.0201229
0.0184572
0.02291
0.02291
0.0189508
0.0214224
0.0201227
0.020424
0.0207329
0.0192394
0.021422
0.0207326
0.0201223
0.0207325
0.0214217
0.0201222
0.0214216
0.0214215
0.0207322
0.0214214
0.0221227
0.0189501
0.0195142
0.0214212
0.0195141
0.0214211
0.0211832
0.0207326
0.0195146
0.0207325
0.0235965
0.0207323
0.0195143
0.0195143
0.0214214
0.0214214
0.0224494
0.0207319
0.019514
0.0184296
0.0189499
0.0195139
0.0214209
0.0189498
0.0211814
0.0214218
0.0189502
0.0189502
0.0214216
0.0235963
0.0214214
0.0214213
0.01895
0.0214212
0.0201218
0.0201217
0.021421
0.021421
0.0214209
0.0214208
0.0201215
0.0201215
0.0201214
0.0201214
0.0214206
0.0214205
0.0245919
0.0214676
0.0184291
0.0235946
0.021921
0.02142
0.0201209
0.0201209
0.0214199
0.0184289
0.0214198
0.018949
0.018949
0.0201207
0.0221213
0.0201207
0.0214196
0.0195129
0.0221211
0.0214194
0.0201205
0.0207301
0.0214193
0.0189487
0.0219197
0.0212003
0.0221215
0.0207307
0.0201208
0.0224476
0.0189489
0.0189489
0.0221212
0.0189488
0.0221211
0.0207303
0.0221211
0.0189487
0.021466
0.0221209
0.0189486
0.0195126
0.0214192
0.0214191
0.0207298
0.0189485
0.0201202
0.0201201
0.0207297
0.0242178
0.0184577
0.0207296
0.0207296
0.0189483
0.0214187
0.0207294
0.0214186
0.0201199
0.020525
0.0201198
0.0229064
0.0229064
0.0207291
0.0207291
0.020729
0.0214182
0.0214181
0.0201196
0.0214181
0.0235919
0.0195119
0.0214179
0.0207287
0.0212165
0.0201199
0.0207293
0.0207292
0.0214184
0.0201198
0.0201197
0.018948
0.0201197
0.0214182
0.0224456
0.0224454
0.0189479
0.021418
0.0207288
0.0201194
0.0221198
0.0201194
0.0214178
0.0201193
0.0207286
0.0214177
0.0214177
0.0201193
0.0214176
0.0201192
0.0189476
0.0201192
0.0214175
0.0184495
0.0223173
0.0214175
0.0214175
0.0214174
0.0189475
0.0214626
0.0207281
0.0201191
0.0221194
0.0195114
0.020728
0.0207279
0.0214171
0.0212259
0.0201193
0.0214176
0.0235916
0.0207283
0.0221195
0.0214174
0.0207282
0.0207282
0.0182264
0.0207283
0.0214174
0.0201191
0.0214173
0.0214626
0.020728
0.0219174
0.0201189
0.0214171
0.0189473
0.0207278
0.0201188
0.0245876
0.0189472
0.0201188
0.0221191
0.0195111
0.0189471
0.0214168
0.0207275
0.0201186
0.0214166
0.0207274
0.0221189
0.0184273
0.0201185
0.0214165
0.0207273
0.0207272
0.0195108
0.0184272
0.0207272
0.0214163
0.0207271
0.0214162
0.0189468
0.0201183
0.020727
0.0189468
0.0214161
0.0212342
0.0214166
0.0200689
0.0206202
0.0197132
0.0214163
0.0201182
0.0214163
0.020727
0.0189466
0.0214162
0.0212253
0.0182288
0.0214135
0.0189469
0.0205229
0.0201184
0.0207274
0.0214165
0.0214165
0.0242155
0.0201183
0.0214164
0.0214163
0.0207271
0.0201182
0.0214162
0.0212206
0.0214168
0.0214168
0.0195108
0.0212064
0.0189471
0.0214174
0.0201188
0.0195111
0.0214173
0.0214172
0.0184269
0.019511
0.0214171
0.0201186
0.0189469
0.021417
0.0214169
0.0214169
0.0214168
0.0214168
0.0184267
0.0214167
0.0214166
0.0212014
0.0214174
0.0221192
0.018947
0.0214172
0.020728
0.0189469
0.021412
0.0207278
0.0221189
0.0207277
0.0221188
0.0207276
0.0201183
0.0201182
0.0214166
0.0214166
0.0189465
0.0214165
0.0207273
0.023591
0.0235909
0.0214162
0.0221183
0.0214622
0.0205227
0.0189462
0.0200571
0.0217105
0.0214156
0.0214155
0.0212127
0.0189462
0.0189462
0.0214161
0.0189462
0.0201177
0.021416
0.0189461
0.0214159
0.0201176
0.0219166
0.0201175
0.0221178
0.0214157
0.0214157
0.0214156
0.0201174
0.0214156
0.0221177
0.0214155
0.0214154
0.0189458
0.0201107
0.0195095
0.0189456
0.0189455
0.0189455
0.021415
0.020117
0.0212149
0.0201173
0.0214156
0.0214156
0.0195097
0.0189457
0.0205221
0.0207262
0.0214153
0.0201171
0.0198096
0.0189455
0.0195094
0.0195094
0.0212069
0.0214158
0.0214158
0.0242155
0.0230163
0.0201172
0.0214156
0.0214155
0.0211971
0.0201176
0.0201176
0.0184257
0.0184257
0.0201175
0.0195099
0.021416
0.0189458
0.0207268
0.0189458
0.0211868
0.0221185
0.0195103
0.0180115
0.0189461
0.021175
0.022119
0.0214174
0.0207281
0.0195106
0.0224462
0.021417
0.0189463
0.020118
0.0207277
0.0221185
0.0214168
0.0207275
0.0214166
0.023592
0.0214164
0.0214164
0.0214163
0.0214163
0.0242164
0.0201175
0.0201174
0.021416
0.0214159
0.0201173
0.0207267
0.0207266
0.0201172
0.0189456
0.0201171
0.0242157
0.0189455
0.020117
0.0207263
0.0214154
0.0207262
0.0201169
0.0221173
0.0206854
0.0195098
0.0207268
0.0201173
0.0201173
0.0201172
0.024216
0.0205232
0.0214156
0.0184251
0.020117
0.0189454
0.0207263
0.0242154
0.0221172
0.0195092
0.0242152
0.0201167
0.0214151
0.0201166
0.021415
0.0201166
0.0233073
0.019809
0.0201164
0.0189449
0.0184587
0.0205321
0.0233068
0.020747
0.0205209
0.020488
0.0206176
0.0245851
0.0203506
0.0209067
0.019934
0.0212147
0.0201157
0.0214139
0.0201157
0.0214138
0.0214138
0.0214137
0.0201156
0.0200663
0.0212043
0.0214143
0.0214606
0.020725
0.0214141
0.0207249
0.021414
0.0214139
0.0189442
0.0195081
0.0201156
0.0195081
0.019508
0.0235886
0.0201155
0.0214136
0.0205201
0.0189439
0.0214135
0.0207243
0.0201153
0.0189438
0.0221156
0.0195077
0.0201152
0.0195077
0.0189437
0.0201152
0.0214131
0.020724
0.0182344
0.0214131
0.0235877
0.0214583
0.0230132
0.0230131
0.0221152
0.0207236
0.0201149
0.0184236
0.0228901
0.0195073
0.0214125
0.0184235
0.0212177
0.0214131
0.0212024
0.022116
0.018944
0.0207247
0.0201154
0.021189
0.0195084
0.0214145
0.0189443
0.0201158
0.0207252
0.0229023
0.0214142
0.0221162
0.0214141
0.0214141
0.0242143
0.0207248
0.0201155
0.0189439
0.0207247
0.0214137
0.0211848
0.0189443
0.0214145
0.0195083
0.0214144
0.0184238
0.0201157
0.0207251
0.0214142
0.020725
0.020725
0.0180066
0.0214139
0.0195079
0.0201154
0.0207247
0.0214137
0.024214
0.0214136
0.0201152
0.0214135
0.0221156
0.0195076
0.0201151
0.0214133
0.0214133
0.0205201
0.0211892
0.0184235
0.0201154
0.0214138
0.0201154
0.0214137
0.0211768
0.0201159
0.0221165
0.0201158
0.0201158
0.0242152
0.0214143
0.0201156
0.018944
0.0214141
0.0214141
0.022116
0.0201154
0.0184234
0.0214139
0.0189437
0.0201153
0.0189437
0.0189437
0.0221204
0.0219153
0.0195075
0.0184511
0.0211794
0.018944
0.0221163
0.0201156
0.0201156
0.0201155
0.0214141
0.0195079
0.0201154
0.0214139
0.0189437
0.0189437
0.0242144
0.0201152
0.0189435
0.0214136
0.0201151
0.0189434
0.0189434
0.0207243
0.0214133
0.0242137
0.0198074
0.0195072
0.0195072
0.0201147
0.0201146
0.0214129
0.0184228
0.019507
0.0207237
0.022115
0.0201145
0.0214126
0.0189429
0.0195068
0.0214125
0.0214125
0.0214124
0.0214124
0.0201142
0.0214123
0.0214584
0.0214105
0.0198745
0.0207429
0.0184224
0.0212018
0.0195067
0.0242127
0.0207232
0.0195066
0.0195066
0.0201141
0.0189425
0.020114
0.0214121
0.020723
0.0201139
0.0195063
0.0201138
0.0195063
0.0214118
0.0195062
0.0201137
0.0195062
0.0214117
0.022114
0.0214116
0.0201136
0.0235866
0.019506
0.0207224
0.0201134
0.0201134
0.0195059
0.0214113
0.0214112
0.0214112
0.0214111
0.0214111
0.0201132
0.0221135
0.021411
0.0221135
0.0201131
0.0214109
0.0201131
0.0214108
0.0214107
0.0214107
0.0195055
0.0224386
0.0214106
0.0214105
0.0214105
0.0207214
0.0201128
0.022113
0.0201128
0.0204133
0.0207213
0.0214102
0.0195052
0.0201127
0.0207211
0.0201126
0.0214101
0.0207211
0.0221128
0.0201126
0.0245814
0.0214099
0.0214099
0.0224376
0.0189412
0.0201124
0.0195049
0.0214098
0.0207207
0.0184214
0.0207207
0.0201123
0.0201123
0.0201123
0.0214096
0.0221124
0.0214095
0.0201122
0.0212267
0.0184213
0.02141
0.019505
0.0201124
0.0189411
0.0182285
0.0184336
0.0221131
0.022113
0.0207212
0.0201127
0.0201127
0.0221129
0.0214101
0.02141
0.0201126
0.021219
0.0214106
0.0201128
0.0224387
0.0207214
0.022113
0.0207213
0.0207213
0.0214102
0.0207212
0.0189412
0.0189412
0.0214101
0.0212098
0.0201129
0.0207217
0.0184213
0.0201128
0.0221131
0.0201127
0.0214105
0.0201127
0.0201126
0.0189412
0.0235856
0.0201125
0.0242105
0.0201124
0.0201124
0.0221127
0.0212023
0.0201128
0.0214108
0.0195053
0.0214107
0.0207216
0.0207216
0.0189412
0.0207215
0.0201125
0.0214104
0.0207213
0.0207213
0.0184209
0.0207212
0.0214102
0.0214101
0.0214101
0.02141
0.0201123
0.018221
0.018941
0.0195049
0.0242103
0.0206899
0.0235863
0.022113
0.0195051
0.0201125
0.0201125
0.0228882
0.0205291
0.0203123
0.0217592
0.0217053
0.0195045
0.020112
0.0211982
0.0210645
0.0189409
0.0214103
0.0195048
0.0228985
0.0214102
0.0228985
0.0221125
0.0242106
0.0242105
0.0228983
0.0228982
0.0214098
0.0214098
0.0195044
0.0228981
0.022898
0.022898
0.0189404
0.023585
0.0245815
0.021998
0.0235847
0.0199528
0.0200832
0.0245791
0.01923
0.0199744
0.0221099
0.0195024
0.0228957
0.0221099
0.021407
0.021407
0.021407
0.021407
0.020718
0.0214069
0.0207179
0.0228955
0.0201096
0.0195647
0.0184486
0.0214506
0.0184189
0.0221097
0.0221097
0.0195022
0.0189385
0.0201095
0.0201095
0.0221096
0.0221096
0.0214066
0.0201095
0.0201095
0.0214065
0.0214065
0.0214065
0.0189383
0.0184188
0.0214064
0.0201094
0.0212419
0.0201095
0.0189384
0.0189383
0.0214068
0.0189383
0.0214067
0.0221096
0.0214067
0.0214067
0.0214066
0.0221095
0.0201093
0.0214066
0.0214065
0.0214065
0.0195019
0.0189382
0.0214064
0.0214064
0.0201092
0.0207174
0.0199039
0.0189381
0.0214502
0.0200217
0.0184183
0.0214061
0.020109
0.0207172
0.0201089
0.022109
0.0201089
0.0228947
0.0179979
0.0228947
0.0228947
0.0235806
0.0189378
0.0201088
0.0189378
0.0221089
0.0221088
0.0228946
0.0201088
0.0207169
0.0228945
0.0228945
0.0228945
0.0207168
0.0228945
0.0221087
0.0228944
0.0228944
0.0214492
0.0228944
0.0228943
0.0207166
0.0212454
0.0228946
0.0228945
0.0228945
0.0214059
0.0189376
0.0214058
0.0221087
0.0214058
0.0242057
0.0214057
0.0214057
0.0214057
0.0214056
0.0214056
0.0214056
0.0221085
0.0201085
0.0242055
0.0214055
0.0212365
0.0195013
0.0195013
0.0201086
0.0214059
0.0212215
0.0207176
0.022109
0.0214064
0.0214064
0.0214063
0.0201088
0.0184177
0.0228947
0.0189376
0.0214062
0.0214062
0.0214061
0.0189375
0.0214061
0.0207171
0.021406
0.0221087
0.0214059
0.0214059
0.0214059
0.0189374
0.0212152
0.0214064
0.022109
0.0214064
0.0184176
0.0184176
0.0201087
0.0201087
0.0214062
0.0201087
0.0201087
0.0214062
0.0201086
0.0207375
0.0221087
0.021406
0.0201085
0.0201085
0.0221086
0.020717
0.020717
0.0214058
0.0201084
0.0196292
0.0228942
0.0245778
0.0245777
0.0228941
0.0228941
0.022894
0.0207166
0.0195009
0.0189371
0.0214054
0.0201082
0.0221082
0.0232982
0.0214053
0.0214052
0.0228938
0.022108
0.0207163
0.020108
0.020108
0.020108
0.0189369
0.0189369
0.0221079
0.0195006
0.021405
0.021405
0.0224329
0.0201078
0.020716
0.0195005
0.020716
0.0214048
0.0201078
0.024205
0.0214088
0.0214047
0.0201077
0.0217545
0.0214046
0.0212285
0.0201079
0.0201079
0.0214051
0.0214051
0.021214
0.018937
0.0214056
0.0214056
0.0214055
0.0214055
0.0189369
0.0207166
0.0195007
0.0214054
0.0214053
0.0214053
0.0235809
0.0221079
0.0214052
0.0212061
0.0195009
0.018937
0.0214058
0.018937
0.018937
0.0235815
0.0207167
0.0224343
0.0214055
0.020108
0.0214054
0.0189368
0.0201079
0.0201079
0.0189367
0.0214053
0.0214052
0.0207163
0.0221078
0.0207163
0.0214051
0.0221077
0.023006
0.0189365
0.0207161
0.0212049
0.020108
0.0214055
0.0214055
0.0201079
0.0214054
0.022108
0.0214053
0.0207164
0.0211938
0.021406
0.0201082
0.0214059
0.0201082
0.0201082
0.0189369
0.023582
0.020108
0.0211834
0.0184169
0.0201085
0.0214064
0.0189372
0.0200809
0.0202088
0.0201081
0.0214059
0.0214058
0.0235821
0.0221082
0.0214057
0.0211805
0.0207176
0.0184167
0.0214064
0.0201084
0.0214063
0.0195009
0.0201083
0.0235827
0.021406
0.021406
0.0184165
0.0204087
0.0214523
0.0214057
0.0195005
0.0214056
0.0201078
0.022108
0.0207166
0.0214054
0.0201077
0.0201077
0.0224345
0.0235814
0.0228934
0.0184161
0.021405
0.0235811
0.0195001
0.0214049
0.018416
0.0189362
0.0201073
0.0214048
0.0214047
0.0201072
0.0189361
0.0214046
0.0242056
0.0182359
0.0207156
0.0207155
0.0211958
0.021405
0.021405
0.0214049
0.0214049
0.020716
0.020966
0.0201335
0.0201066
0.0211963
0.0214047
0.0219067
0.0194997
0.0194996
0.0194996
0.0242056
0.022107
0.0214044
0.0228927
0.0228927
0.0221069
0.0189356
0.0189356
0.0201067
0.0207153
0.0228925
0.021404
0.0201066
0.021404
0.0194992
0.0214039
0.020715
0.0214038
0.0214492
0.0189353
0.0184152
0.0214036
0.0207148
0.0201063
0.0192238
0.0184151
0.0194989
0.0201062
0.0214034
0.0214034
0.0201061
0.0214033
0.0207145
0.0207144
0.0207144
0.018935
0.0194987
0.0214031
0.0214031
0.020106
0.021407
0.021403
0.0214029
0.0201059
0.0201058
0.0214028
0.0214028
0.0204061
0.0207344
0.0213983
0.0214473
0.0214025
0.0207137
0.021447
0.0214024
0.0214468
0.022891
0.0194982
0.0207134
0.0207134
0.0214022
0.0221053
0.0214021
0.0214021
0.0201054
0.0194981
0.0189344
0.021402
0.0207132
0.0207132
0.0214019
0.0214019
0.0214019
0.0207131
0.0214018
0.022105
0.0189343
0.019498
0.0214017
0.0242025
0.0214017
0.0201051
0.0194979
0.0201051
0.0207128
0.0184145
0.0184145
0.0207128
0.0207128
0.0214015
0.0212308
0.0207132
0.0205074
0.0207131
0.0184144
0.021217
0.021201
0.0201059
0.0189347
0.0221059
0.0184145
0.0189347
0.0188323
0.0214029
0.0221057
0.0221057
0.0194984
0.0194983
0.0211295
0.0201055
0.0221054
0.0201054
0.0194981
0.0214025
0.022891
0.022891
0.022891
0.0214024
0.0189343
0.0184142
0.0189342
0.0207135
0.0221051
0.0201052
0.0201052
0.0221051
0.0201051
0.0207133
0.0207133
0.0194978
0.0207132
0.020105
0.0214019
0.018414
0.020105
0.0214019
0.0214018
0.0221048
0.0214018
0.0214017
0.0201049
0.0214017
0.0207129
0.0189338
0.0214016
0.0189338
0.0201048
0.0184138
0.0214015
0.0203045
0.020193
0.0212146
0.0224308
0.020713
0.0214017
0.0214017
0.0207129
0.0214467
0.0207128
0.0201046
0.0214015
0.0214014
0.0214014
0.0207126
0.0194973
0.0201045
0.0214013
0.0214013
0.0214012
0.0214012
0.0221043
0.0207124
0.0201044
0.0207123
0.0189334
0.0189334
0.0201044
0.0194971
0.0189334
0.0214009
0.0201043
0.0210561
0.0214009
0.0207121
0.0201042
0.0214008
0.0189333
0.0214007
0.0194969
0.0201041
0.0214007
0.0189332
0.0207119
0.0201041
0.0214006
0.0207118
0.020104
0.0214005
0.0214005
0.0214004
0.0214004
0.0189331
0.0207116
0.0221036
0.0201049
0.018933
0.0201039
0.0201039
0.0201038
0.0201038
0.0194966
0.0189329
0.0207114
0.0214001
0.0207114
0.0224285
0.0201037
0.0214
0.0201037
0.0201037
0.0235758
0.0184131
0.0194964
0.0213999
0.0194964
0.0207112
0.0189327
0.0207111
0.0189327
0.0194963
0.0201035
0.0194963
0.0213998
0.0212317
0.0194965
0.0214002
0.0221034
0.0201036
0.0201036
0.0194964
0.0214001
0.0214001
0.0214001
0.0212187
0.0214006
0.0207118
0.0214005
0.0201038
0.0207118
0.0214004
0.0212058
0.0207123
0.021401
0.021401
0.0214009
0.0214009
0.020104
0.0214008
0.0242024
0.0211953
0.0194971
0.0207127
0.0207127
0.0201042
0.019497
0.0194969
0.0201041
0.0184128
0.0184128
0.0201041
0.0207124
0.018933
0.020104
0.021401
0.021401
0.0194967
0.0189329
0.0214009
0.0214008
0.0201038
0.0201048
0.0242024
0.0194965
0.0214006
0.0214006
0.0214005
0.0189327
0.0201036
0.0214005
0.0221034
0.0201035
0.0214004
0.0214003
0.0184124
0.0184124
0.0201035
0.0214002
0.0214002
0.0189324
0.0235766
0.0221032
0.0201033
0.0201033
0.0194961
0.0207113
0.0221031
0.0228887
0.0207112
0.0201032
0.0189323
0.0189322
0.0201031
0.0213998
0.0194959
0.0212058
0.0201034
0.0189324
0.0201034
0.0214003
0.0201033
0.0184122
0.0214002
0.0201033
0.0184122
0.0201032
0.0189323
0.0214001
0.0214
0.0214
0.022103
0.0201031
0.0201031
0.0201031
0.0213998
0.0194958
0.0189321
0.0194958
0.0221028
0.020711
0.0201029
0.0212006
0.0207116
0.0211855
0.0207124
0.0221038
0.0211714
0.0214019
0.0201042
0.0201042
0.0201042
0.0207129
0.0207129
0.0214015
0.0217514
0.0200276
0.0201645
0.0201034
0.0201044
0.0214006
0.0214005
0.0201032
0.019496
0.0189322
0.0201031
0.0214003
0.0221031
0.0242022
0.022103
0.0214001
0.0214001
0.0201029
0.0207113
0.0213999
0.0213999
0.0194956
0.0201028
0.0213998
0.0213997
0.0221026
0.0194955
0.0194955
0.0235764
0.0194954
0.0213995
0.0213995
0.0189316
0.0201025
0.0201025
0.0224288
0.0213993
0.0201024
0.0213992
0.0194952
0.0207104
0.0201023
0.0189314
0.021399
0.0230007
0.0213989
0.0201022
0.019495
0.0213989
0.0213988
0.0212005
0.0194953
0.0211851
0.020103
0.0214002
0.0201029
0.0214001
0.0201028
0.0214
0.0214
0.0213999
0.0213999
0.0201027
0.0221026
0.0189316
0.0201026
0.0201026
0.0221025
0.0207109
0.0213995
0.0221024
0.0207108
0.0201024
0.0189314
0.0201024
0.0242013
0.0213992
0.0189313
0.0201022
0.019495
0.0213991
0.0189312
0.0201021
0.0201021
0.0201021
0.0189312
0.0207102
0.020102
0.0194948
0.0213988
0.0213988
0.0201019
0.0201019
0.0194947
0.018931
0.02071
0.0201018
0.0200512
0.0221067
0.0245717
0.0201032
0.0204101
0.0213981
0.0189306
0.0228869
0.0228868
0.0265755
0.021398
0.0205036
0.0213979
0.0228867
0.0189305
0.0201013
0.0228866
0.0201013
0.0201012
0.0201012
0.0200498
0.020709
0.0213976
0.019494
0.0221008
0.0228864
0.0203652
0.0217478
0.0210527
0.0245703
0.0184102
0.0201009
0.0201009
0.0207085
0.0221005
0.0228861
0.0221005
0.022886
0.022886
0.022886
0.022886
0.0241985
0.0201007
0.0201007
0.021397
0.0201007
0.0201007
0.0213969
0.0213969
0.0189299
0.0189299
0.0194935
0.0205019
0.0213967
0.0207081
0.0214407
0.0228856
0.0194934
0.0213966
0.0221001
0.0213966
0.0213965
0.0189297
0.0207078
0.0207078
0.0201004
0.0200479
0.0221047
0.0189296
0.0201003
0.0207077
0.0235725
0.0207076
0.0228853
0.0201002
0.0194931
0.0194931
0.0201002
0.0213962
0.0220997
0.0201002
0.0213961
0.0220997
0.019493
0.0213961
0.021396
0.0201001
0.021396
0.0220996
0.0229969
0.019493
0.0201
0.021897
0.0201
0.0213959
0.0184097
0.0184097
0.0189293
0.0207072
0.0207072
0.0213958
0.0213958
0.0213957
0.0212402
0.0194929
0.0207075
0.0212244
0.0201002
0.0194931
0.0213966
0.0189294
0.0207079
0.0235731
0.0189294
0.0213964
0.0201001
0.0189293
0.019493
0.0201001
0.021898
0.0213963
0.0213963
0.0184094
0.0177511
0.0189292
0.0189292
0.0207075
0.0207075
0.0241977
0.0220995
0.0212184
0.0212023
0.0201005
0.0194933
0.0201004
0.0207085
0.0213971
0.021189
0.0213979
0.0201008
0.0213978
0.0201007
0.0213977
0.020709
0.0194935
0.0201006
0.0194934
0.0201006
0.0213974
0.0213974
0.0224273
0.0194933
0.0235744
0.0201003
0.0241993
0.0207085
0.0211857
0.0214017
0.0201021
0.0221005
0.0201005
0.0207089
0.0213975
0.0213974
0.0194933
0.0182325
0.0213972
0.0213971
0.0207084
0.0201002
0.0207084
0.0213969
0.0207083
0.0201001
0.0194929
0.0201
0.0184089
0.0201
0.0207081
0.0200999
0.0184088
0.0213966
0.0213966
0.0220997
0.0213965
0.0184088
0.0220996
0.0189289
0.0213964
0.0189289
0.0213963
0.0213963
0.0200997
0.0213962
0.0214414
0.0184086
0.0194924
0.021396
0.0241981
0.021396
0.0220992
0.0189286
0.0213959
0.0220991
0.0207072
0.0220991
0.0207071
0.0194922
0.0229976
0.0229975
0.0194921
0.0241975
0.0212042
0.0189287
0.0228848
0.0207075
0.0189286
0.021396
0.0220992
0.021396
0.0213959
0.0207073
0.0202991
0.018825
0.0184083
0.0184083
0.0200992
0.0213956
0.0241977
0.0220988
0.0211982
0.0200995
0.0213962
0.0220993
0.0213961
0.0213961
0.021396
0.021396
0.0189285
0.0200993
0.0200993
0.022099
0.0200992
0.0213958
0.0205018
0.0184082
0.0200991
0.0200991
0.020707
0.0213955
0.0189282
0.0213955
0.0211939
0.0213962
0.0213961
0.0189285
0.0189285
0.0220991
0.0200993
0.0194922
0.0213959
0.0213959
0.0213958
0.0229982
0.0213957
0.0211857
0.0213964
0.023574
0.0235739
0.0207076
0.0241987
0.0189285
0.0220992
0.0200993
0.0200992
0.021396
0.0207073
0.0213959
0.0200991
0.0211798
0.0213966
0.0213965
0.0213965
0.0213964
0.0184081
0.0184081
0.0200994
0.0189285
0.023574
0.0189284
0.0207075
0.0213961
0.0200992
0.021396
0.0213959
0.0189283
0.0213959
0.0207072
0.019492
0.020724
0.0190646
0.018928
0.0224258
0.0200988
0.0220986
0.0207067
0.022884
0.0200987
0.0207066
0.0189278
0.0207066
0.0213951
0.0200986
0.0224252
0.0235723
0.0220982
0.0200984
0.0200984
0.0184074
0.0213948
0.0200984
0.023572
0.0213947
0.0207061
0.0213946
0.0214397
0.0213945
0.0200982
0.0200981
0.0211975
0.0200985
0.021395
0.0182184
0.0203986
0.0207063
0.0213949
0.0184073
0.0213948
0.0213948
0.0194912
0.0200983
0.0179856
0.0196934
0.0207265
0.0184072
0.0213945
0.0213944
0.019491
0.0200981
0.0213943
0.021195
0.0207064
0.0184072
0.0213949
0.0200983
0.0213949
0.0200983
0.0220981
0.0213947
0.0213947
0.0189273
0.0200982
0.0200981
0.0200981
0.020706
0.0211862
0.0200985
0.0213952
0.0220983
0.0213951
0.021395
0.0241978
0.0207064
0.0224255
0.0189273
0.0194911
0.0213947
0.0200981
0.0213946
0.019491
0.0200981
0.020098
0.0213945
0.0220978
0.0207059
0.0213944
0.0200979
0.0207058
0.0194908
0.018927
0.0200978
0.0220975
0.0194907
0.0213941
0.0220974
0.0189269
0.0207055
0.0207054
0.0207054
0.0207053
0.0220973
0.0200976
0.0220972
0.0207052
0.0194904
0.0184065
0.0201601
0.0241956
0.0212386
0.0241953
0.0220965
0.0194899
0.0189262
0.0200969
0.0213929
0.02357
0.02357
0.0189261
0.0194897
0.0200967
0.0194897
0.0213928
0.0220963
0.0213927
0.0213927
0.018926
0.0213926
0.0200966
0.0200966
0.0200966
0.0189259
0.0212116
0.0213931
0.0187925
0.0200968
0.021393
0.0200967
0.018926
0.0241952
0.0200967
0.0213928
0.0213928
0.0189259
0.0194896
0.0200966
0.0189259
0.0200965
0.0213927
0.0213926
0.0213926
0.0212046
0.0200968
0.0213932
0.0241956
0.0200967
0.0211911
0.0200971
0.0179885
0.0211774
0.0207059
0.0213944
0.0200975
0.0213943
0.0207057
0.0207057
0.0213941
0.0211669
0.021395
0.0194908
0.0207063
0.0189268
0.0200977
0.0200977
0.0200977
0.0200976
0.0211566
0.0194911
0.0220983
0.0200982
0.0200981
0.023574
0.0220981
0.0228836
0.0213951
0.0228835
0.0207064
0.0213949
0.0200977
0.0213948
0.0194906
0.0194906
0.0213946
0.0213946
0.0200975
0.0200975
0.0200974
0.0213944
0.0207058
0.0200973
0.0200973
0.0189264
0.0211593
0.0194908
0.0189269
0.0200978
0.0194907
0.0200488
0.020502
0.0204078
0.0207058
0.0213943
0.0213942
0.0213942
0.0211563
0.0200978
0.0189268
0.0189268
0.0200977
0.0211436
0.0189274
0.0213958
0.0184064
0.0194911
0.0213956
0.020707
0.0207069
0.020098
0.018927
0.0207067
0.0189269
0.0194908
0.0207066
0.0200978
0.0224268
0.0213948
0.0207062
0.0200975
0.0213947
0.020706
0.020706
0.0220974
0.0200973
0.0213943
0.0200972
0.0213942
0.0213942
0.0200971
0.021394
0.021394
0.0217443
0.0205624
0.0213936
0.0207051
0.020705
0.0220966
0.0200967
0.0200966
0.0220965
0.0189257
0.0200965
0.0241965
0.0194894
0.0194894
0.0193404
0.0199218
0.0229959
0.0207041
0.0220959
0.020096
0.0213925
0.0200959
0.0200959
0.0213924
0.0213923
0.0213923
0.0213922
0.0184047
0.0200958
0.02357
0.0194887
0.0235699
0.0194886
0.0189249
0.0194885
0.0211825
0.0241958
0.0220958
0.0213925
0.0241956
0.0224233
0.0218958
0.0207037
0.0213922
0.0207036
0.0194886
0.0189248
0.021392
0.0211772
0.0235711
0.0220959
0.0213926
0.0194889
0.0207041
0.0213925
0.0241956
0.018925
0.018925
0.0200957
0.021169
0.0213931
0.0213931
0.021393
0.0189253
0.0200961
0.0213928
0.0213928
0.0194889
0.0192149
0.0202613
0.0200957
0.0245668
0.0245667
0.0228809
0.0201459
0.0213917
0.0241947
0.0179868
0.0189244
0.0213915
0.0228803
0.018404
0.0200951
0.0213914
0.0179846
0.0207028
0.019488
0.0213912
0.0200949
0.0194879
0.0213911
0.0207026
0.0236913
0.0184251
0.0207027
0.0220948
0.0216882
0.0203949
0.0192124
0.0213909
0.0213908
0.0194877
0.018924
0.018924
0.0220944
0.0228797
0.0213906
0.0228796
0.0211058
0.0241932
0.0228795
0.0207019
0.0228794
0.0214349
0.0200421
0.0212016
0.0210464
0.0184036
0.0228797
0.0200945
0.0220942
0.0220942
0.0228795
0.0228795
0.0213905
0.0220941
0.0235682
0.0265684
0.0228793
0.0197871
0.0213903
0.0213902
0.0220938
0.0159787
0.0265681
0.0200944
0.0200944
0.0228794
0.0213903
0.0159403
0.0265681
0.0213906
0.0200947
0.0241932
0.0228797
0.0265677
0.020702
0.0194876
0.0159064
0.0200952
0.0213909
0.0277196
0.0181742
0.0220954
0.0158447
0.0214356
0.025508
0.0277203
0.0158091
0.0157702
0.0213943
0.0265707
0.0157357
0.015698
0.0228872
0.0156635
0.015627
0.018933
0.0199003
0.0221079
0.0245724
0.020731
0.0236992
0.0196455
0.0201459
0.0201768
0.0245632
0.0200945
0.0265664
0.0199416
0.019988
0.0213857
0.0198824
0.0200947
0.0200922
0.020119
0.0201363
0.0200954
0.0201962
0.0201264
0.0200458
0.0201153
0.0213783
0.0201662
0.0201577
0.0207058
0.0211974
0.0213747
0.0220827
0.0201467
0.0202264
0.0220821
0.0200769
0.0201805
0.020446
0.0200863
0.0220811
0.0210297
0.0200764
0.0194732
0.0228611
0.0160357
0.0200747
0.0245475
0.0228611
0.0220808
0.0203066
0.0200798
0.0200697
0.0200861
0.0245431
0.0228556
0.024543
0.0215924
0.0153098
0.0200624
0.0201009
0.0199095
0.0197587
0.0204977
0.0220702
0.0213647
0.0200645
0.0228413
0.0200682
0.0200893
0.0224389
0.0200622
0.0241513
0.0200444
0.0200607
0.0200479
0.0201072
0.0206725
0.02003
0.0201694
0.0245237
0.026529
0.0220501
0.0213468
0.0245236
0.0196216
0.0195004
0.0194399
0.02205
0.0213466
0.0183572
0.0213466
0.0245232
0.020676
0.0220499
0.0198407
0.0159886
0.0194445
0.018395
0.024523
0.0213479
0.0145506
0.0194444
0.0208959
0.0188772
0.0213482
0.0220539
0.0245231
0.0220538
0.0228344
0.0200398
0.0200367
0.0199149
0.0200709
0.0200363
0.0200335
0.0188654
0.0200351
0.0200372
0.020051
0.0200783
0.0200309
0.0201068
0.02003
0.021331
0.0213237
0.0228178
0.0204252
0.0200399
0.0202047
0.0201285
0.0200096
0.0213285
0.0213291
0.0200071
0.0220355
0.026512
0.0200269
0.0201038
0.0201349
0.0200193
0.0228138
0.0220335
0.0220335
0.0208164
0.0204206
0.0213261
0.02651
0.0228137
0.0228137
0.0228137
0.0236278
0.0213195
0.0200254
0.0207815
0.0211463
0.0254509
0.0245041
0.0211463
0.0236274
0.0202722
0.0224048
0.0224048
0.0213263
0.01987
0.0200307
0.0206914
0.0206383
0.0200226
0.0220289
0.0228125
0.0200226
0.0228125
0.0265086
0.0245031
0.0200226
0.0213247
0.0220289
0.0245031
0.0196673
0.0200233
0.0194761
0.0200718
0.0199398
0.0199615
0.0200794
0.0203327
0.0199369
0.018149
0.0188495
0.0228112
0.0228112
0.0228111
0.0228111
0.0200211
0.0220276
0.0228111
0.0213233
0.0213233
0.0265067
0.019416
0.0265066
0.0220304
0.022811
0.0245014
0.0245014
0.0265065
0.0265065
0.0245013
0.0265064
0.0245012
0.0245012
0.020021
0.0213231
0.0245012
0.0245012
0.0245012
0.0245011
0.0245011
0.0265061
0.0228109
0.0201234
0.0206486
0.0187433
0.0205967
0.0220272
0.0228107
0.0228107
0.0245009
0.0212299
0.0245012
0.0213229
0.0245011
0.0245011
0.0228106
0.0209768
0.0206363
0.0188529
0.0212145
0.0205101
0.0207924
0.022027
0.0206364
0.0159493
0.0206365
0.0254481
0.0220272
0.0228107
0.0159094
0.0265068
0.020021
0.0220276
0.0265067
0.020021
0.0241229
0.0158726
0.0213244
0.0194164
0.0236254
0.0151977
0.0200218
0.0265073
0.01518
0.0236264
0.0157856
0.0213256
0.0220301
0.0157496
0.0236285
0.0201253
0.0183354
0.0213261
0.0213185
0.0204185
0.0245038
0.0245038
0.0245037
0.0245036
0.0228137
0.0204146
0.0199756
0.0245012
0.0200628
0.02006
0.0200411
0.020013
0.0200059
0.0244968
0.0200754
0.0200209
0.0194254
0.0200157
0.0200263
0.0213038
0.0216584
0.0195235
0.0264951
0.0244897
0.0220177
0.026495
0.0244896
0.0244896
0.0212139
0.0213104
0.0227982
0.0264954
0.0244899
0.0227982
0.0264953
0.0244898
0.0244898
0.0244898
0.0213036
0.0202371
0.0200209
0.0200075
0.0152386
0.0200007
0.020095
0.0206199
0.021794
0.0199917
0.0264814
0.0244758
0.0211152
0.015978
0.0199375
0.0254232
0.0212946
0.0227827
0.0244753
0.0244753
0.0264807
0.0212949
0.0215183
0.0209471
0.0216425
0.0204585
0.0220022
0.0227826
0.0264805
0.0227826
0.0244751
0.0199913
0.0244751
0.0216424
0.0203008
0.0205274
0.0201146
0.0244748
0.0199412
0.0212939
0.0244746
0.0227728
0.0206221
0.0220016
0.0244746
0.0206189
0.0212871
0.0264799
0.0220015
0.0220015
0.0244744
0.0193905
0.022782
0.0209464
0.0244744
0.0203361
0.0212053
0.0244746
0.0220015
0.021287
0.021114
0.0220014
0.0217615
0.0220014
0.020267
0.020219
0.0203854
0.019991
0.0209471
0.0204925
0.0200002
0.0227791
0.0211956
0.0244724
0.0201201
0.0215147
0.0201504
0.0145213
0.0201057
0.0244717
0.0244716
0.0244716
0.0244716
0.0244716
0.0244716
0.0200396
0.0199907
0.019983
0.0199842
0.0199922
0.0202798
0.0200034
0.0264663
0.0195637
0.0420082
0.0200312
0.019973
0.0227592
0.0264597
0.0244538
0.0183135
0.0210385
0.0254026
0.0244537
0.0244536
0.0244536
0.0244536
0.0199176
0.0205981
0.0212703
0.0212702
0.0244531
0.0205852
0.0203584
0.0199664
0.0227586
0.0212702
0.0188008
0.0227586
0.0227586
0.0212701
0.0199664
0.0212701
0.0212701
0.0199663
0.0203583
0.0199874
0.0199736
0.0202722
0.0205938
0.0208516
0.0244493
0.0264552
0.0227545
0.0244493
0.0244493
0.0244493
0.0264551
0.0244492
0.0227544
0.026455
0.0244492
0.0244491
0.0244491
0.0264549
0.019962
0.0227544
0.019962
0.0227544
0.0244491
0.0244491
0.024449
0.0192245
0.0208128
0.0199666
0.0207173
0.0201196
0.0200779
0.0244457
0.0264515
0.0219705
0.0227505
0.0198987
0.0227505
0.0216102
0.0199795
0.0223425
0.0244447
0.0190769
0.0214853
0.0212544
0.0199903
0.0201089
0.0201118
0.0199585
0.0196475
0.0205828
0.0212551
0.019071
0.0244394
0.0227352
0.0223369
0.0214796
0.0203682
0.0200199
0.0219635
0.0212506
0.0212483
0.0212546
0.0244389
0.0227433
0.022284
0.0212546
0.0244389
0.0203412
0.0200879
0.0219632
0.0223362
0.0199866
0.0202601
0.0187905
0.0203408
0.0244383
0.0211734
0.0240566
0.0219612
0.0212543
0.0227429
0.0159177
0.0199956
0.01995
0.0204947
0.026442
0.0219603
0.024436
0.024436
0.024436
0.024436
0.0227402
0.0264419
0.0183158
0.0199658
0.0244349
0.01996
0.0210174
0.0205919
0.0244346
0.0199839
0.0194583
0.0244342
0.0244342
0.0202508
0.0244342
0.0212493
0.0244341
0.0234275
0.0199451
0.022738
0.0212493
0.0212493
0.0187803
0.0199451
0.0211554
0.0244344
0.0212495
0.0199451
0.0205651
0.0244344
0.020565
0.0244343
0.0264405
0.0244343
0.0244343
0.0264404
0.0202551
0.0195435
0.0244339
0.0199449
0.0199449
0.0244339
0.0219562
0.0193418
0.0244338
0.0212491
0.0205647
0.0199448
0.0203354
0.0201509
0.0219578
0.0200032
0.0244335
0.0203351
0.0193416
0.0198183
0.0199541
0.019945
0.0199529
0.0187826
0.0190603
0.0199367
0.0244294
0.0244294
0.0187757
0.0244294
0.0244294
0.0244294
0.0227332
0.0244293
0.0244293
0.0212443
0.0187756
0.0206965
0.019093
0.0195348
0.0198983
0.0199382
0.0199628
0.020305
0.0187713
0.024043
0.0202473
0.0244255
0.0217406
0.0244255
0.0227288
0.0203251
0.0201417
0.0136134
0.0199334
0.0199301
0.0231229
0.0201514
0.0219396
0.0227192
0.0222606
0.0227191
0.0244165
0.0244165
0.0212234
0.0212301
0.0227108
0.0199319
0.024416
0.024416
0.0203138
0.0207188
0.024416
0.0193226
0.0244159
0.0198637
0.0180653
0.019938
0.0199283
0.0200435
0.0199004
0.0199599
0.0222546
0.0199672
0.0199253
0.0182892
0.0212228
0.0219311
0.0187545
0.0182331
0.0244097
0.0244097
0.0180466
0.0205473
0.0200419
0.0244095
0.0244095
0.0219322
0.0203062
0.0200954
0.0244094
0.0244094
0.0244094
0.0244094
0.018045
0.0264154
0.0244094
0.0244094
0.0264153
0.0244093
0.0234022
0.0221217
0.0227117
0.0212225
0.0227117
0.0244093
0.0227117
0.0244093
0.0244093
0.0201144
0.0199212
0.0227103
0.0202895
0.0219309
0.0201418
0.0244083
0.0264144
0.0227103
0.0244082
0.0244082
0.0264143
0.0201417
0.0315883
0.0199222
0.0244052
0.0223012
0.0212117
0.0244051
0.0244051
0.0244051
0.0244051
0.0244051
0.0244051
0.0244051
0.0227068
0.0212117
0.024405
0.024405
0.024405
0.020057
0.026411
0.0219273
0.0201399
0.0201616
0.0253562
0.0208706
0.0209853
0.0222487
0.0219273
0.0219273
0.0244049
0.0244049
0.0199327
0.0201781
0.0199185
0.0201785
0.0202996
0.0199373
0.019899
0.0212086
0.022298
0.0143092
0.0200754
0.0199175
0.0199582
0.0199978
0.0244014
0.0244013
0.0244013
0.0244013
0.0244013
0.0244013
0.0244013
0.0227028
0.0200675
0.0199201
0.0201408
0.0208665
0.0219232
0.0198462
0.0219219
0.0244009
0.0244009
0.0244009
0.0212131
0.0199098
0.0193647
0.0244006
0.0244006
0.0244006
0.0211404
0.0227023
0.0135826
0.0198502
0.0244005
0.0244005
0.0244005
0.0202955
0.0206676
0.0244004
0.0212127
0.0187447
0.0200081
0.0196067
0.0199136
0.0201395
0.019919
0.0199497
0.0199579
0.0198949
0.0199181
0.0199463
0.0199291
0.0212041
0.0243961
0.0243961
0.0202901
0.0202929
0.024396
0.024396
0.024396
0.024396
0.024396
0.024396
0.024396
0.024396
0.0226971
0.0243959
0.0253472
0.0199215
0.0243958
0.022697
0.026402
0.0243958
0.0243957
0.0243957
0.0212075
0.0243957
0.0243957
0.0199508
0.0206262
0.0235148
0.0243956
0.0243956
0.0212074
0.0226969
0.0199508
0.0226968
0.0219164
0.0205311
0.0243955
0.0205316
0.0184555
0.0202894
0.0226967
0.020473
0.0264015
0.0243954
0.0200059
0.0243953
0.0243952
0.0222387
0.0243952
0.018961
0.0226965
0.0243951
0.0243951
0.0243951
0.0243951
0.0264011
0.0243951
0.024395
0.0199982
0.0226964
0.024395
0.024395
0.024395
0.021917
0.024395
0.0243949
0.0315781
0.0199669
0.0204393
0.0205236
0.0243949
0.0419678
0.0199049
0.0199022
0.0199008
0.0243938
0.0243937
0.019299
0.0243937
0.0243937
0.0263999
0.0226948
0.0243937
0.0212053
0.0226948
0.0222893
0.0275454
0.0208233
0.0212052
0.0199007
0.022237
0.0202872
0.0199007
0.0199007
0.0226947
0.0226947
0.0228054
0.0233859
0.0226947
0.0243935
0.0263997
0.0226947
0.0243935
0.0243935
0.0199007
0.0243935
0.0199292
0.0199014
0.0198999
0.0199005
0.0205524
0.019901
0.0199008
0.0198997
0.0198997
0.0243929
0.0198692
0.0198995
0.0202861
0.0199838
0.0202141
0.0226934
0.0263988
0.0243925
0.0243925
0.0263988
0.0243925
0.0243925
0.0203165
0.0212039
0.0235114
0.0212039
0.0205312
0.0195961
0.0194097
0.0199004
0.0182727
0.0201852
0.0219139
0.0243921
0.0219139
0.024392
0.0212036
0.024392
0.0212036
0.017883
0.0203384
0.0206586
0.024392
0.0243919
0.0243919
0.0202853
0.0199919
0.0226929
0.0212034
0.0243918
0.0243918
0.0197488
0.0243916
0.0243916
0.0226928
0.0212032
0.0243916
0.0226928
0.0226928
0.0226928
0.0243916
0.0202849
0.0198986
0.0212029
0.0201638
0.0243913
0.0243913
0.0263974
0.0243913
0.0243912
0.0206579
0.0243912
0.0243912
0.0243912
0.0194084
0.0243912
0.0212027
0.0243912
0.0243911
0.0243911
0.0243911
0.021913
0.0243911
0.0263971
0.0243911
0.0243911
0.0419657
0.0199077
0.0243898
0.0243898
0.0243898
0.0243898
0.0243898
0.0243897
0.0243897
0.0243897
0.0219114
0.0203137
0.0203665
0.0243896
0.0243896
0.019298
0.0212009
0.0226905
0.0243896
0.0243896
0.0243896
0.0243896
0.0243895
0.0243895
0.0226905
0.0195932
0.0187335
0.0135685
0.0199315
0.0199168
0.0199784
0.0187324
0.0211267
0.0198953
0.0212
0.0198953
0.0198953
0.0198953
0.0243889
0.0198953
0.0208533
0.0205272
0.0182695
0.0192935
0.0211998
0.0243886
0.0198958
0.0177875
0.0211998
0.0243886
0.0187322
0.0240052
0.0198938
0.0199282
0.0243857
0.0243857
0.022686
0.0200197
0.0198218
0.018729
0.0205236
0.0219068
0.0243855
0.0198917
0.0243854
0.0243854
0.0216653
0.0201777
0.0190504
0.0243852
0.0222805
0.0201153
0.0197592
0.0205207
0.0211267
0.0187287
0.019698
0.0199545
0.0182338
0.0205129
0.0205203
0.0243848
0.0243848
0.0243848
0.0212195
0.0243848
0.0243848
0.023377
0.0226852
0.0219061
0.0205128
0.0243847
0.0243847
0.0226851
0.0226851
0.0243847
0.0243847
0.0194009
0.0187282
0.0211956
0.0226851
0.019891
0.0199978
0.0243845
0.0243845
0.0243845
0.0243845
0.0243845
0.0243845
0.0205211
0.0211954
0.0243845
0.0202764
0.0195133
0.0243844
0.0192892
0.0182062
0.0211953
0.0243844
0.0243844
0.0243844
0.0211953
0.0243843
0.0243843
0.0243843
0.0243843
0.025336
0.0243843
0.0243843
0.0243843
0.0243843
0.0243843
0.0243842
0.0263903
0.0243842
0.0212188
0.0243842
0.0211952
0.0200944
0.0211952
0.019905
0.020276
0.0219055
0.024384
0.0205223
0.0202637
0.024384
0.024384
0.0198905
0.024384
0.024384
0.0219055
0.0243839
0.0243839
0.0243839
0.0243839
0.0243839
0.0243839
0.0243839
0.0194
0.0211894
0.0243839
0.0243838
0.0243838
0.0243838
0.0243838
0.0211948
0.0201087
0.0263898
0.0243838
0.0243837
0.0211947
0.0243837
0.0202756
0.0208489
0.0201139
0.0177863
0.0197679
0.0199897
0.0240005
0.0206134
0.0211892
0.0200972
0.0189471
0.0243835
0.0243835
0.0243834
0.0243834
0.0226843
0.023376
0.0205473
0.0243836
0.0211133
0.0177835
0.0243839
0.0151647
0.0200481
0.0199173
0.0186609
0.019916
0.0202754
0.0243834
0.0243834
0.0226839
0.0202754
0.0187238
0.0202753
0.022684
0.0227952
0.0243833
0.0263894
0.0243833
0.0219048
0.0243833
0.0226839
0.0205189
0.0243832
0.0202751
0.0200662
0.0211941
0.0243831
0.0243831
0.0219046
0.018584
0.020275
0.0205547
0.0419616
0.0198913
0.019886
0.0198956
0.0187218
0.0243786
0.0243786
0.0243786
0.0243786
0.0243786
0.0243785
0.0208429
0.0185998
0.0211888
0.0243785
0.0243785
0.0243785
0.0211888
0.0243784
0.0243784
0.0215381
0.0218995
0.0206075
0.0198749
0.0199676
0.024378
0.0205381
0.0243782
0.0243782
0.0243782
0.0212117
0.0243781
0.0211882
0.0226778
0.0182259
0.0243781
0.0211882
0.0243781
0.0222731
0.0212115
0.0198171
0.0198972
0.0194669
0.0211818
0.024377
0.0226768
0.018989
0.0211872
0.0207735
0.0198835
0.0189844
0.0218937
0.02051
0.0419548
0.0198789
0.0198623
0.0189317
0.0158701
0.0198792
0.0198849
0.0202569
0.0211722
0.0243681
0.0204951
0.0226671
0.0243681
0.0243681
0.0243681
0.0199176
0.0198945
0.020256
0.0198936
0.0189924
0.019864
0.0211698
0.0211698
0.024366
0.0218862
0.024366
0.024366
0.0243659
0.0243659
0.0226648
0.0194211
0.0198969
0.0200926
0.0204363
0.0243655
0.0226643
0.0226643
0.0243655
0.0243655
0.0182114
0.0199519
0.0198722
0.0198723
0.0192063
0.0198727
0.0192657
0.0243602
0.0243602
0.0243602
0.0243601
0.0243601
0.0243601
0.0243601
0.0226583
0.0198285
0.0198762
0.0198631
0.0198651
0.024355
0.024355
0.0226526
0.0226526
0.024355
0.0226526
0.0243549
0.0243549
0.0243549
0.0243549
0.0243549
0.0243549
0.0243549
0.0263616
0.0243549
0.0243549
0.0243549
0.0243548
0.0263615
0.0158713
0.019257
0.01986
0.0198586
0.0253047
0.0159944
0.0234683
0.0198559
0.0226453
0.0243482
0.0243482
0.0243482
0.0243482
0.0243482
0.0243482
0.0198519
0.019876
0.0243468
0.0226439
0.0243468
0.0218657
0.0243468
0.0202314
0.0198631
0.0198542
0.0218633
0.0202287
0.0198519
0.0198727
0.0211443
0.0243425
0.0226392
0.0218612
0.0204761
0.022236
0.0243424
0.0226392
0.0226392
0.0243424
0.0226391
0.0200509
0.0243424
0.0226325
0.0243424
0.0203814
0.0211442
0.0243423
0.020226
0.0200205
0.0243422
0.01351
0.0198483
0.0243401
0.0243401
0.026347
0.0243401
0.0263469
0.0243401
0.0243401
0.0243401
0.0226366
0.0243401
0.0243401
0.0243401
0.02434
0.0226366
0.02434
0.02434
0.02434
0.02434
0.02434
0.0211465
0.0226366
0.02434
0.0226366
0.02434
0.0226366
0.0226366
0.0226366
0.02434
0.02434
0.0243399
0.0243399
0.0243399
0.0226366
0.0243399
0.0243399
0.0230406
0.022181
0.0200475
0.0243399
0.0243398
0.0226365
0.0263466
0.0243398
0.0226365
0.0213736
0.0263465
0.0243398
0.0239548
0.0263465
0.0243398
0.0211416
0.019916
0.0360318
0.019705
0.019846
0.0198523
0.0243384
0.0243384
0.0243384
0.0243384
0.0243384
0.0243384
0.0226349
0.0243384
0.019952
0.0243383
0.0243383
0.0243383
0.0226348
0.0243383
0.0198396
0.0243383
0.0198496
0.0243381
0.0243381
0.0226346
0.0243381
0.0243381
0.0243381
0.0243381
0.0211444
0.024338
0.0263448
0.024338
0.024338
0.0218566
0.0226346
0.0189433
0.0177373
0.0198966
0.0243378
0.0243378
0.0243378
0.0263445
0.0243377
0.0226343
0.0243377
0.0243377
0.0243377
0.0243377
0.0243377
0.0243377
0.0243377
0.0243377
0.0218563
0.0206905
0.0243377
0.0239527
0.0199669
0.0263443
0.021144
0.0243376
0.0243376
0.0263443
0.0243376
0.0243376
0.019995
0.0197887
0.0198553
0.0243369
0.0202197
0.0202553
0.0186774
0.0203756
0.0243369
0.0274872
0.0199705
0.0198398
0.0198759
0.0198948
0.0243345
0.0211358
0.0211374
0.0198765
0.0200829
0.0243343
0.0243343
0.0243342
0.0233248
0.0198508
0.0198338
0.019826
0.0198254
0.0198257
0.0198178
0.0198149
0.0198111
0.0206607
0.0243108
0.0198184
0.0201875
0.0211316
0.0243099
0.0243099
0.0243099
0.0226039
0.0239238
0.0243099
0.0243099
0.0222021
0.0243098
0.0243098
0.0243098
0.0186486
0.0199979
0.0196865
0.0198337
0.019815
0.021112
0.0198229
0.0243079
0.0315101
0.0197986
0.0198054
0.0243034
0.0243034
0.0243034
0.0211065
0.0225969
0.0221429
0.0243033
0.0243033
0.0243033
0.0243033
0.023293
0.0243033
0.0181187
0.0225969
0.0225969
0.0243033
0.0221429
0.0263105
0.0243033
0.0225969
0.0243033
0.0243033
0.0243033
0.0225913
0.0243033
0.0243032
0.0263104
0.0225969
0.0243032
0.0243032
0.0204262
0.0225969
0.0263104
0.0225969
0.0243032
0.0243032
0.0243032
0.0211024
0.0218245
0.0216117
0.0201091
0.021697
0.0206526
0.0181826
0.0199649
0.0315066
0.0198798
0.0243029
0.0243029
0.0243029
0.0243029
0.0218195
0.0243029
0.0243029
0.0243029
0.0243029
0.0243029
0.0225966
0.0243029
0.0243029
0.0263099
0.0243029
0.0263099
0.0243028
0.0243028
0.0243028
0.0263099
0.0243028
0.0243028
0.0243028
0.0243028
0.0174393
0.019807
0.0198022
0.019799
0.019797
0.0242959
0.0263031
0.0225888
0.0242958
0.0242958
0.0242958
0.0210981
0.0242958
0.0242958
0.0242958
0.0225888
0.0242958
0.0242958
0.0158214
0.0197935
0.0200349
0.0199634
0.0201032
0.0150009
0.0197452
0.0225832
0.0242955
0.0179324
0.0263026
0.0225886
0.0197927
0.0263026
0.021098
0.0201008
0.0242954
0.0242954
0.0242954
0.021094
0.0197931
0.0197926
0.0263026
0.0242954
0.0225885
0.0242954
0.0210979
0.0263025
0.0225885
0.0242954
0.0263025
0.0263025
0.0242954
0.0242954
0.0242953
0.0242953
0.0242953
0.0263025
0.0211148
0.0210979
0.0207526
0.0242953
0.0242953
0.0263024
0.0210979
0.0242953
0.0191959
0.0197525
0.0210978
0.0211148
0.0218115
0.0242953
0.0210978
0.0242953
0.0242953
0.0263024
0.0242952
0.0225884
0.0207526
0.0225884
0.0242952
0.0242952
0.0242952
0.020166
0.0242952
0.0242952
0.0198608
0.0225884
0.0242952
0.0242952
0.0242952
0.0242952
0.0200079
0.0225883
0.0199609
0.0210977
0.0196989
0.0197924
0.0197928
0.0225883
0.0210977
0.0242951
0.0242951
0.0225883
0.0242951
0.0242951
0.0242951
0.0242951
0.0225883
0.0242951
0.0242951
0.0242951
0.0242951
0.0242951
0.0225883
0.0225883
0.0242951
0.0210976
0.0201659
0.0242951
0.0242951
0.0210976
0.0194887
0.0199116
0.024295
0.024295
0.0225882
0.0225882
0.024295
0.024295
0.024295
0.0225882
0.0263021
0.024295
0.0263021
0.0197923
0.0225882
0.024295
0.024295
0.0198896
0.020058
0.0210975
0.0198114
0.0242949
0.0242949
0.0239088
0.0198849
0.0218111
0.0242949
0.0225826
0.0242949
0.0242949
0.0225881
0.0242949
0.0242949
0.0242949
0.022588
0.0199968
0.0204174
0.0184904
0.0149997
0.0199574
0.0202092
0.021811
0.020261
0.0211142
0.0242948
0.0242948
0.0242947
0.0242947
0.0242947
0.0242947
0.0242947
0.0242947
0.0192764
0.0210934
0.0242947
0.0205529
0.0225879
0.0242947
0.0263017
0.0263017
0.0242946
0.0210972
0.0225879
0.0242946
0.0242946
0.0197927
0.0263017
0.0242946
0.0242946
0.0225879
0.0242946
0.0263017
0.0263017
0.0242946
0.0199691
0.0242946
0.0419065
0.019845
0.0242945
0.0242945
0.0242945
0.0225877
0.0242945
0.0203296
0.020209
0.0263016
0.0242945
0.0225877
0.0242945
0.0263016
0.0242945
0.0242945
0.0242945
0.0263015
0.0242945
0.0197918
0.0225877
0.0242945
0.0263015
0.0186328
0.0242945
0.0242945
0.021097
0.0242945
0.0242944
0.0242944
0.0242944
0.0242944
0.0242944
0.0192965
0.021097
0.0242944
0.0242944
0.0242944
0.0263014
0.0263014
0.0242944
0.0242944
0.0242944
0.0242944
0.0242944
0.0242944
0.0242944
0.0242944
0.0225877
0.021097
0.0200574
0.0225877
0.0188491
0.0218106
0.0205656
0.0191951
0.0242943
0.0225876
0.0242943
0.0242943
0.0218106
0.0242943
0.0225876
0.0242943
0.0242943
0.0242943
0.0218106
0.0196181
0.0207519
0.0225876
0.0204237
0.0242942
0.022134
0.0242942
0.0242942
0.0242942
0.0225875
0.0242942
0.0242942
0.0242942
0.0263012
0.0263012
0.0242942
0.0242942
0.0225875
0.0242942
0.0242942
0.0242942
0.0225875
0.0225875
0.0242942
0.0207517
0.0242942
0.0218105
0.0197917
0.0202607
0.0204236
0.0207826
0.0202087
0.0210968
0.0314995
0.0198085
0.0221334
0.0242939
0.0242939
0.021999
0.0199454
0.0199444
0.0198149
0.0225867
0.0242936
0.0242936
0.0225867
0.0200386
0.0225866
0.0242936
0.021096
0.0198523
0.0210959
0.0210482
0.0263009
0.0225866
0.0242937
0.0242937
0.0242937
0.0225866
0.0197687
0.0198034
0.0242929
0.0242929
0.0242929
0.0218135
0.0242929
0.0242928
0.0242928
0.0242928
0.0242928
0.0242928
0.0263
0.0242928
0.0225858
0.0134483
0.0197996
0.0197862
0.0197983
0.0197777
0.0208057
0.019806
0.0194845
0.0242912
0.0242911
0.0242911
0.0242911
0.0262983
0.0215992
0.0262983
0.0176859
0.024291
0.0225839
0.024291
0.0218071
0.0225839
0.0225839
0.024291
0.024291
0.024291
0.024291
0.0210932
0.0200961
0.024291
0.021807
0.024291
0.024291
0.0210932
0.0204199
0.024291
0.024291
0.024291
0.0225838
0.0210894
0.0206395
0.0225838
0.0242909
0.0242909
0.0225838
0.0210481
0.0242911
0.0242911
0.0242911
0.0225838
0.0242911
0.0242911
0.0242911
0.024291
0.024291
0.024291
0.024291
0.0210932
0.024291
0.024291
0.024291
0.024291
0.024291
0.0210932
0.0225838
0.0262982
0.024291
0.024291
0.0225838
0.0225838
0.024291
0.024291
0.0225838
0.024291
0.0225838
0.0225838
0.0225838
0.0242909
0.0242909
0.0225837
0.0242909
0.0198567
0.0208897
0.0225836
0.0242908
0.0225836
0.0242908
0.0225836
