0.204241
0.506647
0.61105
0.610984
0.611905
0.973781
0.999933
0.999482
0.999267
0.999617
0.998387
0.99972
0.999853
0.999487
0.999463
0.999967
0.999966
0.999724
0.999951
0.999832
0.999967
0.999859
0.999753
0.999978
0.998993
0.999693
0.999982
0.999984
0.999969
0.993103
0.999986
0.999992
0.99999
0.999868
0.999903
0.9995
0.999952
0.999888
0.99995
0.999931
0.999916
0.999966
0.999904
0.999986
0.999979
0.999992
0.999924
0.999995
0.999985
0.999951
0.999944
0.999834
0.999963
0.999679
0.999935
0.99996
0.999946
0.999947
0.999797
0.999733
0.999972
0.999914
0.999796
0.999623
0.99973
0.999874
0.999867
0.999939
0.999912
0.999882
0.999914
0.999956
0.997319
0.998273
0.999781
0.999632
0.999933
0.999878
0.999766
0.999909
0.999608
0.999583
0.997934
0.999848
0.998536
0.999823
0.999729
0.999705
0.999753
0.999603
0.999422
0.999802
0.997214
0.999858
0.999587
0.999639
0.986301
0.997802
0.999731
0.999808
0.996047
0.999579
0.998829
0.999896
0.999864
0.999925
0.999831
0.999824
0.999897
0.999939
0.99961
0.999754
0.999811
0.999715
0.999945
0.999837
0.999715
0.99908
0.999886
0.999609
0.999885
0.999793
0.999732
0.999819
0.999516
0.988764
0.999801
0.999292
0.999806
0.994382
0.998844
0.95
0.999966
0.997135
0.993939
0.999124
0.999416
0.999961
0.999904
0.999905
0.999967
0.999965
0.999955
0.997732
0.999848
0.995745
0.995798
0.999848
0.999461
0.999486
0.999977
0.999987
0.999938
0.99995
0.996324
0.923077
0.988764
0.999926
0.999915
0.999672
0.999576
0.999012
0.999927
0.96875
0.995413
0.990909
0.981818
0.985075
0.981481
0.997596
0.984375
0.990291
0.998837
0.999184
0.999956
0.999305
0.999938
0.999858
0.999948
0.999994
0.999951
0.999984
0.972222
0.999957
0.995025
0.99925
0.999985
0.998817
0.999964
0.999945
0.993151
0.980392
0.991935
0.999926
0.99802
0.997602
0.999871
0.999755
0.997917
0.992754
0.989474
0.998211
0.999842
0.992248
0.99997
0.981818
0.999989
0.995434
0.995434
0.999971
0.996
0.99957
0.999948
0.999957
0.999711
0.999957
0.982456
0.999987
0.999975
0.99639
0.999775
0.993151
0.994975
0.99929
0.998822
0.999556
0.996516
0.999934
0.99975
0.99639
0.999953
0.999753
0.996644
0.999725
0.999675
0.999568
0.999686
0.999785
0.971429
0.985915
0.981132
0.993007
0.995575
0.999952
0.999924
0.985294
0.999949
0.999848
0.999467
0.999532
0.996564
0.999991
0.999921
0.99435
0.993056
0.999975
0.988506
0.993789
0.999979
0.999027
0.999982
0.999942
0.999851
0.98
0.982456
0.982456
0.998536
0.999709
0.928571
0.972973
0.985507
0.999943
0.999936
0.99987
0.99875
0.998314
0.999373
0.999075
0.999966
0.999873
0.999208
0.99854
0.999863
0.996528
0.999812
0.995671
0.999953
0.999961
0.999948
0.997024
0.999844
0.999769
0.999848
0.999902
0.999932
0.999934
0.992908
0.999943
0.999861
0.985507
0.999975
0.996721
0.988764
0.999907
0.999982
0.995781
0.999928
0.999935
0.99965
0.999661
0.999816
0.999807
0.999646
0.998847
0.974359
0.967742
0.941176
0.993007
0.971429
0.993939
0.995708
0.944444
0.952381
0.952381
0.995434
0.998791
0.995745
0.997319
0.941176
0.999783
0.999045
0.999481
0.974359
0.999024
0.971429
0.98913
0.999827
0.999977
0.999562
0.996516
0.928571
0.971429
0.971429
0.988764
0.985915
0.999268
0.999818
0.999756
0.928571
0.944444
0.999653
0.972973
0.999808
0.99979
0.993631
0.997067
0.988372
0.981818
0.999508
0.99768
0.999561
0.998573
0.999886
0.998496
0.96875
0.997579
0.993007
0.995708
0.990991
0.988235
0.996016
0.999759
0.999664
0.966667
0.974359
0.997859
0.985915
0.999655
0.998811
0.997024
0.995984
0.99969
0.989899
0.997859
0.989247
0.971429
0.985915
0.999766
0.999719
0.928571
0.99
0.952381
0.999793
0.971429
0.993007
0.979592
0.981481
0.928571
0.962963
0.999304
0.999061
0.992248
0.994792
0.998909
0.999848
0.999338
0.994413
0.992
0.988764
0.971429
0.971429
0.979592
0.995392
0.979592
0.944444
0.923077
0.967742
0.998791
0.972222
0.998791
0.982456
0.999663
0.993631
0.999606
0.999041
0.997579
0.997658
0.971429
0.996678
0.990196
0.967742
0.994819
0.999612
0.985507
0.999794
0.944444
0.999695
0.999724
0.989247
0.990196
0.993007
0.941176
0.999481
0.994413
0.999533
0.999566
0.999057
0.984615
0.985915
0.984848
0.998081
0.990741
0.999569
0.999491
0.96875
0.916667
0.990741
0.988764
0.998454
0.998565
0.999443
0.998913
0.995633
0.971429
0.986486
0.981481
0.993007
0.990196
0.965517
0.941176
0.998347
0.928571
0.962963
0.971429
0.981132
0.999283
0.999855
0.988372
0.999569
0.995025
0.96875
0.981132
0.994536
0.99929
0.997347
0.992
0.995238
0.993671
0.999938
0.999618
0.997859
0.999866
0.972973
0.954545
0.995025
0.98913
0.928571
0.992806
0.98
0.954545
0.999338
0.999197
0.998305
0.997468
0.977778
0.9996
0.980392
0.977778
0.991736
0.999474
0.99928
0.981132
0.999662
0.999305
0.998192
0.993789
0.979167
0.996403
0.991525
0.944444
0.996255
0.999991
0.999974
0.99987
0.999677
0.999737
0.993007
0.999287
0.985915
0.999917
0.999402
0.985915
0.999633
0.998205
0.999755
0.999985
0.999913
0.999979
0.999957
0.999884
0.999688
0.981818
0.995652
0.999686
0.999249
0.998783
0.999865
0.998565
0.9998
0.999852
0.999918
0.982456
0.999887
0.971429
0.999881
0.999718
0.997701
0.999888
0.999911
0.999548
0.999842
0.999762
0.999086
0.979167
0.967742
0.928571
0.997183
0.999259
0.99949
0.994845
0.992857
0.994845
0.971429
0.992063
0.985294
0.993007
0.971429
0.998527
0.999693
0.998841
0.999814
0.999576
0.99723
0.999773
0.999585
0.991453
0.998601
0.996016
0.994413
0.999609
0.999682
0.992
0.999888
0.991379
0.996865
0.977273
0.988095
0.995536
0.999525
0.990099
0.999687
0.999847
0.999893
0.999185
0.928571
0.980392
0.998638
0.997579
0.996516
0.993789
0.994709
0.999799
0.999731
0.99807
0.999408
0.99631
0.996416
0.995633
0.985294
0.999811
0.972973
0.999845
0.988764
0.977273
0.992806
0.997938
0.988095
0.923077
0.981481
0.999204
0.999635
0.993007
0.998205
0.999654
0.987654
0.993421
0.999889
0.999559
0.997067
0.994413
0.998152
0.994505
0.999057
0.988764
0.990654
0.98
0.999809
0.985915
0.944444
0.941176
0.971429
0.972973
0.999822
0.992
0.941176
0.992754
0.999699
0.999822
0.9997
0.981132
0.999749
0.999883
0.941176
0.971429
0.96875
0.944444
0.944444
0.941176
0.972222
0.941176
0.990654
0.972973
0.999839
0.984848
0.941176
0.988372
0.999738
0.990741
0.999182
0.999737
0.996678
0.999204
0.999817
0.96875
0.990991
0.999918
0.941176
0.966667
0.99
0.967742
0.998131
0.999506
0.999722
0.998435
0.999935
0.999895
0.994413
0.981481
0.988235
0.999985
0.999907
0.941176
0.984127
0.999145
0.999338
0.999665
0.99981
0.996016
0.999459
0.994924
0.998628
0.999851
0.99989
0.99841
0.998081
0.973684
0.997468
0.999672
0.99988
0.999923
0.999983
0.972222
0.99994
0.994819
0.999388
0.997976
0.999544
0.999983
0.999885
0.999767
0.999963
0.99435
0.997199
0.997283
0.999923
0.999893
0.999361
0.999801
0.999876
0.999811
0.999544
0.999838
0.999693
0.928571
0.999506
0.998496
0.999867
0.996016
0.928571
0.985915
0.928571
0.928571
0.944444
0.941176
0.956522
0.997925
0.986111
0.993631
0.999088
0.999965
0.985294
0.999312
0.996226
0.9999
0.999502
0.999831
0.992
0.993007
0.996283
0.995349
0.990654
0.977778
0.988764
0.944444
0.979592
0.997938
0.923077
0.993007
0.999505
0.990826
0.996689
0.999939
0.997753
0.990291
0.990196
0.991071
0.999382
0.999544
0.999883
0.999934
0.979592
0.999861
0.954545
0.983051
0.989011
0.999845
0.999737
0.944444
0.999965
0.996721
0.998081
0.990654
0.999544
0.989899
0.954545
0.944444
0.988764
0.979167
0.971429
0.987654
0.944444
0.967742
0.994286
0.999699
0.999021
0.999449
0.999893
0.99997
0.999905
0.971429
0.971429
0.988889
0.988372
0.995708
0.981481
0.979167
0.971429
0.967742
0.952381
0.981132
0.992
0.941176
0.941176
0.941176
0.981132
0.984848
0.999698
0.99115
0.999854
0.941176
0.928571
0.988372
0.971429
0.981132
0.985915
0.996212
0.990291
0.999619
0.928571
0.972222
0.971429
0.928571
0.999847
0.9999
0.998841
0.999477
0.999548
0.999619
0.944444
0.985915
0.995708
0.999525
0.944444
0.944444
0.971429
0.928571
0.990654
0.998785
0.923077
0.944444
0.972973
0.999938
0.999929
0.998028
0.999719
0.976744
0.999941
0.999863
0.988235
0.999733
0.999946
0.983871
0.999971
0.999982
0.916667
0.928571
0.994413
0.999909
0.990385
0.998621
0.999833
0.971429
0.99982
0.997921
0.9999
0.996296
0.999913
0.972973
0.979167
0.981132
0.979167
0.997319
0.999523
0.999954
0.944444
0.941176
0.988764
0.999978
0.991803
0.99187
0.985075
0.999278
0.979592
0.99995
0.941176
0.96875
0.994413
0.999894
0.981481
0.986111
0.999041
0.997494
0.998496
0.986486
0.997319
0.941176
0.990566
0.972222
0.989011
0.995708
0.988372
0.98
0.971429
0.998905
0.998454
0.971429
0.9375
0.98
0.999601
0.991803
0.992958
0.998985
0.999555
0.998985
0.998865
0.996016
0.997423
0.999024
0.992
0.988506
0.999931
0.981132
0.96875
0.966667
0.987013
0.999278
0.969697
0.998638
0.990654
0.988764
0.966667
0.933333
0.981132
0.944444
0.985714
0.975
0.99997
0.999931
0.928571
0.990099
0.999421
0.983051
0.995261
0.928571
0.997773
0.944444
0.981132
0.973684
0.999746
0.981132
0.999823
0.98
0.928571
0.971429
0.969697
0.990099
0.988235
0.999841
0.999522
0.928571
0.987952
0.958333
0.999932
0.971429
0.954545
0.988372
0.999984
0.974359
0.999955
0.99972
0.999861
0.996904
0.970588
0.941176
0.96875
0.999872
0.99897
0.954545
0.974359
0.982456
0.992
0.971429
0.999854
0.981132
0.990991
0.996721
0.997938
0.992
0.979592
0.999807
0.999871
0.994413
0.96875
0.999665
0.999117
0.999665
0.996721
0.999097
0.99987
0.928571
0.9375
0.972222
0.972222
0.9375
0.988764
0.99726
0.999609
0.99975
0.99537
0.993197
0.999576
0.998035
0.999124
0.999088
0.995349
0.954545
0.992
0.928571
0.944444
0.969697
0.998828
0.999603
0.996516
0.985915
0.99905
0.996255
0.996016
0.944444
0.985714
0.998205
0.971429
0.999931
0.999523
0.975
0.992857
0.954545
0.988235
0.995349
0.99495
0.944444
0.944444
0.971429
0.954545
0.993789
0.994413
0.990196
0.998496
0.975
0.996241
0.954545
0.98
0.971429
0.989796
0.999415
0.971429
0.972222
0.995305
0.999892
0.997059
0.998569
0.999966
0.999974
0.996016
0.999985
0.993939
0.99993
0.999476
0.981132
0.999878
0.999735
0.988506
0.999838
0.996516
0.999937
0.999808
0.99949
0.993789
0.997067
0.981818
0.998544
0.999919
0.999956
0.999569
0.99569
0.999701
0.999525
0.999088
0.994012
0.96875
0.988764
0.999525
0.994413
0.999555
0.999315
0.998405
0.990566
0.999675
0.999892
0.999956
0.99997
0.990654
0.99991
0.996904
0.999073
0.983051
0.999847
0.997468
0.98
0.996904
0.995349
0.999898
0.998676
0.990654
0.99187
0.999786
0.995349
0.992248
0.96875
0.99893
0.999402
0.981132
0.991736
0.998496
0.991071
0.999681
0.999249
0.985915
0.998447
0.988889
0.993243
0.985915
0.990654
0.952381
0.944444
0.971429
0.997579
0.993007
0.969697
0.998871
0.999024
0.981132
0.988764
0.999606
0.998505
0.954545
0.997214
0.952381
0.99115
0.992
0.99995
0.998968
0.976744
0.997253
0.999908
0.980392
0.998331
0.998676
0.986301
0.95
0.999888
0.982456
0.994012
0.999941
0.998305
0.999498
0.997067
0.954545
0.997947
0.999466
0.999106
0.995708
0.999481
0.999776
0.999869
0.999529
0.998736
0.993197
0.999693
0.999669
0.998849
0.999977
0.999982
0.985294
0.999923
0.999948
0.999524
0.999314
0.999085
0.999896
0.999899
0.998758
0.999568
0.997579
0.997691
0.99945
0.993007
0.971429
0.998993
0.998374
0.999364
0.999912
0.999788
0.998536
0.999937
0.999852
0.982456
0.999158
0.992
0.999684
0.944444
0.982456
0.981132
0.982759
0.998192
0.999407
0.997579
0.954545
0.998134
0.971429
0.954545
0.971429
0.999206
0.999338
0.999528
0.96875
0.985507
0.999182
0.975
0.95
0.928571
0.95
0.95
0.982456
0.971429
0.998536
0.999517
0.944444
0.971429
0.944444
0.974359
0.990476
0.997494
0.981132
0.993789
0.944444
0.95
0.944444
0.971429
0.981132
0.98
0.988764
0.979592
0.997859
0.975
0.986111
0.928571
0.9375
0.998252
0.994253
0.999693
0.981132
0.944444
0.944444
0.954545
0.928571
0.974359
0.944444
0.973684
0.928571
0.986111
0.972973
0.983333
0.998145
0.95
0.928571
0.981132
0.982759
0.944444
0.95
0.95
0.981132
0.972222
0.944444
0.928571
0.9375
0.999271
0.987179
0.992
0.971429
0.9375
0.995074
0.997938
0.971429
0.944444
0.954545
0.996885
0.995349
0.988764
0.997468
0.971429
0.971429
0.988764
0.928571
0.971429
0.994536
0.996904
0.998681
0.988764
0.928571
0.971429
0.982456
0.944444
0.944444
0.998994
0.998773
0.983333
0.999465
0.991071
0.954545
0.998817
0.999185
0.994413
0.996689
0.993007
0.970588
0.999192
0.999085
0.996516
0.971429
0.96875
0.970588
0.999008
0.9375
0.999845
0.974359
0.944444
0.928571
0.944444
0.941176
0.96875
0.972222
0.983051
0.952381
0.969697
0.928571
0.928571
0.928571
0.994286
0.997773
0.997085
0.928571
0.995475
0.986842
0.994819
0.954545
0.952381
0.981132
0.979167
0.975
0.972222
0.9375
0.996283
0.954545
0.993007
0.988889
0.990654
0.928571
0.981481
0.928571
0.981132
0.9375
0.996283
0.954545
0.999041
0.988235
0.988372
0.993056
0.928571
0.990385
0.993865
0.999634
0.997067
0.999395
0.997468
0.971429
0.982759
0.989247
0.982456
0.941176
0.981132
0.975
0.944444
0.9375
0.994819
0.999793
0.971429
0.9375
0.969697
0.995349
0.954545
0.954545
0.967742
0.998865
0.983333
0.997175
0.996124
0.986111
0.997788
0.988764
0.995434
0.999427
0.999783
0.999625
0.999679
0.988372
0.993976
0.994924
0.990654
0.99954
0.999662
0.985915
0.990654
0.997859
0.988889
0.971429
0.99639
0.999038
0.990741
0.944444
0.971429
0.987654
0.999306
0.998609
0.989247
0.992857
0.999216
0.999197
0.997549
0.996923
0.985075
0.996904
0.967742
0.99977
0.999956
0.999838
0.974359
0.999957
0.999851
0.999973
0.999117
0.997579
0.981132
0.928571
0.999799
0.971429
0.992701
0.99958
0.995
0.999521
0.998496
0.999296
0.98
0.997312
0.999361
0.928571
0.999168
0.988764
0.95
0.999572
0.944444
0.992
0.967742
0.999574
0.99917
0.95
0.972222
0.941176
0.954545
0.95
0.928571
0.95
0.971429
0.928571
0.992
0.999093
0.999445
0.981818
0.999307
0.996283
0.9375
0.971429
0.971429
0.9375
0.996904
0.99917
0.944444
0.95
0.980392
0.998081
0.96875
0.999457
0.990909
0.999305
0.95
0.95
0.974359
0.981132
0.971429
0.9375
0.981132
0.986111
0.958333
0.999496
0.999219
0.996885
0.971429
0.952381
0.981132
0.986667
0.997669
0.996283
0.992188
0.982456
0.997214
0.997347
0.95
0.970588
0.996283
0.928571
0.992063
0.981132
0.95
0.972222
0.99187
0.999634
0.95
0.972222
0.971429
0.952381
0.954545
0.988095
0.941176
0.944444
0.95
0.971429
0.941176
0.974359
0.966667
0.999103
0.998012
0.999249
0.999228
0.971429
0.984375
0.999696
0.999324
0.998951
0.989011
0.999267
0.971429
0.996914
0.952381
0.997067
0.95
0.9375
0.999206
0.965517
0.999941
0.999956
0.95
0.944444
0.954545
0.944444
0.973684
0.952381
0.974359
0.95
0.944444
0.981132
0.981132
0.999792
0.982143
0.974359
0.944444
0.944444
0.95
0.95
0.944444
0.969697
0.995781
0.928571
0.981132
0.985075
0.972973
0.98
0.999664
0.999787
0.999895
0.989247
0.999765
0.999867
0.952381
0.998785
0.999931
0.999402
0.956522
0.999848
0.997487
0.973684
0.974359
0.971429
0.998454
0.988889
0.996587
0.996016
0.999703
0.986111
0.999712
0.981132
0.95
0.928571
0.985915
0.944444
0.952381
0.9999
0.999684
0.98913
0.999508
0.972222
0.999118
0.998954
0.944444
0.973684
0.944444
0.928571
0.96875
0.971429
0.971429
0.989474
0.999757
0.971429
0.995455
0.995633
0.999484
0.998893
0.999891
0.987013
0.986842
0.944444
0.971429
0.95
0.971429
0.980769
0.999147
0.99897
0.986667
0.981132
0.992188
0.993902
0.996894
0.971429
0.971429
0.987179
0.999891
0.985507
0.999079
0.999496
0.996753
0.990909
0.971429
0.998676
0.944444
0.981132
0.99768
0.999769
0.99841
0.993289
0.999719
0.993243
0.998276
0.981132
0.944444
0.928571
0.999276
0.971429
0.992
0.996914
0.993007
0.967742
0.999751
0.999732
0.99946
0.982143
0.975
0.954545
0.971429
0.988372
0.995708
0.974359
0.967742
0.998536
0.999504
0.998764
0.954545
0.994845
0.95
0.944444
0.95
0.998273
0.992063
0.971429
0.996904
0.954545
0.928571
0.971429
0.971429
0.989247
0.928571
0.972973
0.995652
0.974359
0.95
0.95
0.981132
0.941176
0.95
0.928571
0.971429
0.9375
0.928571
0.971429
0.972222
0.9375
0.993007
0.981132
0.928571
0.981132
0.994924
0.967742
0.923077
0.997955
0.928571
0.928571
0.988636
0.999382
0.95
0.986486
0.994413
0.998358
0.993007
0.944444
0.985075
0.993243
0.988764
0.985294
0.9996
0.928571
0.975
0.999499
0.928571
0.993007
0.997361
0.996094
0.993007
0.999732
0.954545
0.944444
0.928571
0.928571
0.971429
0.971429
0.997863
0.928571
0.941176
0.958333
0.999433
0.994924
0.928571
0.95
0.928571
0.95
0.954545
0.967742
0.993197
0.993789
0.928571
0.967742
0.996552
0.990099
0.998028
0.990654
0.995885
0.999185
0.998764
0.988764
0.944444
0.944444
0.954545
0.971429
0.996109
0.975
0.928571
0.971429
0.9375
0.992908
0.998305
0.985915
0.996904
0.981132
0.994924
0.995098
0.982759
0.928571
0.974359
0.971429
0.988764
0.928571
0.954545
0.928571
0.992
0.99845
0.999071
0.998267
0.992857
0.994413
0.997033
0.997722
0.998205
0.996942
0.999703
0.999114
0.997076
0.981132
0.988636
0.999429
0.941176
0.982456
0.971429
0.944444
0.928571
0.972222
0.993007
0.998192
0.997347
0.999726
0.993671
0.997214
0.96875
0.999476
0.996689
0.992
0.990654
0.985294
0.96875
0.997579
0.985294
0.981132
0.981132
0.996914
0.988235
0.999382
0.999259
0.997872
0.973684
0.999906
0.997468
0.997183
0.999509
0.993056
0.992
0.967742
0.992188
0.981481
0.996491
0.995349
0.981132
0.9375
0.995283
0.999411
0.992593
0.99991
0.970588
0.999916
0.999928
0.999747
0.999665
0.999949
0.999619
0.999969
0.99997
0.998818
0.988636
0.944444
0.96875
0.996016
0.9375
0.995349
0.999455
0.971429
0.990291
0.997468
0.999247
0.992
0.999711
0.999797
0.999777
0.98
0.944444
0.99897
0.981132
0.999086
0.998211
0.944444
0.999088
0.96875
0.970588
0.998676
0.998926
0.999354
0.999249
0.979592
0.991803
0.928571
0.972973
0.96875
0.998682
0.999714
0.999593
0.989362
0.995652
0.990385
0.99187
0.998913
0.99768
0.999892
0.999673
0.981132
0.988764
0.993789
0.981132
0.981132
0.999597
0.999131
0.999708
0.999155
0.997579
0.999034
0.997727
0.999828
0.999855
0.997849
0.999824
0.997191
0.983871
0.999836
0.990741
0.999634
0.928571
0.928571
0.928571
0.996032
0.969697
0.996241
0.9375
0.972222
0.999219
0.928571
0.981481
0.994924
0.999951
0.998638
0.980769
0.998355
0.981132
0.999702
0.95
0.99965
0.988636
0.96875
0.923077
0.998864
0.999717
0.996732
0.99936
0.999467
0.986667
0.95
0.981481
0.973684
0.986667
0.998
0.99952
0.999278
0.976744
0.998967
0.944444
0.981132
0.941176
0.947368
0.971429
0.980769
0.999382
0.95
0.980769
0.9375
0.979592
0.985714
0.990654
0.990741
0.999494
0.999835
0.982456
0.998308
0.999197
0.952381
0.997938
0.999603
0.928571
0.972222
0.996078
0.954545
0.993243
0.987179
0.9997
0.928571
0.954545
0.928571
0.980392
0.970588
0.970588
0.997101
0.986667
0.928571
0.980392
0.99964
0.999534
0.928571
0.944444
0.944444
0.989362
0.973684
0.990991
0.973684
0.944444
0.9375
0.998676
0.941176
0.944444
0.996721
0.944444
0.944444
0.95
0.9375
0.944444
0.928571
0.952381
0.971429
0.944444
0.974359
0.928571
0.961538
0.95
0.928571
0.989796
0.997468
0.966667
0.99842
0.928571
0.928571
0.928571
0.944444
0.928571
0.944444
0.928571
0.982456
0.952381
0.954545
0.994924
0.995833
0.999706
0.944444
0.979592
0.999672
0.986667
0.999733
0.999075
0.998989
0.971429
0.999867
0.999157
0.999633
0.999347
0.995781
0.999332
0.954545
0.928571
0.928571
0.973684
0.928571
0.996942
0.999655
0.974359
0.999131
0.980769
0.999504
0.985915
0.998865
0.998843
0.998261
0.99933
0.958333
0.999142
0.999455
0.95
0.96875
0.99899
0.9375
0.982143
0.994413
0.99569
0.997951
0.999694
0.928571
0.952381
0.944444
0.928571
0.986667
0.999278
0.95
0.995
0.98913
0.928571
0.944444
0.944444
0.928571
0.96875
0.993939
0.998994
0.992248
0.981481
0.996016
0.972222
0.993151
0.998708
0.997585
0.993976
0.975
0.992188
0.99569
0.997596
0.944444
0.981132
0.998934
0.997222
0.944444
0.986111
0.954545
0.988372
0.995633
0.981481
0.970588
0.998016
0.982456
0.9375
0.982759
0.952381
0.954545
0.983607
0.98
0.992
0.970588
0.999142
0.980769
0.944444
0.979592
0.96875
0.944444
0.95
0.97619
0.997778
0.999756
0.9375
0.999155
0.928571
0.944444
0.985714
0.98
0.990741
0.944444
0.9375
0.95
0.928571
0.982456
0.991071
0.952381
0.954545
0.997067
0.928571
0.928571
0.981132
0.996
0.979592
0.970588
0.970588
0.994382
0.991935
0.999532
0.998764
0.998505
0.998317
0.985294
0.928571
0.988889
0.923077
0.998192
0.970588
0.971429
0.975
0.944444
0.944444
0.954545
0.928571
0.967742
0.974359
0.994318
0.952381
0.998148
0.99375
0.998012
0.993243
0.981132
0.993671
0.993007
0.967742
0.928571
0.990741
0.999422
0.944444
0.928571
0.986111
0.974359
0.928571
0.980392
0.9375
0.997468
0.928571
0.928571
0.972222
0.96875
0.972222
0.985507
0.928571
0.944444
0.944444
0.928571
0.974359
0.928571
0.928571
0.96875
0.928571
0.95
0.973684
0.928571
0.982456
0.997382
0.990291
0.99841
0.928571
0.944444
0.96875
0.971429
0.971429
0.98
0.941176
0.952381
0.95
0.954545
0.96875
0.987342
0.998605
0.998573
0.95
0.928571
0.954545
0.970588
0.997561
0.986842
0.972222
0.995049
0.98
0.985915
0.997925
0.96875
0.998706
0.997567
0.944444
0.95
0.928571
0.95
0.944444
0.928571
0.944444
0.944444
0.95
0.928571
0.95
0.982456
0.928571
0.928571
0.928571
0.928571
0.95
0.944444
0.928571
0.986111
0.995798
0.971429
0.928571
0.975
0.944444
0.954545
0.980769
0.993671
0.989362
0.944444
0.95
0.981481
0.95
0.954545
0.972222
0.974359
0.99893
0.992188
0.928571
0.982456
0.994444
0.944444
0.928571
0.96875
0.970588
0.99495
0.988889
0.969697
0.98913
0.944444
0.969697
0.985294
0.974359
0.96875
0.95
0.971429
0.95
0.972222
0.928571
0.95
0.928571
0.972222
0.928571
0.973684
0.981132
0.981481
0.928571
0.98
0.96875
0.954545
0.928571
0.95
0.992248
0.944444
0.971429
0.941176
0.944444
0.971429
0.944444
0.944444
0.971429
0.95
0.95
0.972222
0.928571
0.986842
0.988764
0.928571
0.944444
0.928571
0.985294
0.928571
0.96875
0.9375
0.988889
0.923077
0.998214
0.983607
0.99841
0.96875
0.991803
0.981481
0.928571
0.981481
0.993827
0.995413
0.991228
0.998611
0.998457
0.972222
0.992063
0.990654
0.996689
0.95
0.928571
0.95
0.973684
0.97619
0.999229
0.994505
0.928571
0.985915
0.96875
0.98
0.981481
0.997753
0.999153
0.999632
0.981481
0.998786
0.996296
0.970588
0.992857
0.982143
0.998208
0.981481
0.971429
0.997468
0.981132
0.980769
0.967742
0.98
0.979592
0.982143
0.997845
0.928571
0.941176
0.941176
0.928571
0.928571
0.95
0.954545
0.972222
0.944444
0.974359
0.982456
0.944444
0.944444
0.944444
0.944444
0.982143
0.971429
0.972222
0.9375
0.971429
0.9375
0.980769
0.990385
0.981481
0.997938
0.982143
0.96875
0.971429
0.928571
0.97619
0.997758
0.981132
0.970588
0.98
0.970588
0.96875
0.992308
0.95
0.98
0.928571
0.954545
0.994413
0.985294
0.994444
0.992063
0.954545
0.993421
0.972222
0.986111
0.944444
0.96875
0.928571
0.98
0.983333
0.998447
0.999298
0.998894
0.986842
0.993007
0.995556
0.923077
0.96875
0.95
0.988889
0.928571
0.972222
0.928571
0.944444
0.982759
0.989474
0.999007
0.986111
0.992063
0.985714
0.998205
0.999717
0.975
0.928571
0.972222
0.9375
0.98
0.989583
0.95
0.998095
0.996226
0.998447
0.928571
0.928571
0.9375
0.970588
0.972222
0.992958
0.975
0.998155
0.972222
0.990741
0.994286
0.988764
0.923077
0.998817
0.928571
0.944444
0.982143
0.990196
0.999537
0.971429
0.95
0.971429
0.990654
0.9375
0.988889
0.982143
0.95
0.979592
0.996721
0.958333
0.999521
0.928571
0.990741
0.972973
0.96875
0.981132
0.923077
0.993789
0.986667
0.928571
0.970588
0.98
0.923077
0.98
0.9375
0.9375
0.972222
0.996528
0.994924
0.928571
0.98
0.96875
0.928571
0.980769
0.981132
0.975
0.972222
0.989011
0.978723
0.981132
0.928571
0.928571
0.970588
0.985075
0.988372
0.997101
0.981481
0.975
0.9375
0.971429
0.928571
0.96875
0.95
0.971429
0.974359
0.944444
0.981132
0.928571
0.993056
0.928571
0.985714
0.928571
0.9375
0.996
0.996296
0.975
0.944444
0.944444
0.944444
0.928571
0.971429
0.95
0.9375
0.986301
0.980769
0.98
0.972222
0.981132
0.954545
0.944444
0.928571
0.981132
0.970588
0.989247
0.994382
0.98
0.928571
0.988372
0.988636
0.990385
0.992063
0.928571
0.973684
0.977273
0.928571
0.95
0.95
0.944444
0.95
0.944444
0.9375
0.954545
0.95
0.928571
0.981481
0.972222
0.967742
0.980392
0.985294
0.981132
0.928571
0.958333
0.954545
0.985915
0.971429
0.944444
0.970588
0.99569
0.954545
0.95
0.995349
0.928571
0.944444
0.986111
0.944444
0.980769
0.928571
0.975
0.944444
0.985294
0.999423
0.9375
0.9375
0.981132
0.981481
0.998158
0.982759
0.971429
0.944444
0.944444
0.944444
0.996885
0.991071
0.988506
0.998527
0.996283
0.995708
0.990991
0.999183
0.95
0.99569
0.994924
0.995349
0.997596
0.993789
0.928571
0.96875
0.99115
0.954545
0.928571
0.928571
0.928571
0.95
0.944444
0.952381
0.928571
0.928571
0.95
0.928571
0.95
0.944444
0.944444
0.971429
0.956522
0.95
0.95
0.95
0.971429
0.965517
0.972222
0.997585
0.96875
0.993151
0.990654
0.986111
0.985714
0.958333
0.988372
0.928571
0.944444
0.954545
0.95
0.991803
0.928571
0.970588
0.9375
0.97619
0.997868
0.993902
0.995951
0.994012
0.98
0.928571
0.954545
0.944444
0.928571
0.990741
0.972222
0.972222
0.977273
0.999485
0.994083
0.994975
0.96875
0.972222
0.971429
0.996283
0.999073
0.928571
0.9375
0.993789
0.99115
0.998866
0.982759
0.993902
0.985294
0.994505
0.944444
0.95
0.971429
0.974359
0.997067
0.928571
0.95
0.9375
0.982456
0.980392
0.998609
0.928571
0.928571
0.944444
0.95
0.98
0.928571
0.928571
0.928571
0.944444
0.928571
0.928571
0.985294
0.923077
0.998081
0.995726
0.995283
0.998652
0.982143
0.992188
0.972222
0.944444
0.994845
0.95
0.944444
0.944444
0.981481
0.996904
0.997696
0.928571
0.954545
0.95
0.944444
0.996528
0.993243
0.95
0.95
0.944444
0.928571
0.974359
0.928571
0.982759
0.974359
0.986111
0.95
0.952381
0.944444
0.944444
0.928571
0.928571
0.970588
0.928571
0.973684
0.971429
0.928571
0.944444
0.971429
0.995726
0.96875
0.928571
0.996904
0.928571
0.973684
0.928571
0.998974
0.944444
0.944444
0.928571
0.95
0.928571
0.944444
0.990385
0.96875
0.972222
0.980769
0.994444
0.973684
0.954545
0.928571
0.928571
0.971429
0.928571
0.981132
0.944444
0.981132
0.988636
0.990654
0.944444
0.928571
0.928571
0.9375
0.986111
0.9375
0.928571
0.981481
0.975
0.954545
0.975
0.988372
0.96875
0.928571
0.928571
0.96875
0.95
0.989362
0.981132
0.928571
0.972222
0.992958
0.998273
0.999335
0.999289
0.982759
0.997494
0.981481
0.985915
0.95
0.9375
0.954545
0.954545
0.985915
0.986667
0.941176
0.997664
0.980769
0.995261
0.992366
0.999774
0.954545
0.981481
0.988889
0.954545
0.990909
0.980769
0.999727
0.999481
0.981132
0.977273
0.999496
0.9375
0.944444
0.928571
0.928571
0.994845
0.9375
0.928571
0.95
0.944444
0.981132
0.985915
0.970588
0.928571
0.988372
0.928571
0.98
0.996774
0.990654
0.944444
0.974359
0.996466
0.973684
0.981132
0.982759
0.999203
0.954545
0.954545
0.994595
0.996753
0.98
0.986486
0.96875
0.9375
0.9375
0.986842
0.993789
0.9375
0.988636
0.928571
0.997573
0.928571
0.986111
0.98
0.967742
0.997449
0.928571
0.944444
0.994413
0.971429
0.9375
0.981481
0.974359
0.997778
0.928571
0.993902
0.96875
0.996711
0.999029
0.96875
0.996552
0.954545
0.986111
0.985915
0.981481
0.972222
0.944444
0.928571
0.971429
0.980392
0.954545
0.928571
0.970588
0.998195
0.988506
0.993151
0.993056
0.96875
0.944444
0.944444
0.974359
0.954545
0.954545
0.999641
0.990385
0.988764
0.988636
0.998302
0.994413
0.996063
0.999803
0.998603
0.998609
0.928571
0.981481
0.98
0.928571
0.981481
0.975
0.993151
0.99729
0.954545
0.996689
0.998092
0.971429
0.958333
0.96875
0.944444
0.971429
0.971429
0.980769
0.972222
0.985294
0.972222
0.98
0.981481
0.972222
0.999076
0.998012
0.954545
0.928571
0.95
0.944444
0.980769
0.993243
0.989474
0.996241
0.994413
0.928571
0.970588
0.981481
0.981481
0.990385
0.980769
0.999259
0.928571
0.9875
0.995726
0.971429
0.928571
0.954545
0.928571
0.97619
0.995816
0.95
0.944444
0.9375
0.928571
0.954545
0.990654
0.958333
0.992063
0.990741
0.98913
0.96875
0.970588
0.9375
0.97619
0.998361
0.982456
0.97561
0.992
0.928571
0.944444
0.974359
0.971429
0.928571
0.973684
0.928571
0.944444
0.954545
0.944444
0.928571
0.941176
0.954545
0.95
0.941176
0.975
0.928571
0.95
0.928571
0.967742
0.96875
0.96875
0.96875
0.928571
0.966667
0.996226
0.997996
0.999239
0.9375
0.999802
0.987013
0.997579
0.928571
0.95
0.944444
0.944444
0.988636
0.999714
0.928571
0.928571
0.971429
0.992063
0.998405
0.985294
0.98913
0.988889
0.996466
0.928571
0.98
0.944444
0.988764
0.928571
0.972222
0.991071
0.928571
0.981132
0.986486
0.954545
0.996283
0.944444
0.983051
0.997706
0.999269
0.990385
0.994286
0.928571
0.941176
0.9375
0.973684
0.98
0.95
0.972222
0.944444
0.980392
0.997041
0.96875
0.9375
0.954545
0.95
0.999698
0.995652
0.986111
0.988764
0.95
0.96875
0.981481
0.981481
0.973684
0.981132
0.971429
0.986842
0.944444
0.992248
0.944444
0.988372
0.982143
0.998445
0.988636
0.944444
0.96875
0.999246
0.999228
0.9375
0.928571
0.973684
0.95
0.954545
0.928571
0.928571
0.988889
0.928571
0.958333
0.982143
0.928571
0.96875
0.954545
0.96875
0.954545
0.928571
0.971429
0.96875
0.95
0.995025
0.96875
0.961538
0.998681
0.995283
0.985294
0.985075
0.997214
0.999346
0.985915
0.998951
0.944444
0.986486
0.954545
0.97619
0.999449
0.973684
0.928571
0.95
0.988889
0.992908
0.95
0.941176
0.928571
0.96875
0.954545
0.944444
0.971429
0.979592
0.928571
0.997942
0.96875
0.999439
0.981481
0.958333
0.996721
0.928571
0.961538
0.999377
0.928571
0.981481
0.995327
0.998205
0.96875
0.98
0.972222
0.9375
0.981481
0.982143
0.928571
0.979592
0.988235
0.999272
0.996016
0.944444
0.986111
0.981481
0.970588
0.971429
0.95
0.971429
0.928571
0.972222
0.95
0.974359
0.928571
0.974359
0.975
0.992188
0.997845
0.996711
0.996732
0.9375
0.954545
0.97561
0.972222
0.975
0.999401
0.944444
0.954545
0.998255
0.997214
0.966667
0.977273
0.999756
0.997758
0.997674
0.999652
0.999577
0.985915
0.988372
0.982456
0.998792
0.990909
0.981132
0.981132
0.981481
0.998762
0.999701
0.98
0.928571
0.995413
0.954545
0.990741
0.974359
0.998584
0.928571
0.9375
0.974359
0.975
0.981132
0.981132
0.96875
0.999077
0.928571
0.982456
0.928571
0.972222
0.986486
0.98
0.954545
0.981132
0.988764
0.999465
0.944444
0.928571
0.96875
0.941176
0.99768
0.997041
0.928571
0.982759
0.991803
0.99916
0.998363
0.972222
0.96875
0.928571
0.9375
0.975
0.974359
0.985507
0.994318
0.99435
0.998841
0.95
0.974359
0.993789
0.928571
0.971429
0.971429
0.95
0.993976
0.975
0.928571
0.96875
0.944444
0.982456
0.995652
0.983333
0.972222
0.996904
0.928571
0.970588
0.961538
0.985294
0.952381
0.944444
0.928571
0.96875
0.96875
0.954545
0.928571
0.974359
0.96875
0.985915
0.997877
0.928571
0.928571
0.928571
0.980392
0.993827
0.928571
0.981132
0.990741
0.970588
0.972222
0.999322
0.96875
0.980769
0.999669
0.990385
0.999781
0.972222
0.928571
0.928571
0.944444
0.954545
0.972222
0.9375
0.9375
0.928571
0.971429
0.972222
0.975
0.928571
0.97619
0.994413
0.981481
0.928571
0.928571
0.944444
0.956522
0.974359
0.954545
0.991803
0.987179
0.998503
0.98
0.982456
0.986842
0.985915
0.99375
0.997494
0.996689
0.928571
0.928571
0.984615
0.995238
0.941176
0.975
0.993671
0.981481
0.986111
0.986486
0.973684
0.99841
0.944444
0.944444
0.95
0.952381
0.975
0.991071
0.998758
0.928571
0.972222
0.944444
0.928571
0.944444
0.985915
0.986111
0.954545
0.975
0.944444
0.95
0.944444
0.928571
0.973684
0.985915
0.96875
0.952381
0.9375
0.997033
0.958333
0.972222
0.944444
0.944444
0.9375
0.972222
0.928571
0.9375
0.970588
0.972222
0.971429
0.997191
0.944444
0.998239
0.997921
0.980769
0.969697
0.928571
0.982143
0.944444
0.967742
0.972222
0.996016
0.954545
0.9375
0.997368
0.996454
0.986667
0.992
0.971429
0.96875
0.928571
0.990291
0.923077
0.988889
0.993151
0.985714
0.985075
0.985915
0.999147
0.976744
0.998645
0.98
0.989362
0.944444
0.975
0.999288
0.997416
0.993939
0.994595
0.999726
0.999512
0.998141
0.998264
0.990291
0.999883
0.999789
0.981132
0.999394
0.999887
0.996479
0.98913
0.99978
0.982456
0.995349
0.928571
0.971429
0.944444
0.971429
0.944444
0.993789
0.967742
0.985915
0.992
0.985714
0.998084
0.999414
0.980769
0.981132
0.988764
0.9375
0.996
0.928571
0.980769
0.981481
0.944444
0.990291
0.979592
0.941176
0.98
0.988764
0.971429
0.9375
0.998454
0.999287
0.970588
0.954545
0.996721
0.992
0.944444
0.994898
0.988764
0.997067
0.967742
0.998081
0.988889
0.999074
0.991935
0.995726
0.985714
0.928571
0.970588
0.985714
0.985915
0.999559
0.999407
0.9375
0.981132
0.999214
0.999642
0.986111
0.999296
0.928571
0.988636
0.999158
0.991803
0.994845
0.999106
0.998534
0.986667
0.989362
0.928571
0.96875
0.998981
0.988764
0.999269
0.981132
0.944444
0.928571
0.974359
0.954545
0.981132
0.990291
0.996296
0.996283
0.994819
0.972222
0.941176
0.994382
0.970588
0.923077
0.994286
0.998667
0.998764
0.95
0.972973
0.981481
0.970588
0.970588
0.944444
0.944444
0.9375
0.96875
0.991736
0.970588
0.993289
0.998314
0.96875
0.997207
0.972222
0.996296
0.9375
0.997763
0.993865
0.9375
0.981481
0.928571
0.98
0.997183
0.985915
0.992958
0.923077
0.971429
0.998208
0.971429
0.944444
0.9375
0.923077
0.992958
0.998363
0.970588
0.986667
0.954545
0.944444
0.944444
0.944444
0.972222
0.944444
0.985915
0.98
0.98913
0.98
0.980769
0.928571
0.928571
0.996764
0.981132
0.928571
0.928571
0.944444
0.923077
0.944444
0.972222
0.9375
0.995726
0.988764
0.970588
0.970588
0.971429
0.986111
0.980769
0.981132
0.999491
0.998317
0.928571
0.971429
0.928571
0.96
0.996564
0.944444
0.928571
0.952381
0.944444
0.928571
0.954545
0.9375
0.969697
0.970588
0.985714
0.9375
0.96875
0.985915
0.98
0.981481
0.988506
0.967742
0.993711
0.986842
0.998917
0.999739
0.981132
0.966667
0.954545
0.994318
0.9375
0.9375
0.988764
0.979592
0.928571
0.999475
0.980769
0.928571
0.981132
0.986111
0.9375
0.954545
0.944444
0.9375
0.998888
0.999576
0.944444
0.923077
0.973684
0.997455
0.990741
0.944444
0.972222
0.980769
0.999182
0.993671
0.928571
0.972222
0.985714
0.997863
0.96875
0.998084
0.923077
0.995708
0.96875
0.928571
0.928571
0.985714
0.971429
0.972222
0.972973
0.999531
0.970588
0.995349
0.981481
0.999455
0.9375
0.928571
0.96875
0.981132
0.970588
0.998363
0.928571
0.981132
0.967742
0.9375
0.928571
0.971429
0.997326
0.981132
0.990741
0.999475
0.99537
0.928571
0.972222
0.970588
0.941176
0.994444
0.9375
0.985714
0.928571
0.981132
0.9375
0.998643
0.988889
0.99768
0.96875
0.981481
0.980769
0.971429
0.993827
0.988764
0.970588
0.998201
0.928571
0.9375
0.928571
0.981132
0.985507
0.981132
0.923077
0.928571
0.994924
0.990654
0.944444
0.9375
0.993711
0.998148
0.979592
0.970588
0.970588
0.998008
0.994413
0.9375
0.979167
0.972222
0.995708
0.99537
0.993671
0.98
0.988235
0.985714
0.9375
0.97561
0.994413
0.96875
0.96875
0.923077
0.970588
0.944444
0.997934
0.99537
0.944444
0.981132
0.999088
0.998636
0.997067
0.992806
0.995633
0.967742
0.994318
0.923077
0.99802
0.995652
0.998031
0.989011
0.997797
0.997658
0.928571
0.928571
0.967742
0.9375
0.96875
0.928571
0.973684
0.928571
0.970588
0.923077
0.967742
0.972222
0.985714
0.9375
0.999057
0.99375
0.974359
0.999421
0.986111
0.984127
0.997579
0.952381
0.928571
0.954545
0.997468
0.988636
0.928571
0.972222
0.928571
0.974359
0.971429
0.944444
0.928571
0.944444
0.928571
0.970588
0.928571
0.971429
0.9375
0.944444
0.923077
0.928571
0.972222
0.928571
0.944444
0.928571
0.972973
0.972222
0.928571
0.928571
0.972222
0.985915
0.928571
0.928571
0.99375
0.999597
0.986111
0.928571
0.979592
0.928571
0.985915
0.998668
0.966667
0.98
0.988636
0.995283
0.997093
0.928571
0.972973
0.996528
0.972222
0.970588
0.923077
0.985294
0.992958
0.9375
0.981481
0.990741
0.988636
0.980769
0.970588
0.996
0.971429
0.988889
0.981481
0.995349
0.96875
0.985714
0.992
0.973684
0.928571
0.928571
0.994382
0.985075
0.980769
0.999055
0.993007
0.970588
0.9375
0.954545
0.9375
0.958333
0.998676
0.9375
0.96875
0.967742
0.944444
0.971429
0.970588
0.993939
0.995708
0.988235
0.9375
0.992806
0.974359
0.981132
0.944444
0.985915
0.971429
0.9375
0.944444
0.996894
0.991935
0.944444
0.981132
0.944444
0.972222
0.990654
0.995413
0.996914
0.985714
0.995652
0.994382
0.988764
0.991935
0.996678
0.9375
0.928571
0.967742
0.990741
0.928571
0.990741
0.973684
0.995261
0.995652
0.98
0.967742
0.928571
0.981481
0.967742
0.971429
0.986111
0.972222
0.979592
0.991935
0.996283
0.98913
0.98
0.991071
0.998317
0.96875
0.944444
0.9375
0.981132
0.970588
0.997859
0.9375
0.971429
0.996
0.990741
0.997573
0.996711
0.972222
0.944444
0.9375
0.944444
0.991597
0.993631
0.998214
0.994382
0.96875
0.944444
0.981481
0.972222
0.990566
0.986111
0.986842
0.999582
0.9375
0.970588
0.993056
0.990385
0.985714
0.980769
0.999518
0.996865
0.970588
0.970588
0.998536
0.970588
0.988372
0.971429
0.980769
0.944444
0.972222
0.988764
0.96875
0.985714
0.96875
0.980769
0.970588
0.971429
0.988636
0.981481
0.970588
0.990291
0.990566
0.993827
0.988372
0.98
0.993827
0.944444
0.96875
0.972222
0.985714
0.981132
0.997207
0.999598
0.966667
0.988372
0.928571
0.928571
0.988636
0.996032
0.9375
0.996885
0.996904
0.9375
0.96875
0.9375
0.982759
0.928571
0.985294
0.933333
0.981481
0.985507
0.944444
0.980769
0.972222
0.992
0.998609
0.985714
0.954545
0.995434
0.994413
0.954545
0.9375
0.9375
0.944444
0.970588
0.974359
0.995708
0.971429
0.970588
0.9375
0.928571
0.954545
0.997859
0.98
0.928571
0.967742
0.970588
0.999586
0.992806
0.997214
0.971429
0.986842
0.986842
0.988636
0.96875
0.985915
0.995671
0.994152
0.998536
0.999533
0.998909
0.996894
0.985294
0.941176
0.980769
0.972222
0.933333
0.99435
0.928571
0.988506
0.969697
0.928571
0.9375
0.967742
0.973684
0.981132
0.990385
0.933333
0.969697
0.980769
0.9375
0.998837
0.972222
0.9375
0.9375
0.972222
0.980769
0.971429
0.9375
0.974359
0.986111
0.99734
0.970588
0.996032
0.928571
0.928571
0.981132
0.933333
0.9375
0.988889
0.998138
0.99768
0.996269
0.990476
0.944444
0.95
0.944444
0.970588
0.9375
0.972222
0.944444
0.969697
0.928571
0.971429
0.928571
0.96875
0.996296
0.997802
0.998532
0.985714
0.988636
0.969697
0.9375
0.9375
0.99375
0.985294
0.923077
0.996269
0.972222
0.995261
0.992806
0.980769
0.988235
0.990654
0.996241
0.98
0.987013
0.999735
0.990385
0.928571
0.981481
0.941176
0.970588
0.9375
0.988764
0.990654
0.993671
0.98
0.944444
0.990385
0.928571
0.9375
0.928571
0.96875
0.984615
0.997849
0.970588
0.972222
0.997845
0.981481
0.98
0.970588
0.992958
0.928571
0.99569
0.980769
0.970588
0.96875
0.972222
0.928571
0.944444
0.980769
0.9375
0.9375
0.971429
0.967742
0.970588
0.9375
0.988889
0.96875
0.928571
0.96875
0.993056
0.944444
0.980769
0.928571
0.9375
0.979592
0.944444
0.96875
0.990476
0.980769
0.999727
0.985714
0.981481
0.956522
0.999414
0.993671
0.928571
0.9375
0.980392
0.9375
0.928571
0.928571
0.944444
0.98
0.992857
0.990291
0.996689
0.96875
0.990385
0.985915
0.982759
0.95
0.928571
0.944444
0.944444
0.972222
0.928571
0.944444
0.9375
0.980392
0.990291
0.98
0.993056
0.95
0.99495
0.988636
0.981132
0.9375
0.990741
0.980769
0.928571
0.971429
0.994898
0.9375
0.980769
0.971429
0.99807
0.992958
0.988636
0.998947
0.928571
0.928571
0.970588
0.9375
0.982143
0.995652
0.981481
0.999444
0.997191
0.9375
0.95
0.993976
0.985915
0.923077
0.970588
0.980769
0.980769
0.982143
0.993711
0.928571
0.928571
0.928571
0.96875
0.972222
0.96875
0.9375
0.967742
0.96875
0.944444
0.95
0.980769
0.971429
0.990476
0.985294
0.979592
0.990385
0.997669
0.928571
0.972222
0.98
0.995671
0.995951
0.985294
0.972222
0.991803
0.928571
0.98
0.971429
0.980769
0.9375
0.928571
0.997085
0.979592
0.983333
0.990385
0.928571
0.974359
0.991803
0.944444
0.923077
0.981481
0.972222
0.992908
0.970588
0.928571
0.9375
0.9375
0.981132
0.944444
0.969697
0.9375
0.952381
0.999533
0.969697
0.928571
0.9375
0.944444
0.972222
0.970588
0.916667
0.923077
0.980769
0.997955
0.996
0.9375
0.971429
0.980392
0.98
0.9375
0.990291
0.985075
0.970588
0.928571
0.979592
0.99375
0.982456
0.998534
0.994318
0.992806
0.96875
0.986111
0.985294
0.969697
0.992754
0.999388
0.990196
0.944444
0.928571
0.928571
0.988506
0.970588
0.9375
0.990566
0.969697
0.970588
0.982143
0.988506
0.995671
0.944444
0.928571
0.986111
0.98913
0.9375
0.981481
0.990654
0.990566
0.980769
0.972222
0.991803
0.9375
0.988636
0.98
0.972222
0.95
0.990291
0.96875
0.928571
0.970588
0.966667
0.988372
0.980769
0.928571
0.980392
0.970588
0.972222
0.981132
0.9375
0.928571
0.9375
0.970588
0.990991
0.980769
0.928571
0.9375
0.997468
0.991736
0.96875
0.986111
0.944444
0.994505
0.988764
0.969697
0.985507
0.928571
0.95
0.928571
0.95
0.970588
0.928571
0.928571
0.967742
0.980392
0.96875
0.972222
0.970588
0.986111
0.970588
0.995349
0.981481
0.985294
0.98
0.96875
0.928571
0.972222
0.9375
0.98
0.96875
0.972222
0.944444
0.98
0.985075
0.991736
0.972222
0.928571
0.988506
0.970588
0.928571
0.970588
0.96875
0.96875
0.96875
0.96875
0.980769
0.969697
0.928571
0.96875
0.941176
0.981132
0.969697
0.928571
0.933333
0.933333
0.941176
0.990741
0.985294
0.96875
0.928571
0.980769
0.967742
0.971429
0.928571
0.96875
0.928571
0.96875
0.99841
0.9375
0.96875
0.988372
0.981132
0.988636
0.923077
0.9375
0.928571
0.9375
0.992
0.99495
0.923077
0.98
0.923077
0.944444
0.972222
0.981481
0.969697
0.96875
0.944444
0.979592
0.96875
0.98
0.944444
0.981132
0.923077
0.923077
0.944444
0.944444
0.941176
0.992857
0.988372
0.98
0.989247
0.970588
0.96875
0.944444
0.944444
0.972222
0.972222
0.928571
0.98
0.967742
0.971429
0.972222
0.971429
0.988764
0.969697
0.9375
0.9375
0.979592
0.9375
0.928571
0.928571
0.969697
0.952381
0.928571
0.928571
0.96875
0.928571
0.970588
0.972222
0.982456
0.95
0.944444
0.9375
0.928571
0.928571
0.9375
0.985915
0.9375
0.928571
0.928571
0.928571
0.971429
0.928571
0.923077
0.928571
0.969697
0.944444
0.98
0.981132
0.99187
0.954545
0.96875
0.98
0.928571
0.96875
0.923077
0.928571
0.9375
0.981132
0.972222
0.973684
0.988372
0.986667
0.99537
0.967742
0.967742
0.96875
0.96875
0.941176
0.99422
0.981481
0.923077
0.928571
0.941176
0.980769
0.923077
0.941176
0.991736
0.928571
0.923077
0.954545
0.928571
0.944444
0.96875
0.952381
0.971429
0.967742
0.928571
0.9375
0.979592
0.971429
0.981132
0.95
0.985294
0.9375
0.985714
0.98
0.98
0.98
0.99569
0.96875
0.9375
0.928571
0.96875
0.985714
0.96875
0.991935
0.990385
0.985294
0.980769
0.973684
0.980769
0.928571
0.928571
0.979592
0.988372
0.981481
0.96875
0.97619
0.985915
0.994845
0.990566
0.996503
0.970588
0.995283
0.991736
0.992857
0.923077
0.928571
0.979592
0.928571
0.971429
0.9375
0.990385
0.923077
0.928571
0.941176
0.928571
0.970588
0.980769
0.986111
0.993671
0.9375
0.96875
0.96875
0.975
0.967742
0.992857
0.980769
0.98
0.993056
0.9375
0.985507
0.969697
0.928571
0.972222
0.96875
0.979592
0.98
0.944444
0.967742
0.992
0.941176
0.985294
0.985915
0.996078
0.995349
0.944444
0.997191
0.979592
0.923077
0.971429
0.988095
0.990566
0.988764
0.988764
0.96875
0.980769
0.988372
0.981481
0.923077
0.96875
0.990566
0.981132
0.970588
0.98
0.928571
0.96875
0.928571
0.98
0.972222
0.928571
0.9375
0.944444
0.928571
0.923077
0.967742
0.985294
0.980769
0.96875
0.928571
0.972222
0.990826
0.999057
0.971429
0.928571
0.928571
0.970588
0.992857
0.9375
0.928571
0.981132
0.928571
0.923077
0.944444
0.941176
0.988764
0.967742
0.923077
0.9375
0.916667
0.988235
0.967742
0.923077
0.923077
0.941176
0.985714
0.941176
0.941176
0.928571
0.971429
0.941176
0.923077
0.971429
0.988889
0.971429
0.923077
0.985294
0.941176
0.944444
0.972222
0.9375
0.985075
0.9375
0.97619
0.992958
0.988764
0.967742
0.996678
0.980769
0.994413
0.923077
0.971429
0.928571
0.971429
0.995349
0.970588
0.96875
0.985294
0.923077
0.928571
0.928571
0.941176
0.923077
0.923077
0.928571
0.96875
0.923077
0.9375
0.970588
0.99899
0.944444
0.969697
0.928571
0.981132
0.923077
0.944444
0.9375
0.928571
0.928571
0.98
0.981481
0.941176
0.923077
0.923077
0.928571
0.9375
0.994845
0.98
0.988506
0.971429
0.928571
0.98
0.990476
0.979592
0.985075
0.988764
0.98
0.980769
0.933333
0.928571
0.980769
0.98
0.944444
0.928571
0.970588
0.96875
0.923077
0.923077
0.928571
0.928571
0.96875
0.96875
0.941176
0.971429
0.944444
0.923077
0.9375
0.979592
0.990385
0.923077
0.944444
0.96875
0.928571
0.96875
0.928571
0.96875
0.970588
0.96875
0.98
0.9375
0.923077
0.928571
0.96875
0.941176
0.988372
0.96875
0.970588
0.990566
0.985294
0.991803
0.933333
0.944444
0.991803
0.944444
0.954545
0.9375
0.985294
0.981481
0.928571
0.96875
0.928571
0.9375
0.970588
0.972222
0.928571
0.970588
0.928571
0.98
0.96875
0.944444
0.98
0.980769
0.986111
0.96875
0.944444
0.96875
0.96875
0.928571
0.970588
0.990291
0.999287
0.970588
0.96875
0.9375
0.944444
0.99187
0.970588
0.928571
0.969697
0.978723
0.992958
0.988372
0.928571
0.928571
0.96875
0.928571
0.985075
0.981132
0.985075
0.998252
0.928571
0.928571
0.98
0.944444
0.971429
0.980392
0.985714
0.928571
0.9375
0.928571
0.9375
0.944444
0.9375
0.9375
0.944444
0.991736
0.985714
0.944444
0.972222
0.990385
0.928571
0.928571
0.970588
0.944444
0.944444
0.991935
0.985294
0.9375
0.9375
0.944444
0.9375
0.96875
0.96875
0.9375
0.928571
0.990566
0.996711
0.9375
0.928571
0.9375
0.928571
0.9375
0.996491
0.98
0.96875
0.978723
0.994898
0.970588
0.990385
0.967742
0.996923
0.928571
0.9375
0.980769
0.96875
0.985507
0.970588
0.99435
0.990476
0.9375
0.928571
0.974359
0.981132
0.994444
0.985294
0.944444
0.99187
0.985294
0.985294
0.941176
0.988372
0.96875
0.980392
0.944444
0.986111
0.985294
0.96875
0.96875
0.98
0.980769
0.923077
0.98
0.96875
0.985714
0.98
0.923077
0.944444
0.985294
0.970588
0.9375
0.96875
0.994318
0.991803
0.990741
0.988889
0.944444
0.981481
0.996865
0.99375
0.99187
0.96875
0.9375
0.992908
0.990476
0.987654
0.928571
0.928571
0.988372
0.986111
0.996491
0.981481
0.99495
0.985294
0.992754
0.972222
0.985294
0.990385
0.970588
0.944444
0.985294
0.96875
0.977273
0.999145
0.992958
0.991935
0.944444
0.928571
0.96875
0.928571
0.928571
0.970588
0.9375
0.991597
0.981481
0.96875
0.928571
0.971429
0.98
0.96875
0.928571
0.95
0.979592
0.967742
0.992
0.9375
0.9375
0.972222
0.928571
0.985294
0.970588
0.981132
0.970588
0.988235
0.981481
0.944444
0.985294
0.991935
0.923077
0.923077
0.944444
0.985294
0.923077
0.972222
0.970588
0.944444
0.9375
0.980392
0.98
0.969697
0.928571
0.96875
0.98
0.952381
0.999534
0.994898
0.98
0.944444
0.9375
0.944444
0.9375
0.99705
0.96875
0.980769
0.980392
0.928571
0.985915
0.985507
0.988889
0.985714
0.988372
0.923077
0.923077
0.996528
0.98
0.981132
0.96875
0.970588
0.971429
0.986111
0.928571
0.972222
0.9375
0.969697
0.96875
0.972222
0.944444
0.96875
0.98
0.970588
0.985507
0.969697
0.944444
0.944444
0.96875
0.96875
0.969697
0.990385
0.981481
0.98913
0.944444
0.9375
0.944444
0.928571
0.96875
0.969697
0.96875
0.944444
0.979592
0.970588
0.986111
0.988506
0.971429
0.970588
0.928571
0.928571
0.971429
0.967742
0.981481
0.96875
0.928571
0.96875
0.970588
0.969697
0.933333
0.985294
0.928571
0.928571
0.928571
0.96875
0.969697
0.991935
0.988506
0.96875
0.944444
0.9375
0.928571
0.928571
0.969697
0.944444
0.96875
0.923077
0.967742
0.981132
0.933333
0.974359
0.969697
0.944444
0.928571
0.985294
0.982143
0.928571
0.9375
0.928571
0.9375
0.928571
0.944444
0.985294
0.928571
0.9375
0.928571
0.928571
0.96875
0.928571
0.96875
0.985915
0.9375
0.992857
0.928571
0.944444
0.9375
0.9375
0.986111
0.998785
0.967742
0.985714
0.9375
0.971429
0.971429
0.985294
0.993631
0.970588
0.923077
0.9375
0.944444
0.988372
0.928571
0.923077
0.96875
0.923077
0.967742
0.96875
0.9375
0.96875
0.970588
0.9984
0.969697
0.9375
0.971429
0.982143
0.973684
0.985507
0.970588
0.993671
0.995283
0.994318
0.988764
0.96875
0.988235
0.944444
0.985714
0.996226
0.988889
0.996923
0.972222
0.979592
0.996516
0.98
0.96875
0.993789
0.98
0.991935
0.980769
0.98
0.991935
0.972222
0.972222
0.985714
0.985507
0.981481
0.9375
0.969697
0.970588
0.923077
0.923077
0.928571
0.9375
0.928571
0.966667
0.923077
0.98
0.928571
0.923077
0.9375
0.969697
0.995652
0.988372
0.916667
0.990566
0.923077
0.98
0.923077
0.969697
0.9375
0.96875
0.969697
0.928571
0.923077
0.96875
0.96875
0.928571
0.923077
0.944444
0.969697
0.96875
0.923077
0.928571
0.923077
0.923077
0.923077
0.9375
0.970588
0.98
0.9375
0.980769
0.98
0.944444
0.972222
0.928571
0.974359
0.993671
0.96875
0.96875
0.928571
0.970588
0.928571
0.96875
0.972222
0.923077
0.923077
0.923077
0.9375
0.972222
0.944444
0.971429
0.9375
0.979592
0.980392
0.944444
0.923077
0.928571
0.969697
0.928571
0.928571
0.967742
0.933333
0.970588
0.990476
0.923077
0.928571
0.923077
0.933333
0.990566
0.998969
0.985294
0.986111
0.928571
0.980769
0.985294
0.970588
0.993007
0.980769
0.988889
0.991803
0.9375
0.988506
0.969697
0.928571
0.997183
0.928571
0.928571
0.928571
0.969697
0.967742
0.971429
0.98
0.923077
0.944444
0.970588
0.981132
0.928571
0.980392
0.9375
0.941176
0.9375
0.969697
0.941176
0.991803
0.99893
0.988235
0.928571
0.923077
0.933333
0.923077
0.96875
0.96875
0.923077
0.941176
0.923077
0.928571
0.9375
0.95
0.991228
0.999058
0.985714
0.941176
0.990566
0.99375
0.944444
0.923077
0.967742
0.933333
0.967742
0.9375
0.969697
0.928571
0.969697
0.923077
0.923077
0.979592
0.923077
0.923077
0.933333
0.9375
0.96875
0.923077
0.941176
0.985915
0.971429
0.973684
0.988372
0.970588
0.928571
0.916667
0.944444
0.928571
0.979592
0.98
0.972222
0.944444
0.923077
0.928571
0.990385
0.941176
0.96875
0.923077
0.9375
0.981132
0.928571
0.923077
0.923077
0.923077
0.928571
0.928571
0.96875
0.928571
0.923077
0.928571
0.928571
0.944444
0.944444
0.95
0.928571
0.9375
0.928571
0.95
0.993007
0.923077
0.923077
0.928571
0.923077
0.981132
0.970588
0.975
0.997462
0.989011
0.923077
0.970588
0.996721
0.923077
0.923077
0.928571
0.941176
0.928571
0.969697
0.970588
0.923077
0.923077
0.923077
0.971429
0.944444
0.928571
0.941176
0.971429
0.933333
0.991736
0.96875
0.980769
0.998073
0.985294
0.923077
0.9375
0.96875
0.944444
0.9375
0.988636
0.980769
0.970588
0.96875
0.944444
0.992857
0.994819
0.985294
0.928571
0.944444
0.98
0.967742
0.97561
0.994845
0.971429
0.923077
0.96875
0.928571
0.923077
0.944444
0.928571
0.95
0.995283
0.944444
0.928571
0.928571
0.928571
0.981132
0.96875
0.923077
0.928571
0.933333
0.941176
0.928571
0.954545
0.988889
0.933333
0.923077
0.928571
0.970588
0.923077
0.933333
0.923077
0.928571
0.923077
0.96875
0.923077
0.928571
0.9375
0.923077
0.923077
0.928571
0.923077
0.96875
0.944444
0.996226
0.9375
0.923077
0.928571
0.970588
0.941176
0.974359
0.989011
0.992908
0.9375
0.990741
0.972222
0.923077
0.923077
0.967742
0.981132
0.990385
0.989011
0.981132
0.991803
0.971429
0.970588
0.971429
0.981132
0.976744
0.999081
0.979592
0.941176
0.923077
0.941176
0.985075
0.988235
0.990291
0.9375
0.972222
0.993007
0.991935
0.96875
0.9375
0.944444
0.941176
0.991736
0.988636
0.993056
0.993671
0.992
0.990385
0.990385
0.993631
0.9375
0.923077
0.96875
0.967742
0.944444
0.944444
0.981132
0.96875
0.988764
0.988889
0.979592
0.994845
0.923077
0.9375
0.980392
0.923077
0.928571
0.9375
0.944444
0.928571
0.96875
0.98
0.990566
0.995633
0.923077
0.981481
0.928571
0.969697
0.9375
0.972222
0.980769
0.9375
0.96875
0.967742
0.96875
0.928571
0.96875
0.928571
0.923077
0.923077
0.944444
0.916667
0.981481
0.923077
0.923077
0.923077
0.9375
0.9375
0.9375
0.928571
0.9375
0.923077
0.928571
0.923077
0.928571
0.9375
0.944444
0.928571
0.9375
0.944444
0.96875
0.9375
0.928571
0.947368
0.980769
0.967742
0.923077
0.933333
0.923077
0.944444
0.98
0.928571
0.9375
0.971429
0.985714
0.967742
0.96875
0.944444
0.970588
0.941176
0.96875
0.944444
0.95
0.985915
0.944444
0.980392
0.981132
0.970588
0.993007
0.9375
0.970588
0.98
0.933333
0.9375
0.999352
0.9375
0.928571
0.994413
0.988636
0.985714
0.9375
0.944444
0.9375
0.96875
0.992
0.991803
0.991803
0.96875
0.944444
0.9375
0.923077
0.928571
0.980769
0.96875
0.970588
0.923077
0.933333
0.988372
0.96875
0.923077
0.928571
0.96875
0.971429
0.985294
0.923077
0.928571
0.944444
0.969697
0.933333
0.923077
0.923077
0.928571
0.9375
0.923077
0.928571
0.974359
0.933333
0.9375
0.923077
0.923077
0.923077
0.928571
0.923077
0.941176
0.928571
0.988372
0.986111
0.988372
0.928571
0.9375
0.928571
0.96875
0.972222
0.979167
0.9375
0.928571
0.944444
0.9375
0.928571
0.970588
0.933333
0.980392
0.985294
0.928571
0.980392
0.96875
0.98
0.973684
0.998413
0.990909
0.980392
0.980769
0.933333
0.971429
0.972222
0.928571
0.923077
0.923077
0.971429
0.923077
0.923077
0.923077
0.923077
0.978261
0.96875
0.96875
0.923077
0.928571
0.928571
0.96875
0.944444
0.928571
0.970588
0.923077
0.923077
0.933333
0.923077
0.933333
0.923077
0.923077
0.923077
0.928571
0.923077
0.980769
0.970588
0.990385
0.985294
0.981481
0.970588
0.944444
0.967742
0.98
0.96875
0.928571
0.96875
0.923077
0.971429
0.990385
0.944444
0.970588
0.993378
0.998759
0.997067
0.96875
0.985294
0.923077
0.923077
0.933333
0.923077
0.928571
0.991935
0.990826
0.96875
0.96875
0.985294
0.9375
0.96875
0.9375
0.992806
0.981481
0.928571
0.928571
0.9375
0.970588
0.96875
0.9375
0.970588
0.928571
0.928571
0.928571
0.9375
0.928571
0.9375
0.928571
0.980392
0.9375
0.928571
0.928571
0.928571
0.944444
0.972222
0.928571
0.928571
0.944444
0.928571
0.969697
0.9375
0.9375
0.933333
0.9375
0.928571
0.969697
0.923077
0.923077
0.923077
0.923077
0.987013
0.928571
0.970588
0.923077
0.944444
0.923077
0.923077
0.969697
0.9375
0.967742
0.923077
0.9375
0.923077
0.941176
0.96875
0.9375
0.96875
0.923077
0.928571
0.944444
0.928571
0.944444
0.928571
0.928571
0.928571
0.9375
0.99569
0.972222
0.970588
0.9375
0.923077
0.928571
0.96875
0.944444
0.928571
0.96875
0.923077
0.944444
0.928571
0.933333
0.995283
0.985294
0.9375
0.941176
0.979592
0.923077
0.928571
0.928571
0.967742
0.944444
0.923077
0.928571
0.978723
0.969697
0.944444
0.944444
0.969697
0.923077
0.928571
0.923077
0.933333
0.923077
0.923077
0.96875
0.933333
0.928571
0.971429
0.967742
0.981132
0.981481
0.923077
0.928571
0.933333
0.928571
0.928571
0.928571
0.933333
0.923077
0.941176
0.9375
0.9375
0.923077
0.923077
0.923077
0.9375
0.923077
0.928571
0.923077
0.944444
0.985294
0.933333
0.98
0.993631
0.923077
0.928571
0.923077
0.928571
0.923077
0.923077
0.944444
0.944444
0.9375
0.923077
0.928571
0.96875
0.933333
0.9375
0.944444
0.9375
0.923077
0.9375
0.928571
0.933333
0.969697
0.9375
0.9375
0.944444
0.923077
0.923077
0.941176
0.928571
0.96875
0.98
0.990476
0.979167
0.981818
0.928571
0.969697
0.923077
0.9375
0.9375
0.944444
0.923077
0.928571
0.923077
0.923077
0.928571
0.944444
0.928571
0.944444
0.985507
0.96875
0.9375
0.944444
0.928571
0.944444
0.9375
0.985294
0.9375
0.928571
0.9375
0.96875
0.944444
0.928571
0.972222
0.928571
0.972222
0.9375
0.969697
0.971429
0.923077
0.9375
0.96875
0.923077
0.923077
0.933333
0.923077
0.928571
0.923077
0.969697
0.928571
0.923077
0.9375
0.972222
0.96875
0.967742
0.944444
0.971429
0.996139
0.998815
0.999544
0.972222
0.98
0.967742
0.933333
0.923077
0.944444
0.9375
0.923077
0.923077
0.928571
0.923077
0.923077
0.944444
0.928571
0.9375
0.928571
0.933333
0.923077
0.923077
0.9375
0.980769
0.985294
0.928571
0.944444
0.980392
0.96875
0.933333
0.9375
0.981132
0.928571
0.969697
0.944444
0.933333
0.928571
0.933333
0.941176
0.923077
0.933333
0.988372
0.96875
0.944444
0.98
0.9375
0.96875
0.928571
0.923077
0.941176
0.928571
0.941176
0.928571
0.96875
0.933333
0.928571
0.923077
0.928571
0.923077
0.969697
0.969697
0.923077
0.923077
0.944444
0.988764
0.96875
0.985294
0.96875
0.985507
0.985294
0.988636
0.9375
0.941176
0.928571
0.972222
0.970588
0.928571
0.9375
0.928571
0.9375
0.967742
0.972222
0.944444
0.980392
0.985294
0.988506
0.9375
0.944444
0.98
0.9375
0.941176
0.9375
0.969697
0.944444
0.928571
0.970588
0.980769
0.928571
0.98
0.944444
0.9375
0.992958
0.96875
0.9375
0.98
0.9375
0.970588
0.9375
0.9375
0.928571
0.928571
0.9375
0.9375
0.98
0.972222
0.944444
0.928571
0.923077
0.923077
0.928571
0.916667
0.967742
0.916667
0.98
0.9375
0.928571
0.923077
0.928571
0.944444
0.96875
0.990566
0.928571
0.933333
0.96875
0.992908
0.969697
0.923077
0.928571
0.923077
0.944444
0.967742
0.928571
0.944444
0.923077
0.923077
0.923077
0.916667
0.970588
0.928571
0.923077
0.923077
0.923077
0.9375
0.923077
0.923077
0.9375
0.933333
0.923077
0.923077
0.933333
0.985294
0.923077
0.941176
0.933333
0.980769
0.928571
0.96875
0.944444
0.96875
0.923077
0.923077
0.933333
0.96875
0.916667
0.928571
0.928571
0.923077
0.923077
0.923077
0.923077
0.941176
0.923077
0.933333
0.928571
0.923077
0.923077
0.970588
0.985714
0.923077
0.923077
0.923077
0.923077
0.9375
0.923077
0.9375
0.985294
0.928571
0.944444
0.923077
0.970588
0.923077
0.928571
0.928571
0.9375
0.9375
0.9375
0.944444
0.9375
0.9375
0.944444
0.9375
0.941176
0.970588
0.928571
0.928571
0.933333
0.928571
0.923077
0.967742
0.944444
0.941176
0.928571
0.941176
0.923077
0.928571
0.944444
0.928571
0.923077
0.928571
0.923077
0.923077
0.9375
0.923077
0.916667
0.972222
0.988235
0.990385
0.928571
0.941176
0.9375
0.928571
0.923077
0.970588
0.96875
0.923077
0.923077
0.923077
0.969697
0.933333
0.933333
0.9375
0.923077
0.928571
0.969697
0.9375
0.923077
0.928571
0.923077
0.9375
0.923077
0.923077
0.923077
0.944444
0.9375
0.999286
0.96875
0.969697
0.980769
0.981481
0.995434
0.98
0.96875
0.980769
0.99187
0.991736
0.991803
0.928571
0.972222
0.990909
0.992063
0.944444
0.916667
0.96875
0.971429
0.985294
0.980769
0.928571
0.9375
0.995671
0.990291
0.999402
0.96875
0.96875
0.993671
0.996491
0.98
0.933333
0.928571
0.944444
0.986111
0.928571
0.95
0.96875
0.970588
0.969697
0.928571
0.96875
0.944444
0.96875
0.98
0.944444
0.985714
0.980392
0.923077
0.923077
0.923077
0.941176
0.96875
0.928571
0.985294
0.969697
0.941176
0.998643
0.928571
0.923077
0.969697
0.923077
0.933333
0.933333
0.928571
0.980392
0.928571
0.923077
0.928571
0.923077
0.96875
0.923077
0.96875
0.969697
0.98
0.923077
0.9375
0.923077
0.9375
0.933333
0.979592
0.944444
0.9375
0.994318
0.98
0.95
0.985294
0.985507
0.972222
0.933333
0.96875
0.956522
0.928571
0.923077
0.923077
0.96875
0.972222
0.9375
0.970588
0.979167
0.96875
0.967742
0.916667
0.981481
0.9375
0.923077
0.923077
0.923077
0.944444
0.944444
0.923077
0.923077
0.928571
0.9375
0.970588
0.941176
0.980769
0.944444
0.944444
0.928571
0.928571
0.967742
0.941176
0.923077
0.923077
0.923077
0.928571
0.9375
0.96875
0.923077
0.96875
0.9375
0.990654
0.986111
0.928571
0.928571
0.928571
0.969697
0.969697
0.991803
0.941176
0.96875
0.928571
0.928571
0.972222
0.96875
0.9375
0.928571
0.96875
0.928571
0.972222
0.96875
0.928571
0.96875
0.944444
0.928571
0.923077
0.967742
0.944444
0.985714
0.928571
0.928571
0.988372
0.9375
0.928571
0.928571
0.928571
0.971429
0.944444
0.923077
0.9375
0.928571
0.928571
0.98
0.923077
0.923077
0.967742
0.923077
0.9375
0.923077
0.967742
0.923077
0.923077
0.923077
0.923077
0.928571
0.928571
0.928571
0.96875
0.923077
0.923077
0.944444
0.928571
0.95
0.979167
0.988235
0.988372
0.985294
0.988889
0.96875
0.9375
0.96875
0.923077
0.923077
0.928571
0.928571
0.96875
0.928571
0.928571
0.96875
0.96875
0.96875
0.9375
0.9375
0.990196
0.96875
0.9375
0.941176
0.980769
0.923077
0.923077
0.923077
0.928571
0.933333
0.923077
0.923077
0.9375
0.923077
0.928571
0.958333
0.969697
0.96875
0.9375
0.972222
0.923077
0.916667
0.923077
0.969697
0.941176
0.980392
0.969697
0.980392
0.944444
0.967742
0.95
0.9375
0.9375
0.9375
0.9375
0.96875
0.9375
0.96875
0.95
0.970588
0.928571
0.967742
0.9375
0.96875
0.928571
0.928571
0.923077
0.916667
0.96875
0.944444
0.923077
0.933333
0.985507
0.96875
0.98
0.923077
0.928571
0.9375
0.928571
0.928571
0.96875
0.96875
0.972222
0.990385
0.972222
0.972222
0.96875
0.933333
0.933333
0.973684
0.969697
0.996479
0.944444
0.928571
0.944444
0.928571
0.928571
0.96875
0.972222
0.970588
0.928571
0.944444
0.98
0.96875
0.923077
0.933333
0.923077
0.923077
0.944444
0.923077
0.96875
0.96875
0.923077
0.928571
0.928571
0.95
0.928571
0.928571
0.9375
0.941176
0.9375
0.9375
0.923077
0.923077
0.96875
0.923077
0.923077
0.923077
0.923077
0.9375
0.96875
0.933333
0.944444
0.972222
0.933333
0.944444
0.990291
0.923077
0.96875
0.928571
0.96875
0.928571
0.96875
0.928571
0.944444
0.971429
0.923077
0.9375
0.923077
0.928571
0.994286
0.994764
0.923077
0.923077
0.941176
0.966667
0.980392
0.9375
0.9375
0.944444
0.944444
0.972222
0.944444
0.923077
0.96875
0.972222
0.928571
0.96875
0.928571
0.928571
0.970588
0.980392
0.933333
0.99375
0.928571
0.923077
0.923077
0.941176
0.988372
0.971429
0.992857
0.970588
0.96875
0.944444
0.9375
0.96875
0.96875
0.923077
0.965517
0.967742
0.9375
0.98
0.928571
0.944444
0.923077
0.923077
0.933333
0.941176
0.923077
0.923077
0.970588
0.972222
0.923077
0.923077
0.923077
0.923077
0.923077
0.928571
0.944444
0.96875
0.928571
0.970588
0.928571
0.941176
0.933333
0.928571
0.923077
0.923077
0.923077
0.928571
0.923077
0.923077
0.923077
0.933333
0.984848
0.985294
0.970588
0.996032
0.997041
0.947368
0.986111
0.988506
0.9375
0.970588
0.928571
0.95
0.9375
0.9375
0.928571
0.9375
0.928571
0.972222
0.95
0.9375
0.9375
0.96875
0.933333
0.988889
0.928571
0.928571
0.96875
0.970588
0.928571
0.981132
0.9375
0.9375
0.944444
0.9375
0.98
0.928571
0.928571
0.928571
0.973684
0.990291
0.9375
0.9375
0.944444
0.928571
0.928571
0.928571
0.972222
0.928571
0.928571
0.971429
0.944444
0.96875
0.933333
0.923077
0.923077
0.928571
0.933333
0.98
0.9375
0.933333
0.923077
0.923077
0.923077
0.9375
0.923077
0.933333
0.9375
0.972222
0.993631
0.923077
0.933333
0.9375
0.928571
0.972222
0.928571
0.96875
0.973684
0.985507
0.928571
0.928571
0.95
0.9375
0.928571
0.973684
0.990654
0.923077
0.923077
0.923077
0.928571
0.923077
0.923077
0.923077
0.923077
0.928571
0.96875
0.96875
0.96875
0.933333
0.944444
0.923077
0.9375
0.966667
0.944444
0.944444
0.944444
0.9375
0.96875
0.923077
0.944444
0.972973
0.981132
0.972222
0.972222
0.996491
0.944444
0.928571
0.944444
0.933333
0.944444
0.928571
0.944444
0.980392
0.969697
0.944444
0.979592
0.928571
0.928571
0.969697
0.916667
0.972222
0.944444
0.981481
0.941176
0.96875
0.928571
0.923077
0.923077
0.944444
0.941176
0.983051
0.990385
0.99375
0.990291
0.974359
0.999353
0.9375
0.928571
0.944444
0.928571
0.954545
0.96875
0.972222
0.944444
0.9375
0.928571
0.9375
0.923077
0.944444
0.979167
0.98
0.9375
0.923077
0.9375
0.928571
0.944444
0.98
0.967742
0.928571
0.923077
0.941176
0.95
0.928571
0.944444
0.980392
0.972222
0.928571
0.96875
0.928571
0.941176
0.928571
0.933333
0.990476
0.979592
0.928571
0.923077
0.995261
0.973684
0.995984
0.988506
0.985507
0.923077
0.916667
0.988506
0.95
0.969697
0.916667
0.9375
0.928571
0.96875
0.981481
0.944444
0.928571
0.96875
0.928571
0.96875
0.979167
0.928571
0.928571
0.96875
0.947368
0.991803
0.928571
0.97561
0.928571
0.928571
0.971429
0.999237
0.928571
0.98
0.988636
0.96875
0.96875
0.988372
0.981481
0.958333
0.999402
0.96875
0.933333
0.941176
0.923077
0.933333
0.98
0.969697
0.923077
0.947368
0.967742
0.988372
0.928571
0.96875
0.944444
0.970588
0.928571
0.970588
0.9375
0.923077
0.923077
0.923077
0.9375
0.9375
0.923077
0.933333
0.923077
0.928571
0.923077
0.9375
0.985714
0.997845
0.997763
0.944444
0.9375
0.985294
0.98
0.967742
0.923077
0.96875
0.980769
0.985294
0.970588
0.944444
0.972222
0.980769
0.928571
0.916667
0.944444
0.990741
0.970588
0.985714
0.96875
0.923077
0.96875
0.928571
0.923077
0.956522
0.990654
0.944444
0.928571
0.96875
0.9375
0.944444
0.98
0.933333
0.96875
0.970588
0.928571
0.923077
0.96875
0.923077
0.923077
0.923077
0.923077
0.928571
0.923077
0.928571
0.928571
0.971429
0.970588
0.923077
0.933333
0.928571
0.928571
0.923077
0.923077
0.923077
0.923077
0.928571
0.933333
0.923077
0.928571
0.928571
0.923077
0.923077
0.916667
0.967742
0.944444
0.933333
0.933333
0.954545
0.985714
0.998534
0.923077
0.923077
0.970588
0.923077
0.923077
0.933333
0.9375
0.923077
0.928571
0.941176
0.941176
0.923077
0.923077
0.944444
0.923077
0.944444
0.9375
0.941176
0.923077
0.974359
0.96875
0.96875
0.928571
0.923077
0.928571
0.933333
0.928571
0.9375
0.981481
0.96875
0.933333
0.928571
0.923077
0.928571
0.923077
0.923077
0.923077
0.923077
0.928571
0.9375
0.96875
0.923077
0.933333
0.9375
0.95
0.944444
0.9375
0.982143
0.992857
0.969697
0.9375
0.981132
0.944444
0.981818
0.96875
0.970588
0.985294
0.969697
0.9375
0.985507
0.923077
0.941176
0.923077
0.923077
0.923077
0.933333
0.923077
0.923077
0.980769
0.933333
0.923077
0.944444
0.916667
0.933333
0.923077
0.9375
0.923077
0.9375
0.973684
0.9375
0.941176
0.9375
0.96875
0.9375
0.988372
0.923077
0.928571
0.928571
0.928571
0.972222
0.96875
0.923077
0.928571
0.944444
0.923077
0.944444
0.923077
0.9375
0.928571
0.928571
0.928571
0.96875
0.928571
0.928571
0.9375
0.972222
0.928571
0.944444
0.944444
0.928571
0.96875
0.916667
0.944444
0.970588
0.928571
0.923077
0.944444
0.933333
0.98
0.923077
0.923077
0.944444
0.928571
0.9375
0.923077
0.967742
0.928571
0.96875
0.928571
0.928571
0.928571
0.928571
0.9375
0.996032
0.928571
0.944444
0.9375
0.967742
0.923077
0.933333
0.944444
0.928571
0.933333
0.9375
0.933333
0.923077
0.928571
0.923077
0.923077
0.923077
0.923077
0.923077
0.941176
0.980769
0.9375
0.928571
0.970588
0.994845
0.9375
0.96875
0.9375
0.99495
0.928571
0.928571
0.9375
0.9375
0.970588
0.985714
0.969697
0.958333
0.9984
0.985294
0.985294
0.981481
0.970588
0.96875
0.96875
0.928571
0.970588
0.928571
0.969697
0.928571
0.9375
0.928571
0.985507
0.933333
0.928571
0.9375
0.972222
0.979167
0.995708
0.990291
0.988235
0.988372
0.996689
0.985714
0.994318
0.928571
0.9375
0.96875
0.928571
0.944444
0.985294
0.96875
0.981132
0.985294
0.988636
0.970588
0.988889
0.985294
0.9375
0.928571
0.96875
0.96875
0.96875
0.9375
0.98
0.98
0.944444
0.9375
0.96875
0.928571
0.96875
0.981481
0.928571
0.928571
0.944444
0.928571
0.98
0.933333
0.928571
0.928571
0.9375
0.928571
0.928571
0.916667
0.972222
0.993243
0.999466
0.997041
0.9375
0.969697
0.944444
0.928571
0.944444
0.98
0.9375
0.970588
0.96875
0.98
0.928571
0.98
0.969697
0.9375
0.970588
0.928571
0.928571
0.944444
0.98
0.96875
0.98
0.9375
0.970588
0.96875
0.928571
0.928571
0.9375
0.970588
0.928571
0.9375
0.928571
0.928571
0.9375
0.928571
0.944444
0.9375
0.9375
0.928571
0.9375
0.923077
0.95
0.985294
0.933333
0.944444
0.928571
0.96875
0.928571
0.9375
0.95
0.944444
0.928571
0.928571
0.969697
0.923077
0.928571
0.928571
0.928571
0.916667
0.96875
0.928571
0.928571
0.9375
0.923077
0.928571
0.978723
0.96875
0.9375
0.9375
0.9375
0.96875
0.928571
0.9375
0.941176
0.96875
0.944444
0.9375
0.9375
0.9375
0.9375
0.970588
0.985714
0.928571
0.944444
0.928571
0.9375
0.973684
0.9375
0.952381
0.995726
0.928571
0.923077
0.933333
0.988372
0.99375
0.954545
0.999338
0.928571
0.923077
0.944444
0.970588
0.96875
0.944444
0.969697
0.944444
0.928571
0.981132
0.981132
0.970588
0.923077
0.944444
0.988235
0.928571
0.9375
0.928571
0.928571
0.928571
0.9375
0.969697
0.9375
0.928571
0.9375
0.928571
0.970588
0.98
0.96875
0.9375
0.928571
0.96875
0.96875
0.928571
0.944444
0.916667
0.96875
0.9375
0.923077
0.9375
0.916667
0.9375
0.928571
0.928571
0.9375
0.969697
0.928571
0.928571
0.9375
0.970588
0.96875
0.923077
0.9375
0.923077
0.933333
0.933333
0.923077
0.941176
0.923077
0.941176
0.944444
0.96875
0.928571
0.944444
0.928571
0.928571
0.928571
0.95
0.928571
0.941176
0.928571
0.928571
0.9375
0.985507
0.990385
0.970588
0.9375
0.98
0.98
0.972222
0.96875
0.944444
0.997763
0.988372
0.944444
0.991803
0.928571
0.95
0.980769
0.928571
0.96875
0.944444
0.9375
0.970588
0.972222
0.993671
0.985915
0.995951
0.988636
0.985714
0.928571
0.928571
0.973684
0.928571
0.928571
0.944444
0.933333
0.944444
0.944444
0.96875
0.928571
0.928571
0.928571
0.980769
0.95
0.981481
0.95
0.970588
0.9375
0.96875
0.928571
0.9375
0.96875
0.96875
0.98
0.9375
0.96875
0.985714
0.980769
0.969697
0.990566
0.988372
0.944444
0.96875
0.980392
0.9375
0.96875
0.9375
0.966667
0.969697
0.916667
0.928571
0.98
0.944444
0.96875
0.96875
0.928571
0.9375
0.9375
0.928571
0.923077
0.923077
0.923077
0.9375
0.928571
0.928571
0.923077
0.9375
0.928571
0.9375
0.923077
0.923077
0.923077
0.941176
0.928571
0.9375
0.9375
0.9375
0.9375
0.9375
0.990291
0.980769
0.993827
0.923077
0.982143
0.988372
0.980769
0.933333
0.994845
0.9375
0.928571
0.928571
0.928571
0.928571
0.9375
0.941176
0.980769
0.933333
0.923077
0.933333
0.970588
0.923077
0.972222
0.990291
0.970588
0.923077
0.923077
0.923077
0.9375
0.923077
0.970588
0.952381
0.990385
0.985714
0.994382
0.972222
0.971429
0.970588
0.985294
0.928571
0.96875
0.928571
0.928571
0.9375
0.9375
0.941176
0.999449
0.972222
0.992958
0.99435
0.9375
0.985294
0.928571
0.928571
0.928571
0.96875
0.970588
0.944444
0.978261
0.96875
0.928571
0.971429
0.928571
0.981132
0.928571
0.928571
0.944444
0.944444
0.9375
0.96875
0.944444
0.944444
0.928571
0.928571
0.928571
0.9375
0.9375
0.928571
0.969697
0.923077
0.923077
0.928571
0.928571
0.944444
0.933333
0.944444
0.923077
0.944444
0.928571
0.923077
0.923077
0.969697
0.933333
0.923077
0.923077
0.933333
0.9375
0.972222
0.933333
0.933333
0.990566
0.928571
0.9375
0.981481
0.923077
0.9375
0.923077
0.923077
0.9375
0.9375
0.9375
0.928571
0.928571
0.96875
0.923077
0.923077
0.9375
0.923077
0.970588
0.923077
0.928571
0.952381
0.923077
0.923077
0.933333
0.981481
0.923077
0.9375
0.923077
0.923077
0.923077
0.923077
0.923077
0.928571
0.928571
0.944444
0.923077
0.928571
0.928571
0.928571
0.9375
0.96875
0.923077
0.970588
0.923077
0.928571
0.9375
0.990741
0.988506
0.928571
0.923077
0.923077
0.928571
0.928571
0.98
0.9375
0.923077
0.923077
0.928571
0.9375
0.923077
0.96875
0.928571
0.9375
0.933333
0.9375
0.928571
0.9375
0.9375
0.98
0.970588
0.928571
0.928571
0.928571
0.928571
0.970588
0.923077
0.923077
0.923077
0.928571
0.923077
0.928571
0.96875
0.928571
0.9375
0.96875
0.923077
0.923077
0.923077
0.923077
0.928571
0.933333
0.928571
0.9375
0.9375
0.928571
0.923077
0.969697
0.967742
0.933333
0.933333
0.923077
0.923077
0.928571
0.928571
0.9375
0.923077
0.988372
0.944444
0.923077
0.933333
0.923077
0.928571
0.95
0.923077
0.928571
0.923077
0.923077
0.928571
0.96875
0.9375
0.916667
0.944444
0.923077
0.928571
0.9375
0.933333
0.972222
0.96875
0.96875
0.928571
0.928571
0.928571
0.944444
0.970588
0.944444
0.944444
0.970588
0.9375
0.9375
0.96875
0.96875
0.985294
0.928571
0.928571
0.928571
0.9375
0.928571
0.9375
0.96875
0.970588
0.96875
0.96875
0.928571
0.9375
0.928571
0.928571
0.979592
0.969697
0.923077
0.941176
0.923077
0.941176
0.986111
0.928571
0.928571
0.966667
0.990654
0.985714
0.966667
0.916667
0.990476
0.9375
0.9375
0.981481
0.928571
0.96875
0.928571
0.928571
0.928571
0.928571
0.928571
0.95
0.9375
0.928571
0.928571
0.933333
0.923077
0.933333
0.916667
0.916667
0.923077
0.923077
0.923077
0.9375
0.923077
0.923077
0.9375
0.923077
0.923077
0.928571
0.975
0.998195
0.988372
0.96875
0.979167
0.970588
0.98
0.970588
0.96875
0.985507
0.9375
0.916667
0.980392
0.9375
0.972222
0.928571
0.916667
0.990476
0.969697
0.9375
0.928571
0.916667
0.928571
0.972222
0.928571
0.9375
0.923077
0.928571
0.96875
0.923077
0.9375
0.928571
0.923077
0.923077
0.923077
0.923077
0.941176
0.9375
0.969697
0.928571
0.928571
0.928571
0.95
0.969697
0.969697
0.928571
0.9375
0.969697
0.944444
0.95
0.993711
0.99187
0.9375
0.96875
0.928571
0.928571
0.928571
0.928571
0.916667
0.916667
0.979167
0.96875
0.970588
0.96875
0.99495
0.928571
0.9375
0.944444
0.944444
0.970588
0.944444
0.96875
0.972222
0.916667
0.928571
0.928571
0.96875
0.916667
0.916667
0.944444
0.969697
0.928571
0.916667
0.928571
0.928571
0.928571
0.944444
0.916667
0.9375
0.9375
0.9375
0.95
0.980392
0.9375
0.928571
0.9375
0.933333
0.923077
0.933333
0.96875
0.9375
0.9375
0.933333
0.928571
0.928571
0.96875
0.933333
0.923077
0.928571
0.980769
0.98
0.96875
0.928571
0.916667
0.928571
0.98
0.916667
0.9375
0.961538
0.998532
0.988372
0.9375
0.928571
0.928571
0.916667
0.944444
0.944444
0.971429
0.923077
0.928571
0.9375
0.923077
0.96875
0.928571
0.923077
0.965517
0.933333
0.9375
0.9375
0.9375
0.9375
0.923077
0.941176
0.923077
0.933333
0.95
0.928571
0.9375
0.944444
0.988506
0.988372
0.9375
0.944444
0.966667
0.96875
0.928571
0.9375
0.9375
0.944444
0.944444
0.9375
0.96875
0.944444
0.9375
0.916667
0.944444
0.916667
0.928571
0.928571
0.944444
0.95
0.96875
0.96875
0.96875
0.944444
0.998672
0.985714
0.972222
0.980769
0.96875
0.928571
0.916667
0.9375
0.928571
0.970588
0.916667
0.928571
0.970588
0.923077
0.923077
0.923077
0.933333
0.923077
0.923077
0.928571
0.928571
0.944444
0.916667
0.916667
0.944444
0.996226
0.988372
0.988506
0.928571
0.941176
0.9375
0.923077
0.923077
0.928571
0.916667
0.9375
0.928571
0.916667
0.916667
0.96875
0.944444
0.928571
0.916667
0.928571
0.928571
0.923077
0.928571
0.928571
0.916667
0.928571
0.916667
0.9375
0.923077
0.944444
0.971429
0.928571
0.916667
0.928571
0.9375
0.916667
0.923077
0.916667
0.928571
0.980392
0.972222
0.98
0.990476
0.980769
0.944444
0.916667
0.928571
0.980392
0.98
0.99187
0.96875
0.944444
0.928571
0.96875
0.916667
0.928571
0.96875
0.9375
0.96875
0.916667
0.96875
0.944444
0.96875
0.96875
0.916667
0.928571
0.970588
0.96875
0.981481
0.9
0.970588
0.970588
0.96875
0.96875
0.928571
0.972222
0.966667
0.96875
0.916667
0.96875
0.944444
0.916667
0.944444
0.96875
0.9375
0.966667
0.9375
0.9375
0.923077
0.9375
0.928571
0.923077
0.928571
0.916667
0.952381
0.941176
0.928571
0.96875
0.928571
0.916667
0.916667
0.9375
0.9375
0.916667
0.96875
0.916667
0.923077
0.916667
0.96875
0.916667
0.916667
0.928571
0.928571
0.96875
0.9375
0.96875
0.916667
0.928571
0.916667
0.916667
0.981818
0.999304
0.980392
0.944444
0.928571
0.9375
0.988372
0.985294
0.98
0.96875
0.916667
0.916667
0.9375
0.96875
0.972222
0.96875
0.916667
0.9375
0.944444
0.985714
0.941176
0.941176
0.928571
0.96875
0.944444
0.916667
0.916667
0.98
0.928571
0.916667
0.9375
0.9375
0.916667
0.928571
0.916667
0.969697
0.9375
0.916667
0.9375
0.928571
0.944444
0.941176
0.928571
0.9375
0.916667
0.916667
0.916667
0.9375
0.928571
0.923077
0.928571
0.970588
0.944444
0.9375
0.916667
0.916667
0.928571
0.916667
0.9375
0.981481
0.928571
0.928571
0.944444
0.916667
0.944444
0.970588
0.96875
0.9375
0.928571
0.944444
0.916667
0.928571
0.96875
0.928571
0.928571
0.928571
0.96875
0.916667
0.916667
0.916667
0.916667
0.916667
0.944444
0.916667
0.928571
0.928571
0.916667
0.916667
0.928571
0.916667
0.958333
0.999439
0.96875
0.9375
0.928571
0.928571
0.96875
0.928571
0.928571
0.98
0.933333
0.928571
0.928571
0.9375
0.9375
0.941176
0.96875
0.98
0.933333
0.923077
0.923077
0.967742
0.9375
0.96875
0.970588
0.96875
0.970588
0.916667
0.916667
0.98
0.96875
0.916667
0.9375
0.928571
0.96875
0.972222
0.98
0.928571
0.95
0.996241
0.990196
0.96875
0.98
0.944444
0.98
0.916667
0.972222
0.9375
0.928571
0.970588
0.916667
0.923077
0.916667
0.928571
0.916667
0.96875
0.928571
0.928571
0.970588
0.9375
0.96875
0.928571
0.972222
0.971429
0.9375
0.969697
0.916667
0.928571
0.970588
0.98
0.96875
0.972222
0.916667
0.96875
0.916667
0.95
0.944444
0.970588
0.96875
0.916667
0.916667
0.9375
0.96875
0.96875
0.928571
0.972222
0.944444
0.9375
0.96875
0.980392
0.96875
0.928571
0.916667
0.9375
0.944444
0.970588
0.980392
0.928571
0.916667
0.928571
0.928571
0.970588
0.928571
0.916667
0.979592
0.9375
0.928571
0.916667
0.96875
0.916667
0.928571
0.916667
0.916667
0.944444
0.916667
0.970588
0.916667
0.916667
0.916667
0.928571
0.916667
0.944444
0.916667
0.9375
0.9375
0.928571
0.916667
0.9375
0.928571
0.9375
0.928571
0.990476
0.985507
0.928571
0.9375
0.9375
0.916667
0.96875
0.944444
0.967742
0.988372
0.972222
0.933333
0.916667
0.941176
0.944444
0.944444
0.96875
0.916667
0.916667
0.96875
0.96875
0.928571
0.916667
0.916667
0.944444
0.970588
0.96875
0.96875
0.916667
0.928571
0.916667
0.916667
0.923077
0.923077
0.916667
0.916667
0.9375
0.916667
0.916667
0.916667
0.916667
0.916667
0.9375
0.9375
0.916667
0.916667
0.916667
0.928571
0.928571
0.928571
0.9375
0.928571
0.9375
0.944444
0.972222
0.98
0.969697
0.9375
0.928571
0.944444
0.916667
0.928571
0.928571
0.944444
0.96875
0.928571
0.916667
0.928571
0.928571
0.969697
0.916667
0.928571
0.916667
0.916667
0.980769
0.98
0.972222
0.96875
0.96875
0.9375
0.9375
0.928571
0.916667
0.96875
0.916667
0.928571
0.916667
0.96875
0.916667
0.928571
0.9375
0.916667
0.916667
0.95
0.916667
0.916667
0.980769
0.916667
0.98
0.928571
0.941176
0.969697
0.972222
0.916667
0.96875
0.928571
0.944444
0.916667
0.96875
0.96875
0.980769
0.985507
0.916667
0.928571
0.928571
0.944444
0.928571
0.928571
0.928571
0.96875
0.971429
0.916667
0.916667
0.928571
0.916667
0.972222
0.96875
0.928571
0.970588
0.985294
0.944444
0.944444
0.928571
0.96875
0.916667
0.96875
0.96875
0.979592
0.96875
0.933333
0.9375
0.923077
0.923077
0.928571
0.928571
0.916667
0.944444
0.96875
0.928571
0.916667
0.928571
0.928571
0.944444
0.916667
0.9375
0.916667
0.96875
0.9375
0.916667
0.944444
0.928571
0.916667
0.96875
0.928571
0.941176
0.928571
0.916667
0.916667
0.944444
0.928571
0.916667
0.928571
0.916667
0.9375
0.928571
0.916667
0.916667
0.944444
0.985294
0.9375
0.916667
0.9375
0.970588
0.916667
0.916667
0.916667
0.9375
0.9375
0.944444
0.944444
0.96875
0.966667
0.916667
0.916667
0.928571
0.916667
0.944444
0.9375
0.96875
0.928571
0.928571
0.928571
0.9375
0.985294
0.973684
0.916667
0.916667
0.916667
0.928571
0.96875
0.972222
0.928571
0.928571
0.933333
0.928571
0.9375
0.928571
0.916667
0.916667
0.928571
0.928571
0.928571
0.916667
0.928571
0.98
0.928571
0.916667
0.95
0.96875
0.928571
0.9375
0.944444
0.992857
0.972222
0.985294
0.916667
0.928571
0.96875
0.916667
0.916667
0.916667
0.944444
0.9375
0.916667
0.96875
0.983051
0.967742
0.982759
0.992908
0.9375
0.985294
0.944444
0.98
0.928571
0.928571
0.916667
0.96875
0.98
0.928571
0.981132
0.916667
0.928571
0.916667
0.916667
0.944444
0.916667
0.944444
0.9375
0.972222
0.916667
0.916667
0.928571
0.944444
0.928571
0.96875
0.974359
0.916667
0.9375
0.95
0.972222
0.98
0.916667
0.928571
0.980392
0.970588
0.933333
0.928571
0.95
0.9984
0.9375
0.966667
0.9375
0.995984
0.985714
0.916667
0.916667
0.95
0.966667
0.985507
0.928571
0.96875
0.916667
0.928571
0.970588
0.916667
0.928571
0.944444
0.916667
0.916667
0.98
0.933333
0.928571
0.916667
0.9375
0.928571
0.916667
0.916667
0.916667
0.916667
0.928571
0.9375
0.923077
0.9375
0.916667
0.916667
0.916667
0.941176
0.96875
0.96875
0.928571
0.972222
0.928571
0.916667
0.916667
0.9375
0.916667
0.928571
0.9375
0.96875
0.928571
0.916667
0.928571
0.944444
0.95
0.986111
0.970588
0.980392
0.944444
0.928571
0.928571
0.944444
0.916667
0.944444
0.944444
0.980392
0.980769
0.916667
0.916667
0.95
0.972222
0.967742
0.96875
0.928571
0.9375
0.916667
0.916667
0.916667
0.916667
0.928571
0.928571
0.928571
0.928571
0.928571
0.916667
0.916667
0.916667
0.916667
0.916667
0.9375
0.944444
0.971429
0.944444
0.972222
0.923077
0.916667
0.916667
0.916667
0.928571
0.9375
0.96875
0.969697
0.928571
0.916667
0.928571
0.928571
0.96875
0.9375
0.916667
0.928571
0.944444
0.966667
0.928571
0.916667
0.916667
0.916667
0.9375
0.916667
0.916667
0.944444
0.916667
0.916667
0.928571
0.928571
0.916667
0.944444
0.916667
0.944444
0.9375
0.916667
0.916667
0.944444
0.928571
0.916667
0.944444
0.98
0.928571
0.991803
0.916667
0.916667
0.9375
0.928571
0.9375
0.9375
0.928571
0.944444
0.992806
0.9375
0.966667
0.995025
0.916667
0.916667
0.928571
0.944444
0.928571
0.916667
0.916667
0.916667
0.9375
0.970588
0.916667
0.928571
0.9375
0.944444
0.916667
0.972222
0.916667
0.928571
0.916667
0.928571
0.9375
0.916667
0.916667
0.916667
0.916667
0.916667
0.928571
0.944444
0.941176
0.916667
0.944444
0.98
0.994413
0.972222
0.916667
0.933333
0.916667
0.928571
0.916667
0.9375
0.969697
0.928571
0.96875
0.969697
0.985075
0.96875
0.98
0.9375
0.96875
0.979592
0.96875
0.970588
0.96875
0.916667
0.972222
0.988372
0.916667
0.96875
0.96875
0.970588
0.944444
0.928571
0.980392
0.916667
0.944444
0.970588
0.916667
0.928571
0.916667
0.916667
0.944444
0.972222
0.96875
0.95
0.970588
0.96875
0.928571
0.970588
0.928571
0.916667
0.928571
0.9375
0.9375
0.928571
0.916667
0.916667
0.928571
0.973684
0.9375
0.944444
0.933333
0.916667
0.916667
0.916667
0.928571
0.916667
0.9375
0.944444
0.9375
0.95
0.985714
0.928571
0.928571
0.928571
0.928571
0.928571
0.916667
0.928571
0.981481
0.916667
0.916667
0.9375
0.928571
0.916667
0.916667
0.923077
0.928571
0.916667
0.916667
0.944444
0.916667
0.916667
0.944444
0.970588
0.944444
0.969697
0.916667
0.916667
0.944444
0.928571
0.944444
0.916667
0.928571
0.928571
0.944444
0.916667
0.916667
0.928571
0.916667
0.928571
0.916667
0.916667
0.9375
0.928571
0.928571
0.96875
0.916667
0.916667
0.96875
0.9375
0.9375
0.9375
0.979167
0.928571
0.928571
0.972222
0.928571
0.944444
0.9375
0.916667
0.928571
0.916667
0.928571
0.928571
0.928571
0.916667
0.9375
0.916667
0.928571
0.916667
0.916667
0.96875
0.916667
0.9375
0.933333
0.916667
0.941176
0.916667
0.928571
0.916667
0.928571
0.9375
0.972222
0.9375
0.96875
0.923077
0.933333
0.916667
0.928571
0.9375
0.923077
0.923077
0.928571
0.923077
0.9375
0.916667
0.928571
0.916667
0.944444
0.9375
0.916667
0.96
0.998987
0.990385
0.944444
0.928571
0.9375
0.928571
0.95
0.916667
0.916667
0.916667
0.916667
0.916667
0.96875
0.916667
0.96875
0.916667
0.96875
0.9375
0.9375
0.944444
0.971429
0.9375
0.9375
0.9375
0.9375
0.916667
0.9375
0.916667
0.928571
0.9375
0.985294
0.944444
0.972222
0.928571
0.916667
0.991935
0.98
0.985294
0.988889
0.991803
0.928571
0.9375
0.9375
0.9375
0.944444
0.916667
0.928571
0.9375
0.916667
0.916667
0.928571
0.966667
0.928571
0.928571
0.928571
0.9375
0.9375
0.916667
0.916667
0.916667
0.970588
0.990654
0.944444
0.944444
0.916667
0.9375
0.9375
0.923077
0.944444
0.969697
0.9375
0.916667
0.928571
0.928571
0.916667
0.9375
0.9375
0.970588
0.979592
0.928571
0.944444
0.916667
0.928571
0.928571
0.928571
0.96875
0.928571
0.969697
0.928571
0.916667
0.9375
0.916667
0.928571
0.916667
0.9375
0.916667
0.928571
0.916667
0.916667
0.944444
0.928571
0.916667
0.928571
0.916667
0.916667
0.916667
0.944444
0.916667
0.970588
0.928571
0.9375
0.9375
0.969697
0.944444
0.96875
0.928571
0.944444
0.928571
0.96875
0.916667
0.916667
0.944444
0.928571
0.928571
0.916667
0.944444
0.916667
0.95
0.96875
0.988372
0.944444
0.916667
0.928571
0.916667
0.9375
0.928571
0.916667
0.916667
0.928571
0.9375
0.916667
0.928571
0.928571
0.95
0.994737
0.9375
0.928571
0.944444
0.944444
0.916667
0.928571
0.928571
0.916667
0.916667
0.916667
0.916667
0.928571
0.916667
0.916667
0.916667
0.916667
0.928571
0.916667
0.9375
0.944444
0.944444
0.980769
0.985714
0.995327
0.944444
0.990566
0.944444
0.985294
0.916667
0.9375
0.985714
0.96875
0.98
0.916667
0.928571
0.916667
0.96875
0.916667
0.916667
0.916667
0.928571
0.970588
0.916667
0.928571
0.98
0.916667
0.980769
0.991803
0.916667
0.9375
0.980769
0.966667
0.928571
0.916667
0.916667
0.916667
0.988235
0.944444
0.96875
0.916667
0.928571
0.916667
0.96875
0.916667
0.916667
0.9375
0.96875
0.992857
0.98
0.98
0.928571
0.944444
0.9375
0.916667
0.916667
0.9375
0.970588
0.916667
0.9375
0.916667
0.928571
0.916667
0.944444
0.944444
0.916667
0.916667
0.96875
0.9375
0.9375
0.9375
0.916667
0.916667
0.9375
0.9375
0.970588
0.966667
0.928571
0.944444
0.916667
0.916667
0.916667
0.928571
0.96875
0.916667
0.916667
0.928571
0.916667
0.928571
0.96875
0.966667
0.9375
0.96875
0.9375
0.916667
0.9375
0.9375
0.928571
0.928571
0.916667
0.916667
0.980392
0.9375
0.95
0.9375
0.928571
0.9375
0.928571
0.916667
0.944444
0.969697
0.9375
0.944444
0.928571
0.9375
0.928571
0.941176
0.96875
0.923077
0.923077
0.916667
0.928571
0.916667
0.916667
0.928571
0.916667
0.928571
0.987805
0.98
0.923077
0.916667
0.928571
0.944444
0.972222
0.96875
0.9375
0.9375
0.970588
0.9375
0.966667
0.967742
0.970588
0.916667
0.916667
0.944444
0.9375
0.970588
0.944444
0.928571
0.9375
0.944444
0.928571
0.9375
0.928571
0.9375
0.916667
0.916667
0.928571
0.9375
0.9375
0.928571
0.916667
0.944444
0.9375
0.916667
0.928571
0.916667
0.916667
0.928571
0.928571
0.928571
0.916667
0.916667
0.916667
0.916667
0.9375
0.928571
0.9375
0.944444
0.928571
0.9375
0.9375
0.9375
0.933333
0.9375
0.9375
0.9375
0.928571
0.944444
0.928571
0.916667
0.928571
0.933333
0.916667
0.944444
0.916667
0.916667
0.928571
0.96875
0.96875
0.941176
0.980392
0.985294
0.966667
0.928571
0.928571
0.916667
0.916667
0.916667
0.96875
0.944444
0.9375
0.916667
0.916667
0.928571
0.916667
0.916667
0.928571
0.916667
0.916667
0.928571
0.916667
0.916667
0.944444
0.928571
0.916667
0.916667
0.916667
0.916667
0.928571
0.954545
0.916667
0.928571
0.933333
0.96875
0.928571
0.9375
0.96875
0.916667
0.916667
0.9375
0.928571
0.928571
0.928571
0.941176
0.944444
0.928571
0.916667
0.9375
0.928571
0.928571
0.9375
0.916667
0.916667
0.916667
0.916667
0.928571
0.944444
0.9375
0.916667
0.944444
0.916667
0.916667
0.916667
0.9375
0.928571
0.916667
0.916667
0.916667
0.9375
0.928571
0.928571
0.928571
0.973684
0.916667
0.970588
0.966667
0.970588
0.96875
0.944444
0.916667
0.9375
0.916667
0.974359
0.98
0.928571
0.916667
0.9375
0.928571
0.985507
0.941176
0.9375
0.928571
0.916667
0.916667
0.916667
0.928571
0.96875
0.991803
0.988636
0.96875
0.916667
0.928571
0.96875
0.916667
0.944444
0.9375
0.96875
0.916667
0.916667
0.916667
0.971429
0.9375
0.928571
0.9375
0.985714
0.96875
0.916667
0.928571
0.928571
0.916667
0.916667
0.928571
0.970588
0.928571
0.985714
0.916667
0.916667
0.928571
0.916667
0.941176
0.969697
0.916667
0.9375
0.970588
0.9375
0.928571
0.928571
0.916667
0.916667
0.916667
0.972222
0.970588
0.928571
0.928571
0.928571
0.928571
0.916667
0.916667
0.916667
0.9375
0.96875
0.928571
0.972222
0.970588
0.928571
0.916667
0.928571
0.972222
0.933333
0.9375
0.96875
0.944444
0.9375
0.916667
0.928571
0.916667
0.928571
0.916667
0.916667
0.969697
0.9375
0.981481
0.9375
0.990654
0.916667
0.9375
0.9375
0.970588
0.944444
0.9375
0.916667
0.916667
0.9375
0.966667
0.9375
0.928571
0.9375
0.916667
0.928571
0.928571
0.916667
0.916667
0.928571
0.944444
0.970588
0.972222
0.9375
0.994681
0.995671
0.928571
0.928571
0.928571
0.9375
0.928571
0.928571
0.944444
0.9375
0.933333
0.928571
0.916667
0.96875
0.928571
0.916667
0.944444
0.916667
0.96875
0.916667
0.969697
0.916667
0.916667
0.9375
0.916667
0.916667
0.916667
0.9375
0.972222
0.980769
0.916667
0.916667
0.916667
0.928571
0.928571
0.928571
0.95
0.969697
0.96875
0.9375
0.928571
0.944444
0.941176
0.916667
0.933333
0.969697
0.923077
0.928571
0.96875
0.916667
0.916667
0.928571
0.928571
0.944444
0.95
0.944444
0.9375
0.928571
0.96875
0.928571
0.96875
0.916667
0.916667
0.928571
0.916667
0.933333
0.9375
0.944444
0.9375
0.96875
0.916667
0.916667
0.916667
0.928571
0.916667
0.916667
0.944444
0.944444
0.916667
0.928571
0.916667
0.928571
0.9375
0.980769
0.979592
0.969697
0.916667
0.923077
0.916667
0.916667
0.916667
0.9375
0.944444
0.970588
0.972222
0.970588
0.928571
0.98
0.916667
0.916667
0.928571
0.916667
0.96875
0.916667
0.944444
0.916667
0.916667
0.970588
0.944444
0.9375
0.916667
0.916667
0.944444
0.9375
0.9375
0.944444
0.928571
0.928571
0.916667
0.9375
0.928571
0.928571
0.928571
0.96875
0.969697
0.923077
0.9375
0.916667
0.916667
0.916667
0.9375
0.928571
0.916667
0.95
0.96875
0.928571
0.944444
0.928571
0.916667
0.916667
0.928571
0.916667
0.928571
0.916667
0.9375
0.916667
0.928571
0.916667
0.916667
0.916667
0.916667
0.916667
0.928571
0.928571
0.9375
0.944444
0.967742
0.972222
0.933333
0.916667
0.923077
0.916667
0.923077
0.928571
0.916667
0.916667
0.928571
0.916667
0.916667
0.916667
0.970588
0.928571
0.916667
0.944444
0.933333
0.923077
0.928571
0.9375
0.923077
0.923077
0.928571
0.928571
0.916667
0.916667
0.928571
0.933333
0.928571
0.9375
0.916667
0.916667
0.9375
0.916667
0.928571
0.916667
0.96875
0.944444
0.9375
0.944444
0.916667
0.916667
0.928571
0.984848
0.996016
0.928571
0.916667
0.916667
0.916667
0.916667
0.916667
0.916667
0.916667
0.9375
0.916667
0.928571
0.916667
0.928571
0.9375
0.916667
0.916667
0.9375
0.916667
0.916667
0.916667
0.928571
0.916667
0.944444
0.9375
0.9375
0.928571
0.928571
0.916667
0.944444
0.96875
0.916667
0.928571
0.9375
0.988372
0.997199
0.96875
0.96875
0.944444
0.96875
0.928571
0.928571
0.96875
0.96875
0.916667
0.9375
0.9375
0.916667
0.916667
0.96875
0.944444
0.916667
0.916667
0.928571
0.928571
0.95
0.985714
0.96875
0.916667
0.916667
0.928571
0.916667
0.916667
0.9375
0.916667
0.928571
0.9375
0.9375
0.944444
0.928571
0.944444
0.9375
0.944444
0.944444
0.9375
0.928571
0.944444
0.928571
0.916667
0.916667
0.944444
0.916667
0.916667
0.916667
0.916667
0.9375
0.944444
0.928571
