0.258844
0.189777
0.161704
0.161296
0.150726
0.135177
0.122607
0.117462
0.117388
0.117315
0.118633
0.112095
0.108358
0.104552
0.100369
0.0890283
0.0858703
0.0959327
0.0942361
0.08544
0.0821769
0.0905495
0.0877997
0.0854233
0.0813065
0.0822902
0.0811058
0.0808377
0.0810011
0.0802304
0.0802849
0.0798247
0.0793008
0.0722857
0.0777463
0.0774024
0.076
0.0757927
0.0750867
0.0755771
0.0754213
0.0751658
0.0750807
0.0748048
0.0742698
0.0740729
0.0736215
0.0733147
0.0723882
0.0715533
0.0703953
0.0712328
0.07122
0.0709739
0.0706922
0.0704087
0.0699925
0.069539
0.0693195
0.0692178
0.0691055
0.0688719
0.0687016
0.0686062
0.0595396
0.062048
0.0685298
0.0682907
0.0682033
0.0680011
0.0679708
0.0679309
0.0677294
0.067453
0.0672981
0.0672749
0.0671966
0.0670905
0.0669097
0.0610133
0.0578303
0.0668408
0.0667852
0.0665127
0.0666015
0.0666238
0.0664808
0.0663528
0.0663044
0.0662336
0.065875
0.0661526
0.0658252
0.0660818
0.0660008
0.0657206
0.0659397
0.0658719
0.0568565
0.0658182
0.0657722
0.0651568
0.0657176
0.0655691
0.0653587
0.0655554
0.0655843
0.0655581
0.0654934
0.0654086
0.0651206
0.0651203
0.0653376
0.0652992
0.0652623
0.0652361
0.0652315
0.0651788
0.0651711
0.0649356
0.0651268
0.0650804
0.0648321
0.0648319
0.0650265
0.0650222
0.0649328
0.0645822
0.064938
0.0649038
0.0648246
0.0648313
0.064763
0.0647767
0.0647903
0.0646841
0.0646732
0.0647579
0.0647391
0.0646851
0.064663
0.0646174
0.0643065
0.0643477
0.0646033
0.0644124
0.0643427
0.0645925
0.0645716
0.0645603
0.0645067
0.0644928
0.0644747
0.0644228
0.064446
0.0642822
0.064282
0.0642819
0.0642817
0.0644348
0.0644086
0.0642306
0.0642304
0.0642303
0.0642301
0.0643366
0.0643847
0.0643636
0.0643131
0.0642864
0.0641668
0.0641196
0.0641195
0.0642797
0.0642706
0.064239
0.0640865
0.0435782
0.0642187
0.0642263
0.0641878
0.0641718
0.0633938
0.0641584
0.0641413
0.0641431
0.064131
0.0641201
0.0640922
0.0640723
0.0640198
0.0639171
0.0640596
0.0639813
0.0634336
0.0640439
0.0640473
0.0639088
0.0640293
0.0640284
0.0639991
0.0639942
0.0639447
0.0639378
0.0638236
0.063925
0.0638675
0.0638798
0.0637608
0.0637607
0.0637606
0.0638838
0.0638818
0.0638385
0.0638402
0.063787
0.0638245
0.0638286
0.0638066
0.0637825
0.0637851
0.0637523
0.0637564
0.0637512
0.0636044
0.063718
0.0637119
0.0637335
0.0636996
0.0567859
0.0636087
0.0567858
0.0636087
0.0636552
0.0636085
0.0635426
0.0636085
0.0635762
0.0636911
0.0636488
0.0637118
0.0631893
0.0637038
0.0429413
0.0636758
0.0635618
0.063405
0.0636055
0.0636472
0.0567316
0.0636052
0.0636564
0.0635606
0.0635605
0.0635605
0.0609414
0.0636651
0.0635975
0.0636584
0.0636297
0.0635484
0.0635169
0.0636498
0.0636272
0.0636243
0.0635901
0.0635526
0.0635768
0.0635011
0.0635011
0.063501
0.0635743
0.063496
0.0635765
0.063513
0.0635525
0.0635267
0.0635473
0.0635561
0.0428022
0.0635584
0.0635301
0.0635124
0.0635238
0.0540778
0.0635403
0.0634905
0.0634432
0.0634432
0.0634431
0.0633744
0.0633818
0.063129
0.0635304
0.0634321
0.0634321
0.063432
0.063432
0.0634319
0.0634319
0.0634319
0.0635064
0.0634317
0.0633805
0.0635019
0.0633293
0.0625867
0.0634836
0.0598386
0.0635074
0.0634553
0.0634099
0.0634098
0.0634098
0.0634098
0.0634464
0.0634097
0.0634097
0.0634096
0.0634096
0.0634096
0.0634549
0.0634095
0.0633592
0.0633592
0.0633591
0.0565589
0.0633591
0.0634093
0.0634832
0.0633515
0.0634007
0.0634007
0.0634006
0.0634006
0.0634373
0.0633513
0.0633512
0.0540473
0.0634698
0.0613123
0.0633949
0.063346
0.063346
0.0633948
0.0633947
0.0633947
0.0633947
0.0633947
0.0633946
0.0633946
0.0633946
0.0633945
0.06313
0.0634808
0.063462
0.0634102
0.0627129
0.0634524
0.0633606
0.0627348
0.0629102
0.0633605
0.0632727
0.0634296
0.0634337
0.0634276
0.0632946
0.0633393
0.0633807
0.0564785
0.0633392
0.0633102
0.0633993
0.0633346
0.0633346
0.0634107
0.0633343
0.0634147
0.0633883
0.0633294
0.0633704
0.0633294
0.0633385
0.0633282
0.0633282
0.0544529
0.0544528
0.0544527
0.0633281
0.0544526
0.0544525
0.063328
0.063361
0.062557
0.0544511
0.0633613
0.054451
0.0633613
0.0627982
0.0627252
0.0634065
0.0632488
0.0632613
0.054446
0.0633619
0.0544459
0.0592226
0.0544457
0.0544456
0.0544455
0.0544454
0.0632778
0.0544453
0.0544452
0.0631794
0.0633423
0.0633812
0.0633136
0.0544361
0.0544361
0.0632708
0.0632707
0.0544359
0.0632919
0.0544355
0.0632383
0.0633831
0.0633494
0.0633511
0.0633644
0.0632893
0.0544109
0.0632612
0.0633461
0.0564103
0.0632394
0.0632797
0.0632796
0.0544003
0.0544002
0.0544001
0.0632795
0.0425499
0.0633273
0.0632801
0.0425452
0.0633269
0.0632328
0.0543913
0.063247
0.0633129
0.0633407
0.063264
0.054383
0.059159
0.063301
0.0632638
0.0539897
0.0633271
0.0633009
0.0633361
0.0543796
0.0543795
0.0543794
0.0543794
0.0543793
0.0632607
0.0632607
0.0543791
0.0543791
0.0632216
0.054379
0.0543789
0.0632606
0.0632899
0.0633329
0.0632206
0.063294
0.0631512
0.0425213
0.0633145
0.0632513
0.054368
0.0632879
0.0543679
0.0633206
0.0632129
0.0632509
0.0632509
0.0633226
0.0632968
0.054363
0.0632953
0.0632695
0.0543609
0.0632454
0.0632078
0.0543608
0.0543607
0.0632077
0.0632575
0.0543591
0.0632733
0.0632067
0.054359
0.0543589
0.0543589
0.0543588
0.0543588
0.0543587
0.0632441
0.0543587
0.0543586
0.0543585
0.0543585
0.0543584
0.0543584
0.0543583
0.063217
0.063105
0.0633146
0.0632047
0.0543572
0.0543572
0.0595902
0.0632488
0.0633116
0.063276
0.0543536
0.0543535
0.0632014
0.0563642
0.0632014
0.0632386
0.063289
0.0605809
0.054351
0.0543509
0.0543508
0.0632709
0.0632353
0.0543507
0.0632711
0.0625838
0.0632337
0.0540055
0.0591253
0.0543494
0.0543493
0.0608031
0.0543492
0.0543491
0.054349
0.0632686
0.0543489
0.0543488
0.0632855
0.0632885
0.0632685
0.0632797
0.0632486
0.0632706
0.063261
0.0632605
0.0632436
0.0632491
0.0632375
0.0632179
0.0631369
0.0631486
0.0631424
0.0542817
0.0631725
0.0632341
0.0631762
0.0542772
0.063136
0.0631998
0.0631429
0.0632203
0.0632127
0.0542635
0.0631253
0.0423945
0.0631564
0.0630205
0.0542628
0.0631554
0.0631999
0.0631686
0.0631573
0.0629328
0.0631213
0.0542588
0.0631149
0.0631628
0.0630049
0.0542562
0.0542562
0.0542562
0.0542561
0.0604863
0.0631504
0.054256
0.0562633
0.0631861
0.0631484
0.0631577
0.0542529
0.0542529
0.0630002
0.0631463
0.0631158
0.0632011
0.0542516
0.0631462
0.0631156
0.0542515
0.0631699
0.0631057
0.0631796
0.0630727
0.0627317
0.0622935
0.0631879
0.0631685
0.0542429
0.0627367
0.0631371
0.0631633
0.0631687
0.0631372
0.0629338
0.0631381
0.0542343
0.0542343
0.0631695
0.0628835
0.0631568
0.0542313
0.0630982
0.0542312
0.0631567
0.0542311
0.0590071
0.06315
0.0542311
0.054231
0.0631032
0.0631829
0.0630979
0.0631783
0.0631827
0.063167
0.0542276
0.0542275
0.0630952
0.0542275
0.0539211
0.0631702
0.063138
0.0562233
0.0631159
0.0542186
0.0423431
0.0631362
0.0542168
0.0539134
0.0629412
0.0630966
0.0542149
0.0542148
0.0542148
0.0542148
0.0630844
0.0630152
0.0631679
0.0423361
0.0631506
0.0542096
0.0542095
0.0542095
0.0542094
0.0542094
0.0631452
0.0539062
0.0625686
0.0631078
0.0631455
0.0631046
0.0624426
0.0542083
0.0630789
0.0631442
0.0631618
0.0630776
0.0631267
0.056211
0.0631157
0.0631365
0.0631431
0.0631508
0.062693
0.0630684
0.0630684
0.0624564
0.0541952
0.0541952
0.0630685
0.0541952
0.0541951
0.0589713
0.0541951
0.0541951
0.054195
0.054195
0.0538998
0.0631098
0.0630949
0.0631104
0.0630008
0.054193
0.063134
0.0629984
0.0631231
0.0631435
0.0631279
0.0541862
0.0541861
0.0630865
0.0541861
0.0630636
0.054186
0.0538949
0.0631226
0.0631367
0.0631008
0.063059
0.0631328
0.0629901
0.0631283
0.0631008
0.0631012
0.0541716
0.0603997
0.063047
0.063047
0.0541715
0.0631234
0.0630713
0.0630713
0.0631101
0.0630899
0.0541699
0.0541699
0.0541699
0.0630456
0.0541698
0.0630711
0.0630484
0.062882
0.0541689
0.0630057
0.0631003
0.0631114
0.0629642
0.0630287
0.0630695
0.0630621
0.0631118
0.0630356
0.0630356
0.0630356
0.0631098
0.0603849
0.0630929
0.0541568
0.0541567
0.0541567
0.0541567
0.0630345
0.0628911
0.0630926
0.0630922
0.0630959
0.0630652
0.0630264
0.0630988
0.0629445
0.0630895
0.0630659
0.0630693
0.0630806
0.0538794
0.0630764
0.0628534
0.0603596
0.0541317
0.0541317
0.0541317
0.0630635
0.0629505
0.0630122
0.042241
0.0630648
0.0630579
0.0630024
0.0630574
0.0616915
0.0630261
0.0630436
0.0629803
0.0628538
0.0630256
0.0561195
0.0588941
0.0422293
0.0630708
0.0541173
0.0630237
0.0603451
0.0541172
0.0541172
0.0541172
0.0541172
0.0630014
0.0630236
0.0630407
0.063027
0.0630248
0.0630051
0.0630205
0.0630512
0.0541133
0.0541132
0.0630205
0.0630472
0.0630495
0.0541122
0.0541121
0.0541121
0.0541121
0.0629972
0.0541121
0.054112
0.054112
0.054112
0.054112
0.0538662
0.062879
0.0629435
0.0628602
0.0629988
0.063038
0.0630613
0.0541082
0.062994
0.0541082
0.062932
0.0629584
0.0630151
0.0629769
0.0630561
0.0630582
0.0630135
0.0541054
0.0629914
0.0630129
0.0630101
0.0630552
0.063053
0.0629902
0.0630254
0.062984
0.0630365
0.0629833
0.0629833
0.0538637
0.062961
0.0540943
0.0621651
0.0540942
0.063039
0.0630464
0.0629998
0.0629811
0.0630042
0.0605413
0.0630437
0.0629798
0.0630016
0.0629783
0.0629783
0.0540897
0.0540897
0.0540897
0.0629783
0.0629783
0.0629536
0.0629984
0.0540887
0.0629847
0.0630135
0.0630248
0.0540855
0.0540855
0.0540855
0.0540855
0.0540855
0.0630261
0.0630232
0.0629121
0.0627251
0.0629909
0.0629909
0.0540811
0.054081
0.054081
0.054081
0.054081
0.0629709
0.0630047
0.063031
0.0629164
0.0629926
0.0629364
0.06303
0.0629718
0.0629108
0.063011
0.0626193
0.0629989
0.0630083
0.054071
0.0629819
0.054071
0.054071
0.0629626
0.0540709
0.0629818
0.0540709
0.0540709
0.0540708
0.0629577
0.0630093
0.0629553
0.0629315
0.062953
0.0540666
0.0540666
0.0629785
0.0588415
0.0629594
0.0629458
0.0540665
0.0540665
0.0540664
0.0629592
0.0623121
0.0629591
0.0540664
0.0540664
0.0540663
0.0629781
0.0540663
0.0540663
0.0540663
0.0629591
0.0540663
0.0540662
0.0540662
0.062978
0.0540662
0.062959
0.0540662
0.0540662
0.0540661
0.0540661
0.0540661
0.0629647
0.0628214
0.0629991
0.0630005
0.0540623
0.0540623
0.0629558
0.0629745
0.0540623
0.0540623
0.0629564
0.0629554
0.0629741
0.062937
0.0538489
0.063013
0.0629546
0.0540614
0.0540614
0.0540614
0.058693
0.0629636
0.0629975
0.0624748
0.0630104
0.062917
0.0630004
0.0540554
0.0629682
0.0629828
0.0630068
0.0540544
0.0540544
0.0629486
0.0540544
0.0629486
0.0630061
0.0629559
0.0630038
0.0630032
0.0629642
0.0629837
0.0540514
0.0540513
0.0540513
0.0628006
0.0540506
0.0540506
0.0540506
0.0628177
0.0540501
0.062964
0.0629255
0.0630021
0.0630012
0.0629732
0.0540476
0.0629434
0.0588223
0.0540475
0.0540475
0.0629434
0.0540475
0.0540475
0.0540475
0.0629433
0.0540474
0.0540474
0.0629433
0.0629612
0.0540474
0.0629304
0.0629606
0.0540472
0.0540471
0.0540471
0.0629427
0.0421475
0.0629364
0.0629743
0.0629942
0.0540474
0.0540474
0.0629605
0.0540473
0.0629604
0.0629366
0.0540462
0.0540462
0.0540462
0.06296
0.062972
0.0629957
0.0540456
0.0540455
0.062959
0.0629967
0.0540445
0.0540445
0.0629719
0.0538376
0.0628047
0.062939
0.0629741
0.0588175
0.0629569
0.0540427
0.0629764
0.0629898
0.0629568
0.0629793
0.0629748
0.0540402
0.0629237
0.0538343
0.0629772
0.0625384
0.062953
0.0540383
0.0540383
0.062953
0.0540383
0.0629476
0.0629353
0.0540377
0.0540376
0.0540376
0.0629075
0.0629499
0.0629049
0.0540371
0.0540371
0.054037
0.0629341
0.0629514
0.054037
0.054037
0.0629341
0.062858
0.0629877
0.0540361
0.0629331
0.054036
0.0629504
0.0421346
0.0629543
0.0629343
0.062949
0.0540345
0.0629318
0.0629318
0.0629317
0.0629317
0.0629489
0.0540344
0.0540344
0.0540344
0.0540344
0.0540344
0.0629489
0.0540343
0.0540343
0.0628635
0.062931
0.0540331
0.0629303
0.0629132
0.0629254
0.0626766
0.0629301
0.0629834
0.0540322
0.0629823
0.0627721
0.054032
0.0629287
0.0629717
0.0629338
0.0629281
0.0629328
0.0629338
0.0629443
0.0540288
0.0629275
0.0421271
0.0629591
0.0540275
0.0629258
0.0629258
0.0540274
0.0629258
0.0421248
0.0629264
0.0626204
0.0626891
0.0628114
0.0628088
0.0540256
0.0540255
0.0540255
0.0629251
0.0629231
0.062864
0.0629244
0.054025
0.0629244
0.054025
0.054025
0.054025
0.054025
0.0601937
0.0623988
0.054025
0.054025
0.054025
0.0540249
0.0629243
0.0540249
0.0540249
0.0540249
0.0540249
0.0540249
0.0629409
0.0629227
0.0628
0.0629229
0.0629674
0.0629744
0.0540226
0.0629394
0.0629572
0.0629719
0.0627006
0.0629076
0.0540196
0.0629355
0.0540196
0.0540196
0.0609498
0.0629191
0.0629355
0.0540195
0.0540195
0.0538269
0.0628726
0.0629108
0.0629053
0.0629182
0.0627773
0.0629234
0.0629551
0.0629679
0.0560121
0.0629159
0.0629159
0.0629496
0.0629428
0.0629632
0.0626196
0.0629657
0.0629653
0.0629308
0.0629308
0.0629655
0.0629648
0.0540134
0.0629139
0.0629139
0.0560097
0.0540134
0.0540134
0.0538245
0.0616318
0.0628061
0.0629298
0.0626954
0.0540127
0.0540126
0.0504262
0.062964
0.0629626
0.0629279
0.0629622
0.0629115
0.0629446
0.0625899
0.0628453
0.0540103
0.0540103
0.0540103
0.0540103
0.0540102
0.0629613
0.0629263
0.0540094
0.0540093
0.0629262
0.0628182
0.0629541
0.0540092
0.0628353
0.0628738
0.0629133
0.0540082
0.0540081
0.0629095
0.0540081
0.0540081
0.0540081
0.0629094
0.0540081
0.050421
0.0629251
0.0538216
0.0540081
0.0629252
0.0629095
0.0629095
0.0626743
0.0626902
0.0540075
0.0540074
0.0540074
0.0629094
0.0540074
0.0540074
0.0540074
0.0629587
0.0628982
0.0629582
0.0629242
0.0629577
0.0540065
0.0540065
0.0540065
0.0629081
0.0540065
0.0540065
0.0629081
0.0629081
0.0540064
0.0629081
0.0540064
0.0629248
0.0628956
0.0629534
0.0629229
0.0629564
0.0421
0.062941
0.0627871
0.054004
0.0628886
0.0540038
0.0540037
0.0608739
0.0629066
0.062911
0.0627929
0.0623685
0.0629543
0.0629045
0.0629045
0.054002
0.0540019
0.0629045
0.0629045
0.0619269
0.0629046
0.0629009
0.0627767
0.0540009
0.0629043
0.0629196
0.0540009
0.0629043
0.0629043
0.0629527
0.062918
0.0629477
0.0629035
0.0629035
0.0540007
0.0621336
0.0595694
0.0621593
0.0629307
0.0622739
0.0629516
0.0627059
0.0629051
0.0629147
0.062132
0.062928
0.0629492
0.0629013
0.0629013
0.0629165
0.0629082
0.062948
0.0629485
0.0629481
0.0628572
0.0539962
0.0628432
0.053996
0.0629326
0.0625449
0.053995
0.0628984
0.0628984
0.0628984
0.0629133
0.0608711
0.0628898
0.062913
0.0628982
0.0628982
0.0629295
0.0628982
0.0628981
0.0628982
0.0628981
0.0628981
0.0628831
0.0629452
0.0629028
0.0628974
0.0539931
0.0621236
0.0629123
0.0628683
0.062821
0.062897
0.062897
0.062897
0.0624337
0.0627958
0.0625347
0.0539921
0.0539921
0.0628928
0.0629127
0.0629344
0.0628781
0.0629421
0.0629428
0.0628955
0.0628955
0.0628955
0.0628955
0.0539913
0.0627251
0.0628954
0.0539912
0.0629101
0.0629101
0.0539912
0.0628954
0.0539912
0.0628954
0.0539911
0.0628363
0.0628954
0.0628954
0.0628954
0.0628953
0.0539906
0.0628954
0.0628953
0.0628953
0.0628953
0.0628953
0.0628953
0.0628953
0.0628953
0.0628953
0.0628953
0.0628953
0.0628953
0.0628953
0.0628952
0.0628767
0.0627042
0.0629272
0.0539892
0.0539892
0.0628941
0.0628941
0.0539892
0.0539892
0.0539892
0.0539892
0.0628941
0.0539891
0.0628941
0.0539891
0.0609198
0.0539891
0.0539891
0.0539891
0.0539891
0.0539891
0.0538155
0.0627542
0.0627378
0.0629401
0.0628652
0.0628926
0.0629071
0.0628925
0.053988
0.0629243
0.0539865
0.0629061
0.0539865
0.0539865
0.0628917
0.0539865
0.0539865
0.0628917
0.0629338
0.0629061
0.0628916
0.0539864
0.0539864
0.0539864
0.0628916
0.0539864
0.0539864
0.0586113
0.0628857
0.062682
0.0628918
0.0628918
0.0628918
0.0628918
0.0628918
0.0628918
0.0539855
0.0539855
0.0628917
0.0539854
0.0628917
0.0628917
0.0628917
0.0628917
0.0627817
0.0628742
0.0628573
0.0628906
0.0539854
0.0628906
0.0628906
0.0628906
0.0629051
0.0628906
0.0628906
0.0628906
0.0539854
0.0629104
0.062936
0.0628936
0.0629347
0.0629349
0.0628888
0.0539835
0.0619129
0.053983
0.0628888
0.0624416
0.0628599
0.0539826
0.0609134
0.0628887
0.0539825
0.0539825
0.0628887
0.0539825
0.0628886
0.0628886
0.0628886
0.0629297
0.0628215
0.0628884
0.0629148
0.0539825
0.0628884
0.0539825
0.0628884
0.0628884
0.0539825
0.06042
0.0628633
0.0621077
0.0628886
0.0559794
0.0628518
0.06257
0.0625613
0.0539815
0.0628703
0.0625612
0.0539812
0.0539812
0.0539812
0.0539812
0.062888
0.0629024
0.0539812
0.0539812
0.062888
0.0628879
0.0626531
0.0628877
0.0628877
0.0628877
0.0628877
0.0628877
0.0559782
0.0617945
0.0539812
0.0539812
0.0629179
0.0628876
0.0539812
0.0628876
0.0539812
0.0628876
0.0628876
0.0628876
0.0539811
0.0539811
0.0539811
0.0628876
0.0627196
0.0629324
0.0628908
0.0628871
0.062887
0.0628871
0.062887
0.062887
0.0628887
0.0628868
0.053981
0.0628868
0.053981
0.0628867
0.053981
0.0628868
0.0539809
0.0628867
0.0628867
0.0539809
0.0539809
0.0539809
0.0539809
0.0629009
0.0629009
0.0628867
0.0629009
0.0539808
0.0628867
0.0629168
0.0539808
0.0629009
0.0628709
0.0613256
0.0539807
0.0539806
0.0539806
0.0539806
0.0539806
0.0539806
0.0539806
0.0539806
0.0628864
0.0539806
0.0539805
0.0539805
0.0539805
0.0539805
0.0539805
0.0628864
0.0628864
0.0539805
0.0539805
0.0539805
0.0539805
0.0628864
0.0628863
0.0539804
0.0539804
0.0539804
0.0629313
0.0628761
0.0628049
0.0628906
0.0539789
0.0539789
0.0619045
0.0539784
0.0628851
0.0628851
0.0628851
0.0628851
0.0628851
0.0628851
0.062885
0.0539784
0.062885
0.062885
0.0539784
0.062885
0.0539784
0.062829
0.0628848
0.0539783
0.0608337
0.0626995
0.053978
0.0628848
0.053978
0.0628848
0.0628989
0.053978
0.0628848
0.0628848
0.0628848
0.0628847
0.0628847
0.053978
0.0539779
0.0628847
0.053978
0.0587526
0.0628847
0.0628847
0.0628847
0.0628847
0.0628847
0.0628847
0.0628847
0.0628847
0.0628847
0.0539779
0.0539779
0.0628847
0.0628847
0.0628847
0.0628846
0.0539779
0.0539779
0.0628846
0.0628846
0.0587525
0.0587525
0.0559745
0.0539778
0.0628662
0.0628863
0.0628691
0.0619609
0.0539775
0.0628837
0.0628837
0.0628836
0.0539775
0.0628836
0.0539775
0.0539775
0.0628836
0.0628836
0.0628582
0.0628976
0.0539768
0.0628835
0.0628835
0.0602044
0.0628835
0.0628835
0.0628835
0.0628835
0.0628835
0.0628835
0.0628835
0.0628834
0.0628834
0.0628834
0.0628834
0.0539768
0.0539767
0.0628834
0.0628834
0.0628975
0.0628834
0.0539767
0.0539767
0.0628834
0.0539767
0.0539767
0.0628834
0.0628834
0.0539767
0.0539767
0.0539767
0.0539766
0.0539766
0.0628975
0.0539766
0.0627835
0.0539763
0.0628834
0.0628834
0.0628834
0.0628834
0.0628834
0.0628834
0.0539762
0.0628834
0.0628834
0.0628834
0.0539762
0.0539762
0.0539762
0.0539762
0.0628834
0.0539762
0.062894
0.0628519
0.0629255
0.0539762
0.0539762
0.0539762
0.0628827
0.0628827
0.0539762
0.0539762
0.0539761
0.0628967
0.0539761
0.0628827
0.0539761
0.0628827
0.0628827
0.0628827
0.0628827
0.0628827
0.0539761
0.0628826
0.0628826
0.0539761
0.0628826
0.0628826
0.0628732
0.0587501
0.0539755
0.0539755
0.0617884
0.0628965
0.0539755
0.0628825
0.0628825
0.0628824
0.0628824
0.0628824
0.0628825
0.0539754
0.0539754
0.0628824
0.0628824
0.0628824
0.0628824
0.0539754
0.0628824
0.0628824
0.0628824
0.0628824
0.0628824
0.0628824
0.0628964
0.0539754
0.0539754
0.0628964
0.0628824
0.0539754
0.0559718
0.0628823
0.0628823
0.0628823
0.0628823
0.0628823
0.0628529
0.0622467
0.0539751
0.0628963
0.0616434
0.0626578
0.0624148
0.0539747
0.0628822
0.0539747
0.0628964
0.0628821
0.0628821
0.0628821
0.0629199
0.0628821
0.0539747
0.0628821
0.0628821
0.0539747
0.0539747
0.0539747
0.0629173
0.0628963
0.0539747
0.0539747
0.0539746
0.0539746
0.0539746
0.0539746
0.062882
0.0628963
0.0539746
0.0629075
0.0539746
0.0539746
0.0539746
0.0539746
0.062882
0.062882
0.062882
0.0539746
0.0539745
0.062882
0.062882
0.0539745
0.062882
0.0628819
0.062882
0.0539745
0.062882
0.062882
0.0628819
0.0539745
0.062882
0.0628819
0.0628819
0.0539745
0.0539745
0.0539745
0.0628819
0.0539745
0.0539745
0.0539745
0.0628819
0.0628819
0.0628819
0.0539744
0.0539744
0.0628963
0.0628962
0.0628448
0.0629262
0.0623406
0.0628959
0.0587491
0.0539742
0.0539742
0.0628816
0.0628816
0.0628816
0.0628816
0.0628816
0.0629147
0.0539742
0.0628816
0.0628958
0.0628816
0.0628958
0.0539741
0.0628816
0.0628816
0.0539741
0.0539741
0.0539741
0.0628816
0.0628816
0.0628816
0.0628815
0.0628815
0.0539741
0.0628815
0.0628815
0.0539741
0.0628815
0.0539741
0.0628815
0.0539741
0.053974
0.0628815
0.0628815
0.0628815
0.0628815
0.0628815
0.0628958
0.053974
0.053974
0.053974
0.053974
0.0628815
0.053974
0.053974
0.0628814
0.0628814
0.0628814
0.0628815
0.053974
0.0622207
0.0587489
0.0626418
0.053974
0.0628956
0.053974
0.0628956
0.053974
0.0628813
0.0628813
0.0628813
0.0628813
0.0628813
0.0628813
0.053974
0.0628813
0.0539739
0.0539739
0.0628813
0.0628813
0.0628813
0.0628813
0.0628813
0.0628813
0.0628813
0.0628813
0.0539739
0.0628813
0.0628812
0.0628812
0.0628812
0.0539739
0.0539739
0.0628812
0.0629073
0.0628812
0.0628812
0.0539739
0.0539738
0.0628812
0.0539738
0.0628955
0.0628812
0.0539738
0.0628812
0.0628812
0.0628812
0.0628812
0.0539738
0.0629072
0.062756
0.0539735
0.0602021
0.0539735
0.0539735
0.0628812
0.0628813
0.0628812
0.0539735
0.0539735
0.0628812
0.0539735
0.0587487
0.0539735
0.0539735
0.0628957
0.0628956
0.0539735
0.0539734
0.0539734
0.0609052
0.0539734
0.0539734
0.0628812
0.0539734
0.0539734
0.0539734
0.0628811
0.0539734
0.0539734
0.0539734
0.0539734
0.0628811
0.0539734
0.0539734
0.0539734
0.0539733
0.0539733
0.0627098
0.0539731
0.0539731
0.0539731
0.0628959
0.0628959
0.0619324
0.0628958
0.0539731
0.0628958
0.0587486
0.0628811
0.0539731
0.0628812
0.0539731
0.0559712
0.0587486
0.0628957
0.0628811
0.0539731
0.0539731
0.0628957
0.0628811
0.0539731
0.0628811
0.0628811
0.0628811
0.0539731
0.0539731
0.053973
0.053973
0.053973
0.0628956
0.053973
0.053973
0.053973
0.0587485
0.053973
0.053973
0.0587485
0.053973
0.053973
0.053973
0.053973
0.053973
0.0587485
0.053973
0.053973
0.0629113
0.0539729
0.0539729
0.0539729
0.0628956
0.0628956
0.0615934
0.0539729
0.0629112
0.0539729
0.0587484
0.0539729
0.0587483
0.0539729
0.0539729
0.0539729
0.0539729
0.0539729
0.0628809
0.0628809
0.0628808
0.0628808
0.0628809
0.0628808
0.0628954
0.0615932
0.0539729
0.0539729
0.0539729
0.0539729
0.0628953
0.0539728
0.0602016
0.0628953
0.0622489
0.0539729
0.0539728
0.0628952
0.0539728
0.0539728
0.0539728
0.0628952
0.0539728
0.0539728
0.0539728
0.0539728
0.0539728
0.0539728
0.0539728
0.0628952
0.0539728
0.0539728
0.0539728
0.0628952
0.0539728
0.0539728
0.0539727
0.0609047
0.0539727
0.0559706
0.0587481
0.0539727
0.0539727
0.0539727
0.0628806
0.0628806
0.0628951
0.0539727
0.0628806
0.0539727
0.0628806
0.0539727
0.0539727
0.0629068
0.0628806
0.0539727
0.0609046
0.062895
0.0539727
0.0628951
0.0602013
0.0539727
0.0539727
0.0539727
0.0539727
0.0539726
0.0539726
0.062895
0.0539726
0.0621329
0.0539726
0.0539726
0.0602012
0.0539726
0.0628949
0.0628804
0.0539726
0.0539726
0.0628823
0.062827
0.0539729
0.0539728
0.0628941
0.0539728
0.06288
0.06288
0.06288
0.0539728
0.06288
0.0539728
0.06288
0.06288
0.06288
0.06288
0.06288
0.06288
0.0628799
0.0628799
0.0629057
0.0539727
0.0539727
0.0628799
0.0628799
0.0539727
0.0628799
0.062894
0.0539727
0.0539727
0.0539727
0.0538023
0.0621319
0.0539727
0.0539727
0.0539727
0.0537244
0.0626986
0.0539725
0.0592242
0.0628853
0.0629207
0.0539722
0.0539722
0.0539722
0.0628793
0.0628793
0.0628793
0.0628792
0.0628932
0.0628792
0.0628792
0.0628792
0.0628792
0.0628792
0.0628792
0.0539721
0.0628792
0.0539721
0.0628932
0.0628792
0.062904
0.0539721
0.0628792
0.0628792
0.0628792
0.0628792
0.053972
0.0628791
0.0628791
0.0628791
0.053972
0.0628791
0.0628791
0.0628791
0.0628791
0.0628791
0.053972
0.0628791
0.0628791
0.0628932
0.0628791
0.0628791
0.0628791
0.0628791
0.062879
0.062879
0.0539719
0.0628931
0.0539719
0.0587464
0.0628931
0.0539719
0.0539719
0.0628931
0.062879
0.062879
0.0539718
0.0539718
0.0539718
0.0539718
0.062879
0.0539718
0.062879
0.0539718
0.0604198
0.0628931
0.0539718
0.0539717
0.0539717
0.0628931
0.0628789
0.062879
0.0539717
0.0539717
0.0628789
0.0539717
0.0587463
0.0539717
0.0618917
0.0539713
0.0539712
0.062914
0.0539712
0.0587462
0.0539712
0.0628932
0.0539712
0.0628932
0.0539712
0.0539712
0.0539712
0.062879
0.0539712
0.0628932
0.0539712
0.0539712
0.0539712
0.0539711
0.0539711
0.0539711
0.0539711
0.0601994
0.0539711
0.0539711
0.0539711
0.0539711
0.0539711
0.0539711
0.0539711
0.0539711
0.0539711
0.0628789
0.0539711
0.0628932
0.053971
0.053971
0.053971
0.053971
0.053971
0.0629049
0.053971
0.0628932
0.053971
0.0587461
0.053971
0.053971
0.0628932
0.053971
0.053971
0.053971
0.053971
0.053971
0.053971
0.0539709
0.0539709
0.0628932
0.0539709
0.0539709
0.0628932
0.0539709
0.0539709
0.0539709
0.0539709
0.0539709
0.0539709
0.0539709
0.0539709
0.0539709
0.0539709
0.0559683
0.0613173
0.0628931
0.0539708
0.0539708
0.0628931
0.0601993
0.0539708
0.0539708
0.0539708
0.0539708
0.0628931
0.0539708
0.0539708
0.0539708
0.0539708
0.0539708
0.0628787
0.0539708
0.0539708
0.0539708
0.0539708
0.0539707
0.0539707
0.0539707
0.0587459
0.0559682
0.062862
0.0627723
0.055967
0.0627527
0.0539709
0.0539709
0.0628923
0.0539709
0.0628923
0.0539709
0.0587454
0.0539709
0.0539709
0.0539709
0.0628783
0.0628783
0.0628782
0.0539708
0.0628782
0.0539708
0.0629221
0.0539708
0.0539708
0.0539708
0.0539708
0.0559667
0.0625804
0.0539707
0.0539707
0.0539707
0.0539707
0.0539707
0.062878
0.0539707
0.062892
0.062892
0.0539706
0.062878
0.0539706
0.062878
0.062878
0.0539706
0.062878
0.0539706
0.062878
0.0539706
0.062892
0.0539706
0.062878
0.0629074
0.062892
0.0539705
0.0539706
0.0539705
0.0539705
0.0539705
0.0539705
0.0539705
0.0539705
0.0539705
0.062892
0.0539704
0.0539704
0.062892
0.0629074
0.0628919
0.0539704
0.0539704
0.0539704
0.0539704
0.0539704
0.0539704
0.0539704
0.0539704
0.0539703
0.058745
0.0628919
0.0539703
0.0539703
0.0539703
0.0539703
0.0539703
0.0539703
0.0539703
0.0539703
0.0539702
0.0539702
0.0539702
0.0539702
0.0587449
0.0559667
0.0539702
0.0609012
0.0539702
0.0539702
0.0539702
0.0587449
0.0587449
0.0628919
0.0539701
0.0628919
0.0539701
0.0539701
0.0539701
0.0539701
0.0539701
0.0539701
0.0539701
0.0539701
0.0539701
0.0628919
0.05397
0.05397
0.0587449
0.05397
0.05397
0.0628918
0.05397
0.05397
0.05397
0.05397
0.0587448
0.05397
0.0628777
0.05397
0.05397
0.0539699
0.05397
0.0539699
0.0539699
0.0628918
0.0628918
0.0627518
0.05397
0.05397
0.05397
0.0587446
0.0539699
0.0539699
0.0539699
0.0539699
0.0628775
0.0628775
0.0627209
0.0539699
0.0539699
0.0539699
0.0628914
0.0539699
0.0539699
0.0628774
0.0539699
0.0628774
0.0628774
0.0587444
0.0539698
0.0539698
0.0539698
0.0628914
0.0628774
0.0628774
0.0628774
0.0539698
0.0628774
0.0629023
0.0539698
0.0587444
0.0628914
0.0587444
0.0629184
0.0620395
0.0628356
0.0592395
0.0628913
0.0539693
0.0587442
0.0539693
0.0539693
0.0587442
0.0539693
0.0539693
0.0587442
0.0539693
0.0539693
0.0539693
0.0628913
0.0539692
0.0539692
0.0539692
0.0539692
0.0539692
0.0601974
0.0539692
0.0539692
0.0609005
0.0539692
0.0628912
0.0628912
0.0539692
0.0539692
0.0539692
0.0587441
0.0587441
0.0628912
0.0539691
0.0539691
0.0539691
0.0628771
0.0539691
0.0539691
0.0628912
0.058744
0.0539691
0.0629067
0.0539691
0.0539691
0.0539691
0.0628771
0.0539691
0.058744
0.053969
0.053969
0.053969
0.053969
0.053969
0.053969
0.055966
0.053969
0.053969
0.058744
0.053969
0.053969
0.0613151
0.0628911
0.053969
0.0627254
0.053969
0.053969
0.053969
0.0628909
0.053969
0.053969
0.053969
0.053969
0.053969
0.060197
0.0628909
0.0539689
0.0539689
0.0539689
0.0539689
0.0628909
0.0587437
0.0628909
0.0539689
0.0539689
0.0539689
0.0629155
0.0616375
0.0539689
0.0539689
0.0601969
0.0617822
0.0628768
0.0539689
0.0587436
0.0539689
0.0539689
0.0628908
0.0539688
0.0539688
0.0628908
0.0628767
0.0539688
0.0628767
0.0628767
0.0629061
0.0539688
0.0539688
0.0628907
0.0539688
0.0628907
0.0539688
0.0628907
0.0539688
0.0539688
0.0539688
0.0539687
0.0628907
0.0539687
0.0628907
0.0539687
0.0587436
0.0539687
0.0539687
0.0628907
0.0627961
0.0626297
0.0628904
0.0539687
0.0628765
0.0539687
0.0628765
0.0539687
0.0628904
0.0628904
0.0539687
0.0539687
0.0628904
0.0539687
0.062512
0.0539683
0.0539683
0.0539683
0.0539683
0.0627088
0.0539683
0.0539683
0.0539683
0.0539683
0.0539683
0.0539683
0.0539683
0.0539683
0.0539683
0.0539683
0.0538011
0.0629021
0.0628726
0.053968
0.053968
0.053968
0.0628893
0.0628893
0.0628893
0.053968
0.053968
0.0539679
0.0539679
0.0628755
0.0539679
0.0539679
0.0539679
0.0628755
0.0539679
0.0539679
0.0539678
0.0539678
0.0539678
0.0628755
0.0628755
0.0539678
0.0628755
0.0539678
0.0628754
0.0628754
0.0559634
0.0628892
0.0539678
0.0539678
0.0628754
0.0539677
0.0628754
0.0628754
0.0539677
0.0539677
0.0628892
0.0539677
0.0601952
0.0539677
0.0601952
0.0539676
0.0628892
0.0539676
0.0539676
0.0587421
0.0539676
0.0539676
0.0539676
0.0559634
0.0628892
0.0629175
0.0539675
0.0539675
0.0539675
0.0628753
0.0628891
0.0539675
0.0539675
0.0628891
0.0539675
0.0539675
0.0539675
0.0539675
0.0628753
0.0539674
0.0587419
0.0539674
0.0539674
0.0539674
0.0539674
0.0539674
0.0587419
0.062889
0.0587419
0.0539673
0.0539673
0.0628752
0.0629043
0.0627857
0.0622374
0.0628063
0.0539666
0.0539666
0.0539666
0.0539666
0.0539666
0.0628753
0.0628752
0.0587417
0.0628892
0.0587417
0.0539666
0.0539666
0.0539666
0.0539666
0.0539666
0.0539665
0.0539665
0.0628892
0.0539665
0.0539665
0.0539665
0.0628892
0.0539665
0.0539665
0.0539665
0.0539665
0.060195
0.0539665
0.0628752
0.0539665
0.0628891
0.0539665
0.0628891
0.0629007
0.0539665
0.0539664
0.0539664
0.0629045
0.0539664
0.0601949
0.0539664
0.0539664
0.0628751
0.0628891
0.0587416
0.0629044
0.0539664
0.062889
0.0539664
0.0539664
0.0539664
0.0587415
0.0539664
0.0539664
0.0629044
0.0539664
0.062889
0.0539664
0.0539664
0.0539663
0.0539663
0.062889
0.0539663
0.062889
0.0539663
0.062889
0.0539663
0.0539663
0.062889
0.062889
0.0539663
0.0628999
0.0628569
0.062796
0.0628747
0.0628747
0.0539665
0.0539665
0.0628884
0.0628746
0.0628746
0.0628746
0.0628746
0.0628746
0.0628746
0.0539665
0.0539665
0.0628746
0.0628746
0.0539664
0.0539665
0.0628746
0.0628745
0.0539664
0.0628745
0.0628745
0.0539664
0.0628745
0.0628745
0.0539664
0.0628992
0.0628745
0.0539664
0.0628745
0.0628745
0.0628745
0.0628745
0.0539663
0.0628745
0.0628745
0.0539663
0.0628744
0.0628744
0.0539663
0.0628744
0.0628999
0.0628744
0.0628744
0.0628744
0.0628744
0.0539663
0.0628744
0.0628883
0.0539663
0.0628744
0.0628744
0.0628744
0.0628744
0.0539662
0.0628744
0.0628743
0.0539662
0.0539662
0.0628743
0.0628744
0.0628743
0.0628743
0.0539662
0.0628883
0.0539661
0.0539661
0.0539661
0.0539661
0.0628882
0.0587409
0.0539661
0.0628743
0.0628882
0.0628743
0.0539661
0.0628743
0.0539661
0.0539661
0.0628743
0.0539661
0.0628743
0.053966
0.053966
0.0628754
0.0624617
0.0539654
0.0539654
0.0539654
0.0539654
0.0539653
0.0628743
0.0628743
0.0628743
0.0628743
0.0539653
0.0628743
0.0628743
0.0628743
0.0628742
0.0628742
0.0559628
0.0539653
0.0628742
0.0539653
0.0628742
0.0628742
0.0539653
0.0628742
0.0628742
0.0539653
0.0628742
0.0587406
0.0628882
0.0539653
0.0539652
0.0539652
0.0628741
0.0628882
0.0628741
0.0628741
0.0539652
0.0628741
0.0539652
0.0628741
0.0537811
0.0539654
0.0628287
0.0628678
0.0613108
0.0628872
0.0539654
0.0628735
0.0628735
0.0628735
0.0628735
0.0628735
0.0539654
0.0628735
0.0539653
0.0628734
0.0628734
0.0539653
0.0628734
0.0628734
0.0628872
0.0628734
0.0539653
0.0628734
0.0539653
0.0539653
0.0628734
0.0539652
0.0628872
0.0587398
0.0539652
0.0539652
0.0628734
0.0628734
0.0628697
0.062915
0.0628066
0.0539648
0.062873
0.0539647
0.062873
0.062873
0.062873
0.0539647
0.062873
0.062873
0.0628867
0.0539647
0.062873
0.0608955
0.0539647
0.0539647
0.0628729
0.0628729
0.0628729
0.0628729
0.0539646
0.0628729
0.0628729
0.0539646
0.0628729
0.0628981
0.0628729
0.0539646
0.0628866
0.0539646
0.0628866
0.062821
0.0628727
0.0628727
0.0539645
0.0539645
0.0628727
0.0628863
0.0539645
0.0539645
0.0539645
0.0628726
0.0539645
0.0628726
0.0628726
0.0628726
0.0628726
0.0628726
0.0628726
0.0628726
0.0628726
0.0628726
0.0628726
0.0628726
0.0628726
0.0628726
0.0539644
0.0628726
0.0628726
0.0628726
0.0539644
0.0628725
0.0628725
0.0628725
0.0539643
0.0628725
0.0539643
0.0628725
0.0628725
0.0628725
0.0628863
0.0539643
0.0539643
0.0628725
0.0539643
0.0539643
0.0539643
0.0539642
0.0539642
0.0628725
0.0628725
0.0628724
0.0539642
0.0628724
0.0628725
0.0628724
0.0628724
0.0628724
0.0539642
0.0628724
0.0628724
0.0539642
0.0628724
0.0628724
0.0539641
0.0628724
0.0628724
0.0628724
0.0628724
0.0628724
0.0628724
0.0539641
0.0628724
0.0628724
0.0628724
0.0628074
0.062886
0.0628722
0.0539641
0.0539641
0.0628722
0.0628722
0.0628722
0.053964
0.053964
0.0628722
0.0628722
0.0628722
0.0628722
0.0628722
0.0628722
0.0628722
0.0628722
0.0628859
0.053964
0.0610096
0.0628722
0.0628721
0.0628721
0.053964
0.0628859
0.053964
0.0539639
0.0628721
0.0539639
0.0628721
0.0628721
0.0539639
0.0628721
0.0539639
0.0628859
0.0539639
0.0628859
0.0539639
0.0539639
0.0539638
0.0628859
0.0539638
0.0539638
0.0539638
0.0628721
0.0628721
0.0539638
0.0628721
0.0539638
0.062872
0.0539638
0.0539638
0.062872
0.0539638
0.062872
0.0628858
0.0629111
0.0626778
0.0539637
0.0539637
0.062872
0.062872
0.062872
0.0539637
0.0628719
0.0539637
0.0539637
0.0628719
0.0539637
0.0628719
0.0539637
0.0539636
0.0587382
0.0539636
0.0539636
0.0539636
0.0628857
0.0628964
0.0628719
0.0628719
0.0628857
0.0539636
0.0628719
0.0539636
0.0628857
0.0628719
0.0628719
0.0628719
0.0628719
0.0539636
0.0628719
0.0628719
0.0539636
0.0628718
0.0628718
0.0539635
0.0628718
0.0628718
0.0628718
0.0539635
0.0628856
0.0628718
0.0628718
0.0628718
0.0539635
0.0628718
0.0539635
0.0539635
0.0628718
0.0539634
0.0628718
0.0628718
0.0628718
0.0539634
0.0628718
0.0628718
0.0559596
0.0539634
0.0628856
0.0628856
0.0539634
0.0539634
0.0539634
0.0628717
0.0628717
0.0628856
0.0629007
0.0539634
0.0539634
0.0539633
0.058738
0.0539633
0.0539633
0.0628856
0.0539633
0.0628717
0.0628717
0.0628717
0.0628717
0.0539633
0.0628717
0.0628717
0.0628717
0.0628717
0.0539633
0.0539633
0.0628717
0.0539633
0.0539633
0.0539632
0.0539632
0.0539632
0.0539632
0.0601912
0.0628855
0.0539632
0.0539632
0.0539632
0.0539632
0.0539632
0.0601912
0.0539632
0.0539632
0.0587379
0.0629057
0.0539631
0.0628855
0.0539631
0.0539631
0.0539631
0.0539631
0.0539631
0.0628855
0.0629007
0.0539631
0.0587379
0.0587379
0.0539631
0.0628855
0.0539631
0.0539631
0.0628855
0.0539631
0.053963
0.053963
0.053963
0.053963
0.053963
0.053963
0.0628716
0.0628969
0.053963
0.0628715
0.0628716
0.053963
0.0628715
0.053963
0.053963
0.053963
0.0628715
0.0539629
0.0628715
0.0628715
0.0628715
0.0628715
0.0539629
0.0539629
0.0628715
0.0539629
0.0628715
0.0539629
0.0539629
0.0628968
0.0628715
0.0628715
0.0628854
0.0628715
0.0539629
0.0539629
0.0539629
0.0539629
0.0539629
0.0539628
0.0539629
0.0629057
0.0587378
0.0628854
0.0539628
0.0539628
0.0539628
0.0539628
0.0539628
0.0539628
0.0628854
0.0587377
0.0539628
0.0539628
0.0628854
0.0587377
0.0539628
0.0539628
0.0539627
0.0539627
0.0539627
0.0539627
0.0629056
0.0559595
0.0539627
0.0627007
0.062541
0.0539623
0.062886
0.0539622
0.0539622
0.0628718
0.062886
0.0539622
0.0539622
0.0539622
0.062886
0.0539622
0.0629013
0.0539622
0.0628717
0.0628717
0.0539622
0.0539622
0.0628717
0.0539622
0.0539622
0.0628717
0.0539622
0.0628717
0.0539622
0.0628717
0.0539622
0.0628717
0.0539622
0.0539622
0.0628716
0.0628716
0.0539621
0.0628716
0.0539621
0.0539621
0.0628716
0.0539621
0.0539621
0.0628716
0.0628859
0.0539621
0.0539621
0.0539621
0.0539621
0.0539621
0.0539621
0.0539621
0.0539621
0.0628716
0.0539621
0.0628716
0.0539621
0.0539621
0.0628858
0.0601912
0.0628858
0.0587377
0.0628487
0.0539619
0.0539619
0.0628855
0.0615824
0.0587374
0.0628854
0.0539619
0.0628713
0.0628713
0.0628713
0.0628713
0.0628713
0.0628712
0.0539619
0.0628854
0.0628712
0.0628853
0.0539619
0.0539619
0.0628712
0.0628712
0.0628712
0.0628853
0.0539618
0.0539618
0.0539618
0.0628712
0.0628712
0.0628712
0.0539618
0.0628712
0.0628712
0.0628853
0.0627665
0.062839
0.0622279
0.0539616
0.0587369
0.0539616
0.0628849
0.0539616
0.0628709
0.0539616
0.0628709
0.0539616
0.0628849
0.0625398
0.061308
0.0539616
0.0539616
0.0539616
0.0628707
0.0628707
0.0628707
0.0539616
0.0628707
0.0539616
0.0628707
0.0628707
0.0627096
0.0539613
0.0539613
0.0628708
0.0628708
0.0628708
0.0628708
0.0539613
0.0628708
0.0628708
0.0628849
0.0539613
0.0539613
0.0628708
0.0628708
0.0628708
0.0628707
0.0628962
0.0628849
0.0539613
0.0539612
0.0539612
0.0628707
0.0539612
0.0628849
0.0628707
0.0628707
0.0628707
0.0628848
0.0628707
0.0628707
0.0628707
0.0628707
0.0628707
0.0539612
0.0539612
0.0539612
0.0628706
0.0628706
0.0628706
0.0539612
0.0539612
0.0628961
0.0539612
0.0539612
0.0539612
0.0539611
0.0539612
0.0539611
0.0628706
0.0628706
0.0539611
0.0539611
0.0626436
0.0559584
0.0539612
0.0599292
0.0539612
0.0628704
0.0539612
0.0628704
0.0628704
0.0539612
0.0539612
0.0539612
0.0628704
0.0628704
0.0628844
0.0628704
0.0628703
0.0628703
0.0628703
0.0539611
0.0539611
0.0539611
0.0628703
0.0628703
0.0628703
0.0628703
0.0628703
0.0628703
0.0628703
0.0628703
0.0628703
0.0628703
0.0628703
0.0628703
0.0628703
0.0559583
0.0539611
0.0539611
0.0628703
0.0539611
0.0539611
0.0539611
0.053961
0.0628649
0.0628619
0.0539612
0.0539612
0.0539612
0.0628697
0.0628697
0.0628697
0.0628697
0.0628697
0.0628697
0.0559567
0.0559567
0.0539611
0.0628697
0.0587356
0.0539611
0.0539611
0.0539611
0.0628508
0.062883
0.062883
0.0628694
0.0628693
0.0628693
0.0539608
0.0628693
0.0539608
0.0601883
0.0539608
0.0539608
0.0539608
0.0539608
0.0628693
0.0539607
0.0628693
0.0628693
0.0539607
0.0539607
0.0628693
0.0628829
0.0628693
0.0539607
0.0629041
0.0628692
0.0628692
0.0628692
0.0539606
0.0628692
0.0628692
0.0539606
0.0628692
0.0628692
0.0539606
0.0628692
0.0539606
0.0628692
0.0539606
0.0539606
0.0628692
0.0628692
0.0539605
0.0539605
0.0628691
0.0628691
0.0628828
0.0539605
0.0587351
0.0539605
0.0539605
0.0539605
0.0539604
0.0539604
0.0539604
0.0628828
0.0539604
0.0539604
0.0539604
0.0539604
0.0539604
0.0539604
0.0628691
0.0539604
0.0539603
0.062894
0.062869
0.0628978
0.0628828
0.0539603
0.0539603
0.0628828
0.0539603
0.0539603
0.0539603
0.0539603
0.0539603
0.0539603
0.062869
0.062869
0.062869
0.062869
0.062869
0.0628827
0.062869
0.0539602
0.0539602
0.0539602
0.0539602
0.062869
0.0539602
0.0628827
0.0539602
0.0629094
0.0539602
0.0539601
0.0539601
0.0559563
0.0539601
0.0628827
0.0539601
0.0539601
0.0539601
0.0539601
0.0539601
0.0539601
0.0539601
0.0539601
0.05396
0.0628827
0.05396
0.0628689
0.0628827
0.0628826
0.05396
0.0621194
0.05396
0.05396
0.0628689
0.0628688
0.05396
0.05396
0.05396
0.0628688
0.05396
0.05396
0.0628826
0.0539599
0.0539599
0.0628688
0.0587347
0.0539599
0.0628688
0.0628688
0.0628688
0.0628688
0.0628688
0.0539599
0.0539599
0.0539599
0.0629122
0.0626175
0.0628901
0.0539592
0.0539591
0.0627346
0.0539588
0.0628683
0.0628683
0.0628683
0.0628683
0.0628819
0.0628683
0.0539588
0.0539588
0.0539588
0.0539588
0.0539587
0.0626495
0.0587336
0.0539587
0.0628681
0.0628681
0.0539587
0.0539587
0.0626088
0.0592107
0.0628965
0.0539588
0.0539587
0.0628679
0.0539587
0.0628679
0.0539587
0.0628679
0.0628679
0.06291
0.0624637
0.0539586
0.0628674
0.0628674
0.0539586
0.0628673
0.0420468
0.0628981
0.0539577
0.0539577
0.0539577
0.0628799
0.0628665
0.0628665
0.0539576
0.0539576
0.0539576
0.0539576
0.0628664
0.0539576
0.0628664
0.0539576
0.0539576
0.0628664
0.0628798
0.0539575
0.0539575
0.0628664
0.0628664
0.0628664
0.0628664
0.0628664
0.0627653
0.061528
0.0539567
0.0539567
0.0628666
0.0559534
0.0628801
0.0539567
0.0539567
0.0539567
0.0628665
0.0628665
0.0628665
0.0628665
0.0628665
0.0539567
0.0539567
0.0539567
0.0628665
0.0539566
0.0628665
0.0539567
0.0539567
0.0539566
0.06288
0.0628665
0.0539566
0.0539566
0.0539566
0.0622207
0.0539564
0.0539564
0.0539564
0.0628667
0.0628667
0.0539564
0.0539564
0.0626718
0.0628949
0.0539564
0.0539564
0.0539564
0.0539564
0.0628664
0.0539564
0.0628664
0.0628664
0.0628664
0.0628663
0.0628663
0.0628663
0.0539564
0.0539563
0.0627388
0.0623559
0.0539562
0.0539561
0.0628663
0.0628663
0.0539562
0.0539561
0.0628663
0.0628663
0.06288
0.0539561
0.0539561
0.0629081
0.0625374
0.0628718
0.0539559
0.0628793
0.0628657
0.0539559
0.0539559
0.0628657
0.0628657
0.0628657
0.0539559
0.0628792
0.0539558
0.0628657
0.0539558
0.0539558
0.0626704
0.0539559
0.0539559
0.0539558
0.0628655
0.0539558
0.0628655
0.0628655
0.0628655
0.0539558
0.0539558
0.0628655
0.0539558
0.0628655
0.0628655
0.0628655
0.0628655
0.0539558
0.062879
0.0539558
0.0624444
0.0629058
0.0539558
0.0539558
0.0628654
0.0628654
0.0628576
0.061301
0.0539557
0.0539557
0.062893
0.062865
0.0628157
0.0539556
0.0628649
0.0628648
0.0628648
0.0628648
0.0539556
0.0539556
0.0628648
0.0628648
0.0628648
0.0559509
0.0628648
0.0539555
0.0629027
0.0628782
0.0539555
0.0628648
0.0539555
0.0539555
0.0628648
0.0587299
0.0628648
0.0628647
0.0628648
0.0628781
0.0539554
0.0628781
0.0629057
0.060886
0.0539554
0.0539554
0.0539554
0.0539554
0.0626932
0.0626549
0.0628921
0.0539547
0.0539548
0.062864
0.0559497
0.062864
0.0539547
0.0628773
0.0628129
0.0627774
0.0628769
0.0539543
0.0628769
0.0628769
0.0628769
0.0539543
0.0539543
0.0628636
0.0628636
0.0628878
0.0539542
0.0539542
0.0628636
0.0539542
0.0628636
0.0628636
0.0539542
0.0539542
0.0628635
0.0628768
0.0539542
0.0539542
0.0628635
0.0628768
0.0628635
0.0628635
0.0628635
0.0539541
0.0628635
0.0628635
0.0628635
0.0628635
0.0539541
0.0628635
0.0628635
0.0539541
0.0628156
0.0620915
0.0619381
0.0628172
0.0627661
0.0628465
0.0539531
0.0628628
0.0628628
0.0628628
0.0628628
0.0628628
0.0628628
0.0628628
0.0628628
0.0539531
0.0628628
0.0628628
0.0628627
0.053953
0.0628627
0.0628759
0.0628627
0.053953
0.0628627
0.0628627
0.0628627
0.053953
0.0628627
0.0628627
0.0628627
0.053953
0.0628627
0.0628627
0.053953
0.0539529
0.0628627
0.0539529
0.0628627
0.0539529
0.0628869
0.0628626
0.0628861
0.0587274
0.0628626
0.0628626
0.0628759
0.0539529
0.0539529
0.0627119
0.0629001
0.0587273
0.0539529
0.0628625
0.0539529
0.0539528
0.0628625
0.0628758
0.0539528
0.0628625
0.0539528
0.062886
0.0628625
0.0539528
0.0628625
0.0628625
0.0628625
0.0628757
0.0539528
0.0539528
0.0628625
0.0539527
0.0628625
0.0628625
0.0628625
0.0539527
0.0628625
0.0628625
0.0628624
0.0539527
0.0539527
0.0628624
0.0628625
0.0628624
0.0539527
0.0628624
0.0628624
0.0622275
0.0539527
0.0628624
0.0628624
0.0628624
0.0539526
0.0628624
0.0539526
0.0539526
0.0587271
0.0539526
0.0539526
0.0628756
0.0539526
0.0628757
0.0628951
0.0622964
0.0539526
0.0559481
0.0608192
0.0539522
0.0539522
0.0601803
0.0539522
0.0539522
0.0539522
0.0539522
0.0539522
0.062401
0.0539522
0.0539522
0.0539522
0.0628624
0.0539522
0.0628624
0.0628624
0.0628624
0.0628624
0.0628624
0.0628624
0.0628757
0.0628624
0.0539522
0.0628624
0.0628624
0.0628624
0.0539521
0.0628623
0.0628624
0.0539521
0.0539521
0.0539521
0.0628623
0.0628623
0.0628623
0.0539521
0.0628623
0.0628623
0.0628623
0.0539521
0.0628623
0.0628757
0.0539521
0.0539521
0.0628867
0.0539521
0.053952
0.053952
0.0628623
0.053952
0.0628623
0.0628623
0.0628623
0.053952
0.0587269
0.053952
0.053952
0.0628623
0.0628623
0.0628623
0.0628622
0.0628622
0.053952
0.0625245
0.0622194
0.0621668
0.0626513
0.0539518
0.0628622
0.0539518
0.0539518
0.0628755
0.0628622
0.0628622
0.0628622
0.0628621
0.0628622
0.0628621
0.0628755
0.0628621
0.0628621
0.0628621
0.0628621
0.0628755
0.0628621
0.0628621
0.0628621
0.0628621
0.0539517
0.0539517
0.0628621
0.0539517
0.0539517
0.0628621
0.0539517
0.0539517
0.0539517
0.0628621
0.0539517
0.0628621
0.0628621
0.0628859
0.062862
0.062862
0.062862
0.0539517
0.0539517
0.062862
0.062862
0.0539517
0.062862
0.062862
0.062862
0.062862
0.062862
0.062862
0.0539517
0.0539517
0.062862
0.062862
0.0539516
0.0539516
0.0628754
0.062862
0.062862
0.062862
0.0539516
0.062862
0.0587266
0.0628754
0.0539516
0.0539516
0.0539516
0.0628619
0.0628619
0.0628619
0.0628619
0.0628619
0.0628619
0.0539516
0.0628619
0.0628619
0.0539516
0.0539516
0.0539516
0.0628619
0.0628619
0.0628619
0.0539516
0.0628619
0.0539516
0.0628619
0.0539515
0.0539515
0.0628619
0.0539515
0.0539515
0.0628619
0.0539515
0.0539515
0.0628754
0.0539515
0.0539515
0.0539515
0.0539515
0.0539515
0.0539515
0.0539515
0.0628619
0.0539515
0.0587265
0.0628754
0.0628618
0.0587265
0.0539514
0.0539514
0.0628753
0.0601798
0.0539514
0.0539514
0.0539514
0.0592218
0.0539514
0.0539514
0.0539514
0.0559481
0.0539514
0.0587265
0.0539514
0.0628753
0.0539514
0.0539514
0.0539514
0.0539514
0.0628753
0.0539514
0.0539514
0.0628753
0.0559481
0.0539513
0.0539513
0.0539513
0.0628753
0.0539513
0.0539513
0.0628899
0.0587264
0.0539513
0.0628617
0.0628752
0.0539513
0.0539513
0.0539513
0.0628617
0.0628752
0.0539513
0.0539513
0.0539513
0.0539513
0.0628617
0.0628752
0.0539513
0.0539513
0.0628752
0.0539513
0.0628899
0.0628752
0.0628752
0.0539513
0.0612975
0.0628617
0.0587263
0.0539513
0.0539512
0.0539512
0.0628616
0.0628616
0.0539512
0.0628751
0.0539512
0.0559479
0.0539512
0.0539512
0.0628751
0.0628946
0.0628751
0.0626421
0.0628749
0.0587261
0.0539513
0.0539512
0.0628615
0.0539512
0.0628615
0.0628615
0.0539512
0.0539512
0.0628749
0.0628749
0.0628615
0.0628615
0.0601793
0.0622826
0.0539512
0.0615187
0.0539509
0.0539509
0.0539509
0.0539509
0.0539509
0.0628616
0.0628616
0.0628616
0.0539509
0.0539509
0.0539509
0.0539509
0.0539509
0.0539509
0.0539509
0.0539509
0.0628616
0.0628616
0.0628752
0.0624456
0.0587264
0.0539507
0.0539507
0.0539507
0.0539507
0.0539507
0.0539507
0.0539506
0.0628335
0.0628345
0.0539508
0.0539508
0.0628611
0.0539508
0.0628611
0.0539508
0.0628611
0.0628611
0.0628611
0.0628611
0.0628611
0.0628611
0.062779
0.0628063
0.062874
0.062874
0.0539508
0.0628608
0.0628608
0.0628608
0.0628608
0.062874
0.0539507
0.0539507
0.0539507
0.0628608
0.0628608
0.0628608
0.0628608
0.0539507
0.0539507
0.0539507
0.0539507
0.062874
0.0628607
0.0628607
0.0539506
0.0539507
0.0628607
0.0628607
0.0628607
0.0628607
0.0628849
0.0628607
0.0539506
0.0628607
0.0539506
0.0628607
0.0628607
0.0539506
0.0628607
0.0628607
0.0539506
0.0539505
0.0628606
0.0539505
0.0628606
0.0539505
0.0539505
0.0628606
0.0628606
0.0628606
0.0628606
0.0628606
0.0539505
0.0628606
0.0587251
0.0628606
0.0628606
0.0628606
0.0628606
0.0628606
0.0628606
0.0628606
0.0628606
0.0628606
0.0539504
0.0539504
0.0539504
0.0539504
0.0539504
0.0539504
0.0539504
0.0539504
0.0539504
0.0587251
0.0628605
0.0539504
0.0628605
0.0628605
0.0628739
0.0587251
0.0539503
0.0628605
0.0539503
0.0539503
0.0628932
0.0539503
0.0628605
0.0628605
0.0628605
0.0539503
0.0539503
0.0628605
0.0628738
0.0539503
0.0539503
0.0628605
0.0539502
0.0628605
0.0628605
0.0628605
0.0628605
0.0628605
0.0539502
0.0539502
0.0628605
0.0539502
0.0539502
0.0628738
0.058725
0.0539502
0.0539502
0.0539502
0.0628604
0.0601782
0.0539502
0.0628738
0.0628738
0.0539502
0.0628738
0.0539501
0.0539501
0.0559462
0.0628738
0.0628738
0.0539501
0.0539501
0.0628457
0.0629013
0.0539502
0.0539501
0.0539501
0.0628602
0.0628602
0.0628602
0.0628602
0.0539501
0.0539501
0.0539501
0.0628735
0.0628602
0.0628843
0.0628602
0.0539501
0.0628602
0.0628602
0.0628602
0.0628602
0.05395
0.0628601
0.0628601
0.05395
0.0628734
0.05395
0.0628734
0.05395
0.05395
0.0628601
0.0628601
0.05395
0.05395
0.0628601
0.0628601
0.0628601
0.0628601
0.0628734
0.0628601
0.0628734
0.0628601
0.0539499
0.0628601
0.0628734
0.0628601
0.0628601
0.0628601
0.0587246
0.0539499
0.06286
0.0628601
0.06286
0.0539499
0.0628601
0.06286
0.06286
0.0539499
0.06286
0.06286
0.0539499
0.06286
0.06286
0.06286
0.06286
0.06286
0.06286
0.0539498
0.0628842
0.0628733
0.062684
0.0539498
0.0628599
0.0628599
0.0539498
0.0628599
0.0628599
0.0628732
0.0539498
0.0628599
0.0539498
0.0628599
0.0539498
0.0628599
0.0539498
0.0539497
0.0626992
0.0627277
0.0628598
0.0628598
0.0628598
0.0628731
0.0628598
0.0628598
0.0587242
0.0539494
0.0539494
0.0628598
0.0628598
0.0628598
0.0628598
0.0628598
0.0539494
0.0628598
0.0539494
0.0628731
0.0628597
0.0539494
0.0628731
0.0539493
0.0628597
0.0539493
0.0539493
0.0539493
0.0539493
0.0628597
0.0628597
0.0628597
0.0628597
0.0628597
0.0628597
0.0628597
0.0628597
0.0539493
0.0539493
0.062873
0.0539493
0.0539493
0.0628597
0.0628597
0.0539492
0.0539492
0.0628597
0.0539492
0.0628597
0.0628597
0.0628597
0.0628597
0.0628597
0.0628596
0.0628596
0.062873
0.062873
0.0628596
0.0539492
0.0628596
0.0628596
0.0628596
0.0539492
0.0628596
0.0628596
0.0628596
0.0628596
0.0628596
0.0539492
0.0539492
0.0628596
0.0628596
0.0628596
0.0628596
0.0539492
0.0627729
0.0628727
0.0539492
0.0628727
0.0628594
0.0628594
0.0539492
0.0539492
0.0539492
0.0628594
0.0628594
0.0628594
0.0628594
0.0539491
0.0628594
0.0628594
0.0628594
0.0628594
0.0628594
0.0628594
0.0539491
0.0628594
0.0628594
0.0587238
0.0627829
0.0539493
0.0628593
0.0539493
0.0539493
0.0628593
0.0539493
0.0539493
0.0628592
0.0628592
0.0628592
0.0628592
0.0628592
0.0539492
0.06289
0.0628592
0.0628592
0.0628592
0.0628592
0.0539492
0.0628592
0.0628592
0.0539492
0.0628726
0.0628592
0.0539492
0.0628592
0.0628592
0.0628592
0.0539491
0.0628592
0.0628592
0.0628591
0.0628591
0.0539491
0.0539491
0.0628591
0.0539491
0.0628591
0.0628591
0.0539491
0.0628591
0.0628726
0.0628591
0.053949
0.0628725
0.053949
0.0628591
0.0628591
0.053949
0.0628591
0.053949
0.0628591
0.0628591
0.0628828
0.053949
0.0628591
0.0628591
0.0628591
0.0539489
0.0628591
0.062859
0.0539489
0.062859
0.0539489
0.0539489
0.062859
0.0539489
0.0539489
0.062859
0.062859
0.0539489
0.062859
0.062859
0.062859
0.0628725
0.0539488
0.062859
0.062859
0.062859
0.062859
0.062859
0.062859
0.062859
0.062859
0.0539488
0.062859
0.062859
0.0628995
0.0539488
0.0539488
0.0628589
0.0628589
0.0628589
0.0539488
0.0628589
0.0628589
0.0539488
0.0628589
0.0539487
0.0628589
0.0628589
0.0539487
0.0539487
0.0539487
0.0628589
0.0628589
0.0539487
0.0628589
0.0539487
0.0628589
0.0628589
0.0539487
0.0628589
0.0628589
0.0628589
0.0628589
0.0628589
0.0628589
0.0539486
0.0628589
0.0539486
0.0628589
0.0539486
0.0628588
0.0539486
0.0628588
0.0628588
0.0628588
0.0628588
0.0628588
0.0539486
0.0539486
0.0628588
0.0539486
0.0539486
0.0628588
0.0628588
0.0539486
0.0628588
0.0628402
0.0623183
0.0539482
0.0601764
0.0539482
0.0628588
0.0628588
0.0628588
0.0539482
0.0539481
0.0539481
0.0628588
0.0539481
0.0628588
0.0628588
0.0628588
0.0628588
0.0539481
0.0628587
0.0539481
0.0539481
0.0539481
0.0628587
0.0628587
0.0628587
0.0539481
0.0628587
0.0628587
0.0628722
0.0628587
0.0628587
0.0628587
0.0628587
0.0628587
0.0539481
0.0628722
0.0628587
0.0628587
0.053948
0.0628587
0.0587231
0.0539481
0.053948
0.053948
0.0628587
0.053948
0.053948
0.0628587
0.0628587
0.0628587
0.058723
0.0628587
0.053948
0.053948
0.0628586
0.0628586
0.0628586
0.0628586
0.053948
0.0628586
0.053948
0.0628586
0.0628586
0.0628586
0.0628586
0.053948
0.0628586
0.0628586
0.0628586
0.0628586
0.0628586
0.0539479
0.0539479
0.0539479
0.0539479
0.0628721
0.0539479
0.0628586
0.0539479
0.0628721
0.0628586
0.0628721
0.0539479
0.0539479
0.0539479
0.0628586
0.0628586
0.0628586
0.0628585
0.0628586
0.0628586
0.0628585
0.0628585
0.0628585
0.0628585
0.0628585
0.0628585
0.0628585
0.0628585
0.0628585
0.0539479
0.0628585
0.0628585
0.0628585
0.0628585
0.0628721
0.0539478
0.0628585
0.0539478
0.0539478
0.0628825
0.0628585
0.0628585
0.0628585
0.0628585
0.0628585
0.0628249
0.0539479
0.0628718
0.062894
0.0628583
0.0628583
0.0628583
0.0628583
0.0539479
0.0628583
0.0628583
0.0628583
0.0539478
0.0628583
0.0628583
0.0539478
0.0539478
0.0539478
0.0628583
0.0628583
0.0539478
0.0628583
0.0628583
0.0628583
0.0539478
0.0559439
0.0628583
0.0628717
0.0628582
0.0539478
0.0628582
0.0539478
0.0628582
0.0539478
0.0628717
0.0628583
0.0628582
0.0539478
0.0539478
0.0628557
0.0612937
0.0539477
0.0539477
0.0628582
0.0628582
0.0628582
0.0628582
0.0628582
0.0628582
0.0625977
0.0628581
0.0628581
0.0539477
0.062886
0.0539477
0.0628581
0.0628581
0.0628581
0.0539477
0.0628581
0.0628581
0.0539477
0.0628581
0.0539477
0.0628581
0.0628715
0.0628581
0.0628715
0.0628715
0.0628581
0.0539477
0.0608788
0.0628581
0.0628581
0.0628908
0.0628338
0.0539473
0.062858
0.0628581
0.0539473
0.0628581
0.062858
0.0539473
0.062858
0.062858
0.0539473
0.062858
0.062858
0.0539472
0.062858
0.0539472
0.0539472
0.062858
0.062858
0.062858
0.062858
0.062858
0.0539472
0.0539472
0.062858
0.062858
0.062858
0.062858
0.062858
0.062858
0.062858
0.0539472
0.0539472
0.062858
0.0539472
0.0628579
0.0628579
0.0539472
0.0539472
0.0628579
0.0628579
0.0628554
0.0620822
0.0625853
0.0539472
0.0539472
0.0628578
0.0628578
0.0628578
0.0628578
0.0628578
0.0539472
0.0628578
0.0628578
0.0628578
0.0628578
0.0628578
0.0539471
0.0628578
0.0628712
0.0628578
0.0628578
0.0539471
0.0539471
0.0628578
0.0628578
0.0628578
0.0628577
0.0628577
0.0628712
0.0628578
0.0628577
0.0539471
0.0628577
0.0628577
0.0628577
0.0628712
0.0628577
0.0628577
0.0628577
0.0628577
0.0503608
0.0628577
0.0628577
0.0628577
0.0539471
0.0539471
0.0628577
0.0628577
0.0628577
0.053947
0.0628577
0.0628577
0.0628577
0.0628577
0.053947
0.0628577
0.0628577
0.053947
0.053947
0.0628577
0.053947
0.0628577
0.053947
0.053947
0.0628576
0.0628576
0.0628576
0.053947
0.053947
0.0628576
0.0628576
0.0628576
0.0539469
0.0628576
0.0539469
0.0628576
0.0628576
0.0628576
0.0628576
0.0628576
0.0628576
0.0628576
0.0539469
0.0628576
0.0628711
0.0628576
0.0628576
0.0628712
0.0539469
0.0628576
0.0628576
0.0628576
0.0628576
0.0628576
0.0539469
0.0628575
0.0628576
0.0628576
0.0628576
0.0628576
0.0628575
0.0628856
0.0628993
0.0622223
0.053947
0.0539469
0.0628574
0.0539469
0.0539469
0.0628574
0.0628574
0.0539469
0.0628574
0.0628574
0.0628574
0.0539469
0.0620815
0.0587217
0.0628749
0.062829
0.0628568
0.0539467
0.0628568
0.0628568
0.0628568
0.0628701
0.0628568
0.0628568
0.0628568
0.0559416
0.0628568
0.0539466
0.0539466
0.0628568
0.0628567
0.0628568
0.0628567
0.0539466
0.0628568
0.0628567
0.0539465
0.0628567
0.0628567
0.0628567
0.0539465
0.0628567
0.0628567
0.0628567
0.0628567
0.0628567
0.0628567
0.0628567
0.0628567
0.0628567
0.0539465
0.0627969
0.0539463
0.0628565
0.0628565
0.0628565
0.0628798
0.0628565
0.0628565
0.0538014
0.0625344
0.0539463
0.0628565
0.0628565
0.0628565
0.0539463
0.0628565
0.0628565
0.0628565
0.0628565
0.0628565
0.0539462
0.0628565
0.0628565
0.0628565
0.0628565
0.0628565
0.0628565
0.0539462
0.0628564
0.0539462
0.0539462
0.0539461
0.0628564
0.0628564
0.0628564
0.0628564
0.0539461
0.0628564
0.0628564
0.0628564
0.0628697
0.0539461
0.0628564
0.0628564
0.0628564
0.0539461
0.0628564
0.0628564
0.0628564
0.053946
0.0628697
0.0628563
0.0628563
0.053946
0.0628563
0.0628563
0.053946
0.0618741
0.0539456
0.0628564
0.0628564
0.0628564
0.0628564
0.0628564
0.0628564
0.0628805
0.0628564
0.0628564
0.0628563
0.0628563
0.0628564
0.0539456
0.0628563
0.0628563
0.0628563
0.0539455
0.0628563
0.0628697
0.0628697
0.0628563
0.0539455
0.0628563
0.0628563
0.0559417
0.0628563
0.0628563
0.0628563
0.0628697
0.0628563
0.0539455
0.0628563
0.0628562
0.0628562
0.0628562
0.0628562
0.0628562
0.0628562
0.0628562
0.0628562
0.0539455
0.0628562
0.0628562
0.0628562
0.0539455
0.0539455
0.0539454
0.0539454
0.0628562
0.0628562
0.0539454
0.0628562
0.0628562
0.0628562
0.0628562
0.0628562
0.0539454
0.0628562
0.0539454
0.0628562
0.0628562
0.0539454
0.0559416
0.0628562
0.0539454
0.0539454
0.0628562
0.0628562
0.0539454
0.0628562
0.0628562
0.0628696
0.0628561
0.0539454
0.0628561
0.0628561
0.0628561
0.0628561
0.0539453
0.0628561
0.0628561
0.0628561
0.0628561
0.0628696
0.0625797
0.062831
0.0625282
0.0539452
0.0539452
0.0628562
0.0628562
0.0539451
0.0628562
0.0628562
0.0628696
0.0628561
0.0628561
0.0559416
0.0628561
0.0628561
0.0628561
0.0628561
0.0628561
0.0628561
0.0539451
0.0539451
0.0628561
0.0628561
0.062856
0.0628561
0.0628561
0.062856
0.062856
0.062856
0.062856
0.062856
0.062856
0.062856
0.062856
0.062856
0.062856
0.062856
0.062856
0.062856
0.053945
0.062856
0.053945
0.062856
0.062856
0.053945
0.062856
0.0628559
0.053945
0.053945
0.0628694
0.0628801
0.0628559
0.0628559
0.0628559
0.0628559
0.0628559
0.0628559
0.0628559
0.0539449
0.0628559
0.0628559
0.0628559
0.0628559
0.0628559
0.0539449
0.0628558
0.0628558
0.0628558
0.0628558
0.0628558
0.0628558
0.0628558
0.0628558
0.0539449
0.0628558
0.0628558
0.0628558
0.0539449
0.0628489
0.0618604
0.0539444
0.0628696
0.0628559
0.0539444
0.0628559
0.0628559
0.0628559
0.0628559
0.0539444
0.0628559
0.0628559
0.0628559
0.0628559
0.0628559
0.0628559
0.0628559
0.0628558
0.0628558
0.0628558
0.0628558
0.0628558
0.0628558
0.0628558
0.0628558
0.0539443
0.0539443
0.0628558
0.0539443
0.0628558
0.0626558
0.062856
0.062856
0.062856
0.0539441
0.0628699
0.0628804
0.0628559
0.0628559
0.0587199
0.0628559
0.0539441
0.0628698
0.0628559
0.0628697
0.0628559
0.0539441
0.0539441
0.0608766
0.0628558
0.0628558
0.0539441
0.0620621
0.053944
0.053944
0.0628562
0.0628704
0.053944
0.0628561
0.0628561
0.0628561
0.0628561
0.053944
0.0628561
0.0628561
0.0628561
0.0628561
0.053944
0.062856
0.0539439
0.0539439
0.0539439
0.062856
0.0539439
0.062856
0.0628702
0.0539439
0.0628702
0.062856
0.0539439
0.062856
0.0628701
0.0628559
0.0539439
0.0628701
0.0628701
0.0539439
0.0628559
0.0539439
0.0539439
0.0539439
0.0539439
0.0539439
0.06287
0.0539439
0.0628559
0.0628559
0.0628559
0.0628558
0.0628558
0.0628558
0.0539438
0.0539438
0.0539438
0.0539438
0.0618444
0.0615659
0.0539437
0.0539437
0.0628561
0.0628561
0.0539437
0.0628561
0.0628561
0.0628561
0.0628561
0.0628561
0.0628561
0.062856
0.062856
0.062856
0.062856
0.062856
0.062856
0.062856
0.0539437
0.0539436
0.062856
0.062856
0.0626649
0.0539436
0.0539436
0.0628557
0.0628557
0.0628557
0.0539436
0.0628556
0.0628557
0.0628556
0.0539436
0.0628556
0.0628556
0.0628556
0.0539436
0.0628556
0.0628556
0.0539436
0.055942
0.0628556
0.0628555
0.0628555
0.0539436
0.0628555
0.0628555
0.0628555
0.0628555
0.0539435
0.0628555
0.0628555
0.0628555
0.0628697
0.0539435
0.0539435
0.0628555
0.0628555
0.0628555
0.0628555
0.0539435
0.0628555
0.0628555
0.0628554
0.0628554
0.0628554
0.0628554
0.0628554
0.0628554
0.0628554
0.0628554
0.0628554
0.0628554
0.0628554
0.0539435
0.0628554
0.0628554
0.0628554
0.0628553
0.0539435
0.0628553
0.0539435
0.0628553
0.0628553
0.0539434
0.0539434
0.0628553
0.0628553
0.0628553
0.0628553
0.0628553
0.0539434
0.0628553
0.0628553
0.0539434
0.0628553
0.0539434
0.0628553
0.0628553
0.0628553
0.0628553
0.0628553
0.0628552
0.0628799
0.0628552
0.0539434
0.0628552
0.0628552
0.0539434
0.0628552
0.0628695
0.0628552
0.0539434
0.0628552
0.0628694
0.0628552
0.0628552
0.0539434
0.0539434
0.0539434
0.0539434
0.0628552
0.0628552
0.0539433
0.0539434
0.0539434
0.0628552
0.0628552
0.0539433
0.0628798
0.0628551
0.0628551
0.0628551
0.0628551
0.0628551
0.0628551
0.0628693
0.0628551
0.0628551
0.0628551
0.0628551
0.0628551
0.0539433
0.0621047
0.0539433
0.0539433
0.0539433
0.0539433
0.062855
0.062855
0.062855
0.062855
0.062855
0.062855
0.062855
0.0628549
0.0587191
0.0539433
0.0559411
0.062855
0.0625336
0.0627726
0.0628683
0.0539435
0.0628547
0.0628546
0.0539435
0.0539435
0.0628546
0.062835
0.0627093
0.0539436
0.0628545
0.0628544
0.0624028
0.0539436
0.0628544
0.0628544
0.0628544
0.0628678
0.0628544
0.0628544
0.0628544
0.0539436
0.0539436
0.0539435
0.0587183
0.0539435
0.0628544
0.0628544
0.0628543
0.0628543
0.0628543
0.0628543
0.0628543
0.0539435
0.0628543
0.0628543
0.0539434
0.0539435
0.0539434
0.0539434
0.0628352
0.0627995
0.053943
0.053943
0.053943
0.0539429
0.062881
0.0628951
0.0628531
0.0628531
0.0539423
0.0628531
0.0628531
0.0628531
0.0628531
0.0628531
0.0539423
0.0628531
0.0628531
0.0628531
0.0628531
0.0539422
0.0628663
0.0539422
0.0628531
0.062853
0.062853
0.062853
0.062853
0.062853
0.0539422
0.062853
0.062853
0.062853
0.062853
0.062853
0.062853
0.0587167
0.062853
0.062853
0.0623299
0.0628612
0.0539415
0.0539415
0.062866
0.0539415
0.0628527
0.0628527
0.0628527
0.0628719
0.0628654
0.0628523
0.0628523
0.0539414
0.0628523
0.0539413
0.0539414
0.0539413
0.0539413
0.0628523
0.0628523
0.0539413
0.0628654
0.0628522
0.0628928
0.0539412
0.0608134
0.0628401
0.0539408
0.062852
0.062852
0.062852
0.0539408
0.062852
0.0539408
0.062852
0.0628651
0.0539408
0.062852
0.0592101
0.062852
0.062852
0.0539408
0.0628519
0.0628519
0.0539408
0.0539407
0.0628519
0.0628519
0.0628519
0.0628519
0.0628519
0.0539407
0.0539407
0.0628519
0.0539407
0.0628519
0.0539407
0.0628519
0.0628519
0.0628519
0.0539407
0.0628519
0.0622847
0.0617537
0.0539407
0.0539407
0.062865
0.0539406
0.0539406
0.0539406
0.0539406
0.0539406
0.0628518
0.0628518
0.0628518
0.0628518
0.0628518
0.0628518
0.0628518
0.0628518
0.0539406
0.0628518
0.0539406
0.062659
0.0623152
0.0627564
0.0539406
0.0628517
0.0539405
0.0628516
0.0539405
0.0628516
0.0628516
0.0628516
0.0628516
0.062389
0.0539405
0.0539405
0.0628516
0.0539405
0.0608714
0.0628516
0.0614932
0.0587151
0.0628516
0.0628516
0.0628516
0.0628516
0.0539404
0.0539404
0.0539404
0.0539404
0.0628515
0.062074
0.0608715
0.05394
0.05394
0.0628516
0.0628516
0.05394
0.0628516
0.062719
0.0628921
0.0539401
0.0539401
0.0628646
0.05394
0.0628514
0.0628514
0.0628514
0.0628514
0.0628514
0.05394
0.0628514
0.0628514
0.0628514
0.0628514
0.05394
0.0628514
0.0628514
0.0628514
0.0628514
0.0628514
0.0628646
0.0628514
0.0628514
0.0608711
0.05394
0.05394
0.0628513
0.05394
0.0628513
0.0628513
0.0628513
0.0628513
0.0539399
0.0539399
0.0628513
0.0628513
0.0539399
0.0628513
0.0628513
0.0539399
0.0539399
0.0539399
0.0628513
0.0628513
0.0628513
0.0628513
0.0628513
0.0539399
0.0559357
0.0628513
0.0628513
0.0539399
0.0628513
0.0628513
0.0628513
0.0628513
0.0628513
0.0628645
0.0628512
0.0539398
0.0628512
0.0539399
0.0628512
0.0539398
0.0628512
0.0628512
0.0628749
0.0628512
0.0539398
0.0628645
0.0628645
0.0539398
0.0539398
0.0628645
0.0539398
0.0628645
0.0539398
0.0623148
0.0539398
0.0623147
0.0539398
0.0539398
0.0628512
0.0628644
0.0559356
0.0627695
0.0539395
0.0628645
0.0539395
0.0628512
0.0628512
0.0628512
0.0628645
0.0539394
0.0628512
0.0539394
0.062366
0.0539395
0.0587145
0.0628511
0.0628511
0.0539394
0.0539394
0.0539394
0.0539394
0.0628511
0.0628511
0.0539394
0.0628511
0.0539394
0.0628511
0.0628748
0.0628511
0.0539394
0.0628644
0.0628511
0.0628511
0.0628511
0.0539394
0.0539394
0.062851
0.062851
0.0539394
0.0539394
0.0539394
0.0539393
0.062851
0.0539393
0.062851
0.0539393
0.0628644
0.062851
0.062851
0.062851
0.062851
0.062851
0.062851
0.0539393
0.062851
0.062851
0.062851
0.0628643
0.062851
0.062851
0.062851
0.062851
0.062851
0.062851
0.0618599
0.0587143
0.0539393
0.0628643
0.0539393
0.0628509
0.0628643
0.0539393
0.0628509
0.0559355
0.0624912
0.0559354
0.0628642
0.0628296
0.0628639
0.0628639
0.0628639
0.0539394
0.0628639
0.0628507
0.0628507
0.0539393
0.0628507
0.0539393
0.0628507
0.0628507
0.0628507
0.0539393
0.0539393
0.0628507
0.0628507
0.0628507
0.0628507
0.0628507
0.0628507
0.0539393
0.0539393
0.0628506
0.0628507
0.0539393
0.0628507
0.0628507
0.0628507
0.0539392
0.0628506
0.0628506
0.0628506
0.0539392
0.0628506
0.0628506
0.0628506
0.0539392
0.0628506
0.0539392
0.0628639
0.0628506
0.0628506
0.0628506
0.0628639
0.0539392
0.0628506
0.0628638
0.0628506
0.0539392
0.0628506
0.0628506
0.0628506
0.0628506
0.0628506
0.0628506
0.0628506
0.0539392
0.0628506
0.0539391
0.0628506
0.0628506
0.0628505
0.0628505
0.0628506
0.0539391
0.0539391
0.0539391
0.0628505
0.0628505
0.0539391
0.0628505
0.0628505
0.0628505
0.0628505
0.0628505
0.0628505
0.0539391
0.0628505
0.0628505
0.0628505
0.0628505
0.0628505
0.053939
0.053939
0.0628505
0.0628505
0.0628505
0.0628505
0.0628505
0.0628505
0.0628505
0.053939
0.0628505
0.0628505
0.0628504
0.053939
0.0628505
0.0628505
0.0628505
0.0628505
0.0628504
0.0628504
0.0628504
0.0628504
0.0628504
0.0628504
0.0628504
0.0628504
0.0628504
0.053939
0.053939
0.0628504
0.0628742
0.053939
0.0628504
0.0628504
0.0628504
0.0628638
0.0628504
0.0539389
0.0628504
0.0628504
0.0628504
0.0628504
0.0628504
0.0628504
0.0628504
0.0539389
0.0628504
0.0539389
0.0628504
0.0628504
0.0539389
0.0559349
0.0628504
0.0628503
0.0539389
0.0628503
0.0628503
0.0628503
0.0628503
0.0539389
0.0628503
0.0628503
0.0628503
0.0539389
0.0628503
0.0628503
0.0628503
0.0628741
0.0628503
0.0587138
0.0539389
0.0628637
0.0628637
0.0628503
0.0628637
0.0539389
0.0539388
0.0628503
0.0628637
0.0539388
0.0628637
0.0539388
0.0559349
0.0539388
0.0625277
0.062552
0.0628909
0.0539389
0.0539389
0.0539389
0.0539388
0.0628501
0.0628501
0.0539388
0.0539388
0.0628501
0.0628501
0.0539388
0.0628501
0.0626457
0.0539388
0.0539388
0.0628501
0.0628501
0.0628501
0.0628501
0.0539388
0.0628501
0.0628501
0.0628501
0.0628501
0.0628501
0.06285
0.0539388
0.0622102
0.0539384
0.0628502
0.0628501
0.0628501
0.0539384
0.0539384
0.0628501
0.0539384
0.0628501
0.0628501
0.0628501
0.0628501
0.0628501
0.0628501
0.0628501
0.0559346
0.0539384
0.0539384
0.0628501
0.0539383
0.0539383
0.0628501
0.0539383
0.0621712
0.0587134
0.0539383
0.0539383
0.06285
0.0503519
0.06285
0.06285
0.06285
0.06285
0.06285
0.06285
0.0628634
0.0628634
0.0628774
0.0628633
0.0539383
0.06285
0.06285
0.06285
0.06285
0.06285
0.06285
0.0539383
0.06285
0.0539383
0.0628499
0.06285
0.0628499
0.0628633
0.0628499
0.0539383
0.0628499
0.0539383
0.0628499
0.0628499
0.0539382
0.0628499
0.0539382
0.0628499
0.0628499
0.0628499
0.0628633
0.0628499
0.0628733
0.0539382
0.0539382
0.0628499
0.0539382
0.0628499
0.0628499
0.0628499
0.0539382
0.0628499
0.0628499
0.0539382
0.0628499
0.0628499
0.0628499
0.0628498
0.0628499
0.0539382
0.0539382
0.0627748
0.0539382
0.0539382
0.0628498
0.0628498
0.0628734
0.0628497
0.0628497
0.0539382
0.0628497
0.0628497
0.0628497
0.0628497
0.0628497
0.0628497
0.0628497
0.0628631
0.0539382
0.0628497
0.0628497
0.0628497
0.0628497
0.0539381
0.0628497
0.0628497
0.0628497
0.0628497
0.0539381
0.0539381
0.0628497
0.0539381
0.0539381
0.0628497
0.0539381
0.0628497
0.0628497
0.0628497
0.0628496
0.0539381
0.0628497
0.062863
0.0628497
0.0628496
0.0628496
0.0628496
0.062863
0.0628496
0.062863
0.053938
0.0628496
0.0539381
0.0628496
0.0628496
0.0628496
0.0628496
0.0628496
0.062863
0.053938
0.053938
0.0628496
0.0628496
0.0625762
0.0539381
0.0628496
0.053938
0.053938
0.0628495
0.0628496
0.053938
0.0628495
0.0628495
0.053938
0.0628495
0.053938
0.0628495
0.0628495
0.0628495
0.0628495
0.0628495
0.0628495
0.0628495
0.053938
0.053938
0.053938
0.0628899
0.0620727
0.053938
0.053938
0.0628494
0.053938
0.0628494
0.0628494
0.0628494
0.0628494
0.0628494
0.0612839
0.053938
0.0628627
0.0539379
0.0628494
0.0539379
0.0628494
0.0628494
0.0628494
0.0539379
0.0628494
0.0539379
0.0628494
0.0628494
0.0628494
0.0628494
0.0539379
0.0628494
0.0628494
0.0628494
0.0628494
0.0628493
0.0628493
0.0628493
0.0628493
0.0628493
0.0539379
0.0628493
0.0539379
0.0628493
0.0539379
0.0628493
0.0628493
0.0628493
0.0628493
0.0539378
0.0628493
0.0628493
0.0628269
0.0628625
0.0628492
0.0539379
0.0539378
0.0628492
0.0628492
0.0628492
0.0539378
0.0539378
0.0628492
0.0628492
0.0628492
0.0628492
0.0628492
0.0539378
0.0539378
0.0539378
0.0539378
0.0628491
0.0628492
0.0539378
0.0539378
0.0628491
0.0628491
0.0628491
0.0539377
0.0628624
0.0539377
0.0628491
0.0628491
0.0628491
0.0628491
0.0628491
0.0628491
0.0539377
0.0628491
0.0539377
0.0628491
0.0628723
0.0628624
0.0539377
0.0628491
0.0624521
0.0539377
0.0628491
0.0628491
0.062849
0.062849
0.062849
0.062849
0.062849
0.062849
0.0539376
0.062849
0.062849
0.062849
0.0539376
0.062849
0.062849
0.062849
0.062849
0.062849
0.062849
0.062849
0.062849
0.0628623
0.0539376
0.062849
0.0628802
0.0624436
0.0627156
0.062526
0.0539376
0.0628489
0.0628489
0.0571988
0.0628161
0.0617504
0.0628278
0.0539369
0.0628486
0.0628486
0.0628486
0.0628486
0.0539369
0.0539369
0.0539369
0.0628486
0.0628486
0.0628486
0.0628486
0.0628486
0.0539369
0.0628486
0.0628486
0.0628486
0.0628486
0.0628618
0.0628486
0.0628486
0.0628485
0.0539368
0.0628485
0.0628485
0.0628485
0.0628485
0.0628485
0.0628485
0.0628485
0.0628485
0.0628485
0.0539368
0.0628485
0.0628485
0.0539368
0.0539368
0.0628485
0.0628485
0.0628485
0.0626086
0.0621692
0.0628484
0.0628484
0.0627545
0.0559325
0.0627459
0.0625745
0.0628483
0.0628483
0.0628482
0.0628482
0.0628482
0.0603847
0.0628482
0.0628482
0.0628482
0.0628482
0.0628482
0.0628482
0.0539365
0.0628482
0.0628482
0.0628482
0.0628482
0.0539365
0.0559321
0.0628482
0.0628482
0.0628482
0.0628482
0.0628614
0.0539365
0.0628482
0.0628482
0.0628482
0.0628482
0.0628481
0.0628481
0.0628481
0.0628481
0.0628481
0.0628481
0.0628481
0.0539364
0.0628481
0.0628481
0.0628481
0.0628481
0.0628481
0.0628481
0.0628481
0.0628481
0.0628481
0.0628613
0.0539364
0.0627951
0.0628612
0.062848
0.062848
0.0539364
0.0628482
0.053936
0.0628479
0.053936
0.0628479
0.0628479
0.053936
0.0628479
0.0628611
0.0628478
0.0628478
0.0628478
0.0628478
0.0628478
0.0539359
0.0628478
0.0539359
0.0628478
0.0628478
0.0628478
0.0624676
0.0624245
0.0539359
0.0628477
0.0628477
0.0628477
0.0628477
0.0628477
0.0628609
0.0628477
0.0623041
0.0628478
0.0628478
0.0539356
0.0628478
0.0628612
0.0628612
0.0539356
0.0539356
0.0539356
0.0628881
0.0539356
0.0628477
0.0628476
0.0539356
0.0628477
0.0628476
0.0628477
0.0628477
0.0628476
0.0628476
0.0539356
0.0628476
0.0628476
0.0628476
0.0628476
0.0628476
0.0539356
0.0628476
0.0628476
0.0628476
0.0628476
0.0628476
0.0628476
0.0539356
0.0539356
0.0628476
0.0539355
0.0628476
0.0539355
0.0628476
0.0628476
0.0628475
0.0628608
0.0587106
0.0539355
0.0628475
0.0628475
0.0628475
0.0628475
0.0628475
0.0628475
0.0628475
0.0628475
0.0539355
0.0539355
0.0539355
0.0628475
0.0628475
0.0539355
0.0628475
0.0628475
0.0539355
0.0628475
0.0628475
0.0628475
0.0539355
0.0618939
0.0628608
0.0628474
0.0628474
0.0628474
0.0628608
0.0628474
0.0628474
0.0628474
0.0628474
0.0628474
0.0628474
0.0628474
0.0628474
0.0628474
0.0628474
0.0539354
0.0628474
0.0628474
0.0559315
0.0539354
0.0628474
0.0628474
0.0539354
0.0628474
0.0587105
0.0539354
0.0628474
0.0539354
0.0628607
0.0628474
0.0628474
0.0628474
0.0628474
0.0628474
0.0628473
0.0628473
0.0628473
0.0628473
0.0628473
0.0587104
0.0628473
0.0628473
0.0628473
0.0539354
0.0628473
0.0628473
0.0601637
0.0627617
0.0628604
0.0608666
0.0539354
0.0539354
0.0628472
0.0628471
0.0628471
0.0628471
0.0628471
0.0628471
0.0628471
0.0628471
0.0539354
0.0539354
0.0628471
0.0539354
0.0628471
0.0628471
0.0628471
0.0628471
0.0628471
0.0628471
0.0628471
0.0539353
0.0628471
0.0539353
0.0628604
0.0539353
0.0539353
0.062847
0.0628702
0.0628381
0.0539353
0.0628013
0.0625073
0.0625727
0.0539356
0.0628471
0.0628471
0.0539356
0.0539356
0.062847
0.062847
0.0587099
0.062839
0.0628733
0.0627989
0.0625658
0.062858
0.0628724
0.0628457
0.0539341
0.0628457
0.053934
0.0628457
0.0628456
0.0628457
0.0628587
0.053934
0.053934
0.0628456
0.0628456
0.0628456
0.0628456
0.053934
0.053934
0.0628456
0.0628456
0.0628456
0.0628456
0.0628456
0.0559287
0.0628456
0.0628456
0.0537941
0.053934
0.053934
0.0628456
0.053934
0.053934
0.0628456
0.0559289
0.0628456
0.0628456
0.0628456
0.0628456
0.0628456
0.0628456
0.0539339
0.0628456
0.0628456
0.0628456
0.0539339
0.0628456
0.0628455
0.0628455
0.0628456
0.0628586
0.0628586
0.0628455
0.0628455
0.0628455
0.0628586
0.0628687
0.0628455
0.0628455
0.0628455
0.0539338
0.0628455
0.0628455
0.0628853
0.0539337
0.0628584
0.0628454
0.0628454
0.0628454
0.0628454
0.0628453
0.0628453
0.0628453
0.0628453
0.0628453
0.0539337
0.0628453
0.0628453
0.0628453
0.0628453
0.0628453
0.0628453
0.0628453
0.0628453
0.0628453
0.0539336
0.0628852
0.0627454
0.0628677
0.0628451
0.0539334
0.0539334
0.0539334
0.062834
0.062858
0.0539333
0.0628449
0.062858
0.0627558
0.0587076
0.0628449
0.0628449
0.0628449
0.0628579
0.0628449
0.0628449
0.0628449
0.0539331
0.0539331
0.0628448
0.0628448
0.0628448
0.0628448
0.0539331
0.0628448
0.0539331
0.0628448
0.0628448
0.0628448
0.0628448
0.0539331
0.0539331
0.0539331
0.0601606
0.0628448
0.0628448
0.0628448
0.0628448
0.0628448
0.0628447
0.0587075
0.0628447
0.0628448
0.0628447
0.0603805
0.0623298
0.0628451
0.0628451
0.062845
0.0628451
0.062845
0.062845
0.062845
0.0539334
0.062845
0.062845
0.062845
0.062845
0.062845
0.062845
0.0628453
0.0625424
0.0539329
0.0628576
0.0539329
0.0539328
0.0628446
0.0539328
0.0628446
0.0628445
0.0539328
0.0628445
0.0628575
0.0539328
0.0628445
0.0539328
0.0628445
0.0628445
0.0539327
0.0628445
0.0503454
0.0628445
0.0628445
0.0539327
0.0628445
0.0628445
0.0628445
0.0628445
0.0628444
0.0628444
0.0628444
0.0628444
0.0539327
0.0628444
0.0628575
0.0628444
0.0539326
0.0628444
0.0539327
0.0539326
0.0628444
0.0628444
0.0628574
0.0539326
0.0628444
0.0628444
0.0539326
0.0627806
0.0611882
0.0628843
0.0628442
0.0628572
0.0628442
0.0539324
0.0628441
0.0628441
0.0628441
0.0628441
0.0628441
0.0618897
0.0628834
0.0608629
0.0539322
0.062844
0.062844
0.0539322
0.062844
0.062857
0.062844
0.062844
0.062844
0.062844
0.0539322
0.062844
0.062844
0.062844
0.062844
0.062844
0.062844
0.062844
0.062844
0.062844
0.062844
0.062844
0.062844
0.062844
0.0628439
0.0628439
0.062857
0.0539321
0.0539321
0.0628439
0.0628493
0.0628837
0.062883
0.0628833
0.0628588
0.0628513
0.0628804
0.0628423
0.0628423
0.0628423
0.0628423
0.0628423
0.0628423
0.0628423
0.0628422
0.0628551
0.0628423
0.0628551
0.0628422
0.0628422
0.0628422
0.0628422
0.0628422
0.0628422
0.0628551
0.0539301
0.0628422
0.0628422
0.0628422
0.0539302
0.0628422
0.0628816
0.0628814
0.062842
0.062842
0.062842
0.0539299
0.0539299
0.062842
0.062842
0.0539298
0.0539298
0.0628548
0.062842
0.0539298
0.0539298
0.0539298
0.0628419
0.0628419
0.0628419
0.0539298
0.0539298
0.0628419
0.0628269
0.0626704
0.0623779
0.0621613
0.0628143
0.0627768
0.0628586
0.0623769
0.0628797
0.062221
0.062841
0.062841
0.062841
0.0539287
0.062841
0.062841
0.062841
0.0627081
0.062841
0.0628409
0.0628409
0.0628409
0.0628409
0.0628409
0.0539286
0.0539286
0.0539286
0.0628409
0.0539286
0.0628537
0.0628409
0.0539286
0.0628409
0.0628409
0.0628409
0.0539285
0.0539285
0.0628537
0.0539285
0.0539285
0.0539285
0.0628409
0.0628409
0.0628537
0.0539285
0.0539285
0.0539285
0.0628408
0.0628409
0.0539284
0.0539284
0.0539284
0.0539284
0.0628409
0.0628408
0.0628408
0.0628408
0.0539284
0.0539284
0.0503411
0.0628408
0.0628697
0.0628536
0.0628408
0.0539284
0.0539284
0.0628408
0.0628408
0.0628408
0.0628408
0.0628408
0.0627401
0.0539283
0.0628407
0.0628407
0.0539283
0.0628407
0.0628407
0.0628407
0.0628407
0.0628407
0.0628407
0.0628407
0.0628407
0.0628769
0.0628406
0.0628406
0.0628406
0.0628406
0.0625992
0.0627903
0.0611856
0.0628082
0.0628797
0.0628403
0.0628403
0.062853
0.062869
0.0628403
0.0628402
0.0628403
0.0539278
0.0627777
0.0628401
0.058702
0.055922
0.0539276
0.0628626
0.0628401
0.0628401
0.0628401
0.0628401
0.0539276
0.0628401
0.0539276
0.0628401
0.06284
0.0628401
0.0628401
0.06284
0.06284
0.06284
0.0539275
0.06284
0.06284
0.0539275
0.06284
0.06284
0.0628527
0.06284
0.06284
0.06284
0.0628527
0.06284
0.06284
0.06284
0.06284
0.0539275
0.0539275
0.06284
0.06284
0.0539275
0.06284
0.06284
0.0539274
0.0628399
0.0628399
0.0539275
0.0539274
0.0539274
0.0628399
0.0628399
0.0628399
0.0628399
0.0539274
0.0539274
0.0628399
0.0628399
0.0628527
0.0539274
0.0539274
0.0628399
0.0628527
0.0628399
0.0628399
0.0539274
0.0628527
0.0628527
0.0628399
0.0628399
0.0628743
0.0591961
0.0628399
0.0628399
0.0628399
0.0539273
0.0628398
0.0628399
0.0539273
0.0628399
0.0628399
0.0628526
0.0628399
0.0539273
0.0628399
0.0628398
0.0628398
0.0628398
0.0628398
0.0628398
0.0615461
0.0622579
0.0539273
0.0539273
0.0628398
0.0539272
0.0628398
0.0539272
0.0539272
0.0587017
0.0539272
0.0539272
0.0628398
0.0628398
0.0539272
0.0628398
0.0539272
0.0539272
0.0628398
0.0628398
0.0628398
0.0628398
0.0628398
0.0628397
0.0628397
0.0628397
0.0628398
0.0628397
0.0628398
0.0628397
0.0628397
0.0539271
0.0628397
0.0628397
0.0628397
0.0628525
0.0628397
0.0628397
0.0628397
0.0628397
0.0539271
0.0539271
0.0539271
0.0628397
0.0628397
0.0628397
0.0628397
0.0628397
0.0628525
0.0539271
0.0539271
0.0628397
0.0539271
0.0539271
0.0628525
0.0539271
0.0628397
0.0628397
0.0628397
0.0539271
0.053927
0.0628397
0.0628397
0.053927
0.0628397
0.053927
0.0628396
0.0628397
0.0628397
0.0628396
0.0628396
0.0628396
0.053927
0.0628396
0.0628396
0.0628396
0.053927
0.0559219
0.053927
0.0628396
0.0628396
0.0628396
0.0628396
0.0628396
0.0628396
0.0628396
0.0628396
0.0628396
0.053927
0.0628396
0.053927
0.0628396
0.0628524
0.0628396
0.0628396
0.0628396
0.0628396
0.0628396
0.053927
0.0628396
0.0628396
0.0628396
0.0628396
0.0628396
0.0539269
0.0539269
0.0539269
0.0628396
0.0628396
0.0628396
0.0539269
0.0628396
0.0628396
0.0539269
0.0628396
0.0628396
0.0539269
0.0539269
0.0628524
0.0628396
0.0628524
0.0539269
0.0628524
0.0628395
0.0539269
0.0539269
0.0628658
0.0623015
0.0539268
0.0539268
0.0539269
0.0539268
0.0539268
0.0628395
0.0628395
0.0628395
0.0539268
0.0628524
0.0628524
0.0539268
0.0539268
0.0539268
0.0628395
0.0628395
0.0628395
0.0539268
0.0628395
0.0539268
0.0539268
0.0628395
0.0539268
0.0539268
0.0628395
0.0539268
0.0628395
0.0628395
0.0628395
0.0628395
0.0539268
0.0628395
0.0628395
0.0628395
0.0627961
0.0622194
0.0539267
0.0539267
0.0628394
0.0628394
0.0628393
0.0628394
0.0539267
0.0539267
0.0628521
0.0628522
0.0539267
0.0628393
0.0628393
0.0539267
0.0628393
0.0628393
0.0539267
0.0628393
0.0628393
0.0628393
0.0615456
0.0539266
0.0628393
0.0628393
0.0628393
0.0628393
0.0628393
0.0628393
0.0539266
0.0628393
0.0539266
0.0628393
0.0628393
0.0628393
0.0628393
0.0628393
0.0628393
0.0628392
0.0539266
0.0628521
0.0539266
0.0628393
0.0628521
0.0626872
0.062852
0.0539265
0.0539265
0.0628392
0.0559213
0.0628392
0.062852
0.0539265
0.0628392
0.0628392
0.0628392
0.0539265
0.0628392
0.062852
0.062852
0.0628653
0.0539265
0.0539265
0.0628392
0.0628391
0.0628392
0.0539265
0.0539265
0.0539265
0.0628392
0.0539264
0.0628391
0.0539264
0.0628391
0.0628391
0.0628391
0.0628391
0.0539264
0.0539264
0.0539264
0.0539264
0.0628519
0.0539264
0.0628391
0.0539264
0.0539264
0.0539264
0.0539264
0.0628391
0.0539264
0.0539264
0.0503391
0.0628391
0.0628391
0.0628391
0.0628391
0.0628391
0.0628391
0.0628391
0.0628391
0.0539263
0.0628391
0.0628391
0.0628519
0.0539263
0.0539263
0.0539263
0.0539263
0.0628391
0.0539263
0.0628519
0.0628391
0.0539263
0.0628391
0.0628391
0.0628391
0.0628764
0.0627836
0.0625117
0.0628518
0.0628391
0.053926
0.053926
0.0628391
0.0628391
0.0628391
0.0628391
0.0628391
0.0628391
0.0627711
0.0619958
0.0628517
0.0628615
0.0628389
0.0539259
0.0539259
0.055921
0.0627684
0.0539259
0.0628388
0.0628388
0.0627884
0.0539259
0.0539259
0.0628387
0.0539259
0.0628387
0.0628387
0.0539259
0.0539258
0.0628387
0.0628514
0.0628387
0.0539258
0.0628387
0.0539258
0.0628387
0.0628387
0.0628387
0.0628387
0.0628387
0.0539258
0.0628387
0.0628514
0.0628387
0.0628387
0.0628387
0.0539258
0.0628386
0.0628387
0.0628386
0.0628386
0.0628386
0.0628386
0.0539258
0.0628386
0.0628386
0.0628386
0.0539258
0.0628386
0.0539258
0.0539257
0.0628386
0.0539257
0.0539257
0.0628386
0.0628386
0.0628386
0.0539257
0.0628386
0.0539257
0.0628386
0.0628386
0.0539257
0.0628386
0.0628386
0.0628386
0.0539257
0.0539257
0.0628386
0.0628386
0.0628385
0.0628385
0.0539257
0.0539257
0.0628513
0.0539256
0.0628385
0.0628513
0.0539256
0.0539256
0.0628385
0.0628385
0.0539256
0.0628385
0.0539256
0.0539256
0.0539256
0.0539256
0.0539256
0.0628385
0.0587002
0.0539256
0.0628385
0.0628385
0.0539256
0.0628385
0.0628385
0.0539256
0.0628385
0.0628385
0.0628385
0.0628385
0.0628385
0.0628385
0.0628385
0.0628385
0.0628385
0.0628385
0.0539255
0.0628385
0.0622976
0.0539253
0.0539253
0.0628386
0.0628387
0.0628387
0.0628386
0.0628386
0.0539253
0.0628386
0.0539253
0.0628386
0.0628386
0.0539253
0.0628386
0.0539252
0.0628386
0.0539252
0.0628386
0.0628386
0.0539252
0.0628386
0.0628386
0.0628386
0.0628514
0.0628386
0.0539252
0.0628386
0.0628386
0.0628386
0.0539252
0.0628386
0.0628385
0.0628385
0.0628386
0.0628386
0.0628385
0.0539252
0.0628385
0.0628385
0.0628385
0.0628385
0.0628385
0.0628385
0.0628385
0.0628385
0.0628385
0.0628385
0.0628385
0.0628385
0.0628385
0.0628385
0.0539252
0.0628385
0.0628385
0.0628385
0.0539252
0.0628385
0.0628385
0.0539252
0.0539252
0.0539251
0.0539251
0.0628385
0.0539251
0.0628514
0.0628385
0.0539251
0.0559209
0.0627772
0.0539252
0.0539252
0.0628382
0.0628382
0.0628382
0.0628382
0.0628382
0.0628382
0.0628382
0.0628382
0.0628382
0.0539251
0.062851
0.0539251
0.0628382
0.0539251
0.0628382
0.0628382
0.0628381
0.0628381
0.0628381
0.0539251
0.062851
0.062679
0.0539251
0.0539251
0.0539251
0.0628381
0.0539251
0.0628607
0.0628381
0.0539251
0.0539251
0.0628381
0.0628381
0.0628509
0.0628381
0.0628381
0.0628381
0.0539251
0.0628381
0.0628509
0.0628381
0.0628381
0.062838
0.0503379
0.0628381
0.062838
0.062838
0.062838
0.062838
0.062838
0.062838
0.062838
0.062838
0.062838
0.062838
0.062838
0.062838
0.0618828
0.0627927
0.0622996
0.053925
0.0628379
0.0628379
0.0628379
0.053925
0.0628379
0.053925
0.0580334
0.0628379
0.0591787
0.053925
0.0622002
0.0539249
0.0539249
0.0628767
0.0539249
0.0539249
0.0628378
0.0628378
0.0628377
0.0628378
0.0628377
0.0559196
0.0628378
0.0628377
0.0628377
0.0628377
0.0539249
0.0539248
0.0539248
0.0628377
0.0539248
0.0628377
0.0628188
0.0625409
0.0539244
0.0628377
0.0625345
0.0628503
0.0539244
0.0628376
0.0628376
0.0539244
0.0628376
0.0628376
0.0628601
0.0628376
0.0628376
0.0628376
0.0628376
0.0539244
0.0628376
0.0539244
0.0628376
0.0628376
0.0628376
0.0628375
0.0628375
0.0539243
0.0539243
0.0628376
0.0628376
0.0628375
0.0539243
0.0628375
0.0628375
0.0628375
0.0539243
0.0539243
0.0539243
0.0539243
0.0625452
0.0628751
0.0621997
0.0628502
0.0628374
0.0628374
0.0539243
0.0628374
0.0628374
0.0628374
0.0628374
0.0628374
0.0628374
0.0628374
0.0628374
0.0628374
0.0628374
0.0628374
0.0628374
0.0628374
0.0537894
0.0614
0.0628372
0.0539244
0.0539243
0.0628372
0.0628501
0.0628372
0.0628372
0.0539243
0.0628372
0.0628372
0.0628372
0.0539243
0.0628372
0.0628372
0.0628372
0.0628372
0.0539243
0.0539243
0.0628372
0.0628372
0.0539243
0.0628372
0.0628371
0.0539242
0.0628371
0.0628372
0.0539242
0.0628371
0.0539242
0.0539242
0.0628501
0.0628501
0.0539242
0.0539242
0.0628501
0.0628371
0.0628371
0.0628371
0.0628371
0.0539242
0.0628371
0.0628371
0.0539242
0.0628371
0.0628371
0.0628371
0.0539242
0.0628371
0.0539241
0.0628371
0.0628371
0.0628371
0.0628371
0.0539241
0.0628371
0.0628371
0.0628371
0.0539241
0.0628371
0.0628371
0.0539241
0.0539241
0.06285
0.0628371
0.0539241
0.0628371
0.0539241
0.0628371
0.0628371
0.0628634
0.0628371
0.0619773
0.0628437
0.053924
0.0628369
0.0628369
0.0628369
0.0628497
0.0539239
0.0539239
0.0628369
0.0539239
0.0628369
0.0628369
0.0539239
0.0628369
0.0628369
0.0628369
0.0628369
0.0628369
0.0539239
0.0628497
0.0628369
0.0539239
0.0628369
0.0628368
0.0628369
0.0628368
0.0628368
0.0628368
0.0628368
0.0539238
0.0628368
0.0628368
0.0539238
0.0539238
0.0628368
0.0628368
0.0539238
0.0628368
0.0539238
0.0628368
0.0628496
0.0539238
0.0628368
0.0539238
0.0628368
0.0625009
0.0626576
0.0539237
0.0628367
0.0628367
0.0628367
0.0539237
0.0628367
0.0539237
0.0539237
0.0627857
0.0628
0.0539234
0.0628364
0.0628751
0.0539233
0.0628363
0.0628363
0.0539233
0.0628363
0.0503358
0.0628363
0.0628363
0.0628363
0.0539232
0.0628363
0.0539232
0.0539232
0.0628362
0.0539232
0.0628489
0.0537798
0.0628445
0.0628358
0.0586971
0.0628358
0.0628358
0.0628358
0.0628358
0.0628358
0.0628358
0.0539227
0.0628358
0.0628357
0.0539227
0.0628357
0.0628357
0.0628357
0.0628484
0.0628357
0.0628357
0.0628357
0.0628357
0.0539226
0.0628357
0.0628357
0.0539226
0.0628357
0.0628357
0.0628357
0.0628357
0.0539226
0.0628357
0.0628357
0.0628357
0.0539226
0.0628357
0.0539226
0.0628357
0.0628357
0.0628356
0.0539226
0.0628357
0.0626289
0.0620813
0.0628333
0.0539223
0.0628355
0.0539223
0.0539223
0.0628354
0.0628354
0.0628354
0.0628354
0.0539223
0.0628354
0.0628354
0.0628354
0.0628354
0.0539223
0.0628354
0.0628354
0.0628354
0.0539222
0.0628354
0.0628354
0.0539222
0.0628354
0.0628354
0.0628354
0.0627189
0.0627261
0.0539219
0.0539219
0.0628353
0.0539218
0.0539218
0.0539218
0.0628352
0.0628353
0.0628353
0.0628353
0.0628352
0.0628352
0.0539218
0.0628352
0.0628352
0.0628352
0.0628352
0.0539218
0.0628352
0.0539218
0.0628352
0.0539218
0.0628352
0.0539218
0.0628352
0.0539218
0.0539218
0.0628352
0.0628352
0.0628352
0.0628352
0.0628352
0.0628352
0.0628352
0.0628352
0.0628479
0.0628352
0.0628352
0.0628352
0.0601496
0.0628351
0.0628351
0.0628351
0.0628352
0.0628351
0.0628351
0.0628351
0.0627505
0.0539217
0.0539217
0.0628351
0.0628351
0.0628351
0.0628351
0.0628351
0.0628351
0.0628351
0.062835
0.062835
0.062835
0.0539216
0.062835
0.062835
0.062835
0.062835
0.062835
0.062835
0.062835
0.0539216
0.062835
0.062835
0.0620808
0.0612672
0.0628609
0.062835
0.0539216
0.062835
0.0539216
0.062835
0.062835
0.062835
0.0628728
0.0627215
0.0628673
0.0628349
0.0628349
0.0628349
0.0628349
0.0539216
0.0628349
0.0628349
0.0539215
0.0539215
0.0628349
0.0539215
0.0628349
0.0628349
0.0628349
0.0539215
0.0628349
0.0628349
0.0628348
0.0628348
0.0628349
0.0539215
0.0628349
0.0628349
0.0628348
0.0628348
0.0628348
0.0539215
0.0539215
0.0628348
0.0628348
0.0628348
0.0628348
0.0628348
0.0628348
0.0628348
0.0628348
0.0628348
0.0628348
0.0628348
0.0628348
0.0539214
0.0628348
0.0628348
0.0628348
0.0628348
0.0628348
0.0539214
0.0539214
0.0628348
0.0628348
0.0628348
0.0628348
0.0628348
0.0628348
0.0628348
0.0626722
0.0627781
0.0628473
0.0539211
0.0628347
0.0539211
0.0628347
0.0628347
0.0539211
0.0628473
0.0628347
0.0628347
0.0628346
0.0628346
0.0539211
0.0628346
0.0628346
0.0628346
0.0539211
0.0586957
0.053921
0.0628472
0.0628346
0.0628346
0.0628346
0.0628473
0.0628346
0.053921
0.0626394
0.0628472
0.053921
0.0628345
0.0628346
0.053921
0.0628345
0.053921
0.0628345
0.0628345
0.0628345
0.0628345
0.0628345
0.0628345
0.0628345
0.053921
0.0628345
0.053921
0.0628345
0.0628345
0.053921
0.0628345
0.0628568
0.0628345
0.0628345
0.0628345
0.0628345
0.0628345
0.0628345
0.053921
0.0628345
0.0539209
0.0628345
0.0539209
0.0628345
0.0539209
0.0628345
0.0628345
0.0628345
0.0628344
0.0539209
0.0628345
0.0628345
0.0628344
0.0539209
0.0628344
0.0628344
0.0628344
0.0628344
0.0628344
0.06238
0.0539209
0.0539209
0.0628471
0.0539209
0.0539209
0.0628567
0.0628344
0.0628344
0.0628344
0.0628344
0.0628344
0.0539209
0.0539208
0.0539208
0.0628344
0.0628344
0.0628344
0.0628344
0.0628344
0.0628344
0.0628344
0.0628344
0.0628344
0.0628344
0.0628344
0.0628343
0.0628343
0.0628343
0.0628343
0.0628343
0.0628343
0.0628343
0.0539208
0.0628343
0.0539208
0.0628343
0.0539208
0.0628343
0.0628343
0.0628343
0.0628343
0.0628343
0.0539208
0.0539208
0.0539208
0.0628343
0.0628343
0.0628343
0.0628343
0.0628343
0.0628343
0.0628343
0.0628343
0.0628343
0.0628343
0.0628343
0.0539207
0.0539207
0.0627998
0.0628718
0.0615397
0.0628723
0.0627004
0.0539207
0.0628341
0.0539207
0.0628341
0.0628341
0.0539206
0.0628341
0.062834
0.062834
0.0628341
0.0628725
0.062709
0.0539205
0.062862
0.0628338
0.0628338
0.0628338
0.0628338
0.0628338
0.0628338
0.0539204
0.0628338
0.0539204
0.0628338
0.0628338
0.0628338
0.0628338
0.0628338
0.0628338
0.0628338
0.0628338
0.0628338
0.0628338
0.0628338
0.0539204
0.0539204
0.0626724
0.0628337
0.0628337
0.0628337
0.0628337
0.0628337
0.0628337
0.0628337
0.0628337
0.0628337
0.0628337
0.0628337
0.0628337
0.0628337
0.0628337
0.0628337
0.0628336
0.0628337
0.0628336
0.0628336
0.0628336
0.0628336
0.0628336
0.0539202
0.0539202
0.0628336
0.0628336
0.0628336
0.0539202
0.0628336
0.0628336
0.0628336
0.0628336
0.0628336
0.0628336
0.0628681
0.0628336
0.0628336
0.0539202
0.0628336
0.0628336
0.0626005
0.0627843
0.0627385
0.0539196
0.0628334
0.0628334
0.0628334
0.0628334
0.0539196
0.0628334
0.0628334
0.062846
0.0628334
0.0539196
0.0539196
0.062846
0.0628334
0.0539196
0.0628334
0.0628334
0.0628334
0.0539196
0.0628333
0.0628333
0.0628333
0.0628288
0.0628489
0.062352
0.0628328
0.0628328
0.0628328
0.0628328
0.0628328
0.0539193
0.062717
0.0628709
0.0628609
0.0612635
0.062832
0.0539179
0.062832
0.062832
0.0628444
0.0539179
0.062832
0.0539179
0.062832
0.062832
0.062832
0.062832
0.062832
0.062832
0.062832
0.0539178
0.062832
0.0539178
0.062832
0.0628319
0.0628319
0.0628319
0.0539178
0.0628319
0.0628319
0.0628319
0.0628319
0.0539178
0.0628319
0.0628319
0.0628319
0.0539178
0.0628444
0.0628319
0.0628319
0.0628319
0.0628319
0.0628319
0.0628319
0.0628319
0.0539178
0.0539178
0.0628319
0.0628319
0.0539178
0.0628319
0.0628319
0.0628319
0.0628319
0.0628318
0.0628319
0.0628319
0.0628319
0.0539177
0.0628318
0.0628318
0.0628318
0.0628318
0.0628318
0.062789
0.0628668
0.0628317
0.0628317
0.0628317
0.0628317
0.0539177
0.0628317
0.0628317
0.0539177
0.0628317
0.0539177
0.0628317
0.0628317
0.0628317
0.0539177
0.0539177
0.0539177
0.0628317
0.0628316
0.0539176
0.0628317
0.0628316
0.0628316
0.0539176
0.0539176
0.0628536
0.0628316
0.0628316
0.0539176
0.0628316
0.0628441
0.0628681
0.0628403
0.0628436
0.0539173
0.0591858
0.0628312
0.0628312
0.0628311
0.0628311
0.0539173
0.0628312
0.0628436
0.0628311
0.0628311
0.0628311
0.0628311
0.0628311
0.0628311
0.0539172
0.0628311
0.0628311
0.0628311
0.0628436
0.0539172
0.0628589
0.0539172
0.0628311
0.0625375
0.0628686
0.0539171
0.0628606
0.0559113
0.062831
0.0627658
0.0628353
0.0539165
0.0628304
0.0559106
0.0628687
0.058606
0.0628543
0.0628295
0.0628295
0.0539153
0.0628295
0.0627263
0.062866
0.0628427
0.0628291
0.0628531
0.0539141
0.0628285
0.0628285
0.0539141
0.0628652
0.0628651
0.0586883
0.0627045
0.0628655
0.0628645
0.0628365
0.0628527
0.0539131
0.062828
0.0539131
0.062828
0.062828
0.062828
0.062828
0.062828
0.062828
0.0539131
0.062828
0.062828
0.062828
0.062828
0.06284
0.0539131
0.062828
0.0539131
0.0628279
0.0628279
0.0627337
0.0627959
0.0628125
0.0539127
0.0628276
0.0628276
0.0539127
0.0628276
0.0628276
0.0539127
0.0559071
0.0628276
0.0628275
0.0539127
0.0628276
0.0539127
0.0628275
0.0628275
0.0628396
0.0628275
0.0628275
0.0628275
0.0623714
0.0628636
0.058042
0.0625576
0.0539126
0.0628274
0.0628395
0.0628274
0.0628395
0.0623288
0.0628183
0.0628272
0.0628272
0.0539125
0.0628272
0.0628272
0.0628272
0.0539125
0.0628272
0.0628272
0.0539125
0.0628272
0.0628272
0.0628272
0.062768
0.0628271
0.0539124
0.0539124
0.0539124
0.0628271
0.0539124
0.0628271
0.0628271
0.0628271
0.0539123
0.0628271
0.0628271
0.0628271
0.0628271
0.0539123
0.0539123
0.0627558
0.0571723
0.0612576
0.0559066
0.0628608
0.0586866
0.0628391
0.053912
0.0559066
0.0628271
0.053912
0.053912
0.053912
0.053912
0.0628559
0.0628271
0.0539119
0.0628271
0.0628271
0.0628271
0.0539119
0.062827
0.062827
0.062827
0.062827
0.062827
0.062827
0.062827
0.062827
0.062827
0.062827
0.062827
0.0539119
0.062827
0.062827
0.062827
0.062827
0.062827
0.062827
0.0625585
0.0626815
0.0539119
0.0628268
0.0628268
0.0628268
0.0628268
0.0628268
0.0628268
0.0628268
0.0628268
0.0628268
0.0628268
0.0628268
0.0611695
0.0628268
0.0628268
0.0539118
0.0628268
0.0628268
0.0628268
0.0628268
0.0628268
0.0628268
0.0628267
0.0628268
0.0628268
0.0539118
0.0539118
0.0539118
0.0628267
0.0539118
0.0628267
0.0628267
0.0559062
0.0628267
0.0539118
0.0628267
0.0539118
0.062859
0.0539118
0.062848
0.0628267
0.0539118
0.0628267
0.0628267
0.0628267
0.0628267
0.0628267
0.0628388
0.0628267
0.0628267
0.0628388
0.0628514
0.0628267
0.0628267
0.0628267
0.0628267
0.0628267
0.0628267
0.0628267
0.0628266
0.0539117
0.0628266
0.0628266
0.0539117
0.0628266
0.0628266
0.0628266
0.0628637
0.0539117
0.0628265
0.0626954
0.0539118
0.0628264
0.0628264
0.0539118
0.0539118
0.0628264
0.0628264
0.0539118
0.0628264
0.0628264
0.0628264
0.0628264
0.0628264
0.0628264
0.0539117
0.0628264
0.0539117
0.0628264
0.0628264
0.0628264
0.0628264
0.0626526
0.0539113
0.0628264
0.0628264
0.0628264
0.0628264
0.0628264
0.055906
0.0628477
0.0628264
0.0628264
0.0628264
0.0628264
0.0628263
0.0628263
0.0628263
0.0628263
0.0539113
0.0628263
0.0628263
0.0628263
0.0628263
0.0628263
0.0628263
0.0628263
0.0539112
0.0628263
0.0628263
0.0628263
0.0628263
0.0628263
0.0628263
0.0628385
0.0628385
0.0539112
0.0539112
0.0539112
0.0628263
0.0539112
0.0628263
0.0539112
0.0539112
0.0628263
0.0628263
0.0539112
0.0628263
0.0628384
0.0539112
0.0628263
0.0628263
0.0628263
0.0628263
0.0628385
0.0628263
0.0628263
0.0628262
0.0628262
0.0628262
0.0628262
0.0539111
0.0628262
0.0627235
0.0628383
0.0628261
0.0628261
0.0628261
0.0628261
0.0628261
0.0628261
0.0628261
0.0539111
0.0539111
0.0628622
0.0628615
0.0539111
0.0539111
0.0628382
0.0628261
0.0628261
0.0539111
0.0628261
0.0628261
0.062826
0.0628261
0.0539111
0.062826
0.0539111
0.062826
0.062826
0.062826
0.0539111
0.062826
0.062826
0.0625208
0.0625685
0.0622856
0.0586855
0.062826
0.062826
0.062826
0.062826
0.062826
0.062826
0.062826
0.053911
0.053911
0.053911
0.0628259
0.0628259
0.062826
0.0628259
0.053911
0.0628259
0.062838
0.0628259
0.0628259
0.053911
0.0628259
0.0539109
0.0628259
0.0539109
0.0539109
0.0618685
0.0539109
0.0539109
0.0539109
0.0628259
0.0628259
0.062838
0.0628595
0.0539109
0.0628259
0.0628259
0.0628259
0.0628259
0.0539109
0.0628259
0.0628259
0.0539109
0.0539108
0.0628259
0.0628258
0.0628259
0.062838
0.0628258
0.0628258
0.0628259
0.0628258
0.062838
0.0628258
0.0539108
0.0628259
0.0627794
0.0628259
0.0539105
0.0628259
0.0628259
0.0628259
0.0628259
0.0628259
0.0539105
0.0539105
0.0628259
0.0628259
0.0628259
0.0559054
0.0620699
0.0628258
0.0628258
0.0628258
0.0539105
0.0628258
0.0628258
0.0628258
0.0539105
0.0628258
0.0628258
0.0628258
0.0539105
0.0628379
0.0539105
0.0628258
0.0628258
0.0628258
0.0539105
0.0628471
0.0628258
0.0539104
0.0628258
0.0539104
0.0539104
0.0628258
0.0628258
0.0628258
0.0628258
0.0628257
0.0539104
0.0628258
0.0539104
0.0628257
0.0628257
0.0628257
0.0628257
0.0628379
0.0628257
0.0628257
0.0628257
0.0628257
0.0627774
0.0626172
0.0625713
0.0539104
0.0628255
0.0539104
0.0628255
0.0537306
0.0628424
0.0628252
0.0539102
0.0559042
0.0539102
0.0628252
0.0628252
0.0628252
0.0539102
0.0628252
0.0628252
0.0559042
0.0628252
0.0539101
0.0628251
0.0628251
0.0628372
0.0539101
0.0628252
0.062754
0.0628136
0.0626611
0.062825
0.0628249
0.0628249
0.0539095
0.0628249
0.0628369
0.0628249
0.0608404
0.0628249
0.0539095
0.0539095
0.0628249
0.0539095
0.0628249
0.0628249
0.0628249
0.0628249
0.0628249
0.0628249
0.0628249
0.0628249
0.0628249
0.0628249
0.0539095
0.0628249
0.0539095
0.0628249
0.0539095
0.0628249
0.0628249
0.0539094
0.0539094
0.0628368
0.0539094
0.0628456
0.0628249
0.0628248
0.0628368
0.0628248
0.0628248
0.0628248
0.0628248
0.0539094
0.0628248
0.0628248
0.0628517
0.0628368
0.0628248
0.0628248
0.0628248
0.0628248
0.0628248
0.0628248
0.0628248
0.0628248
0.0539094
0.0628248
0.0628248
0.0628248
0.0628248
0.0628248
0.0628248
0.0628248
0.0628248
0.0628248
0.0628248
0.0628247
0.0628248
0.0628247
0.0628247
0.0628247
0.0628247
0.0628247
0.0539094
0.0628247
0.0628247
0.0628247
0.0628247
0.0628247
0.0628247
0.0539094
0.0628247
0.0628247
0.0539093
0.0539094
0.0539093
0.0628247
0.0539093
0.0628247
0.0628368
0.0539093
0.055904
0.0628367
0.0627232
0.0625192
0.0539093
0.0628246
0.0628246
0.0628366
0.0628246
0.0628246
0.0628457
0.0628246
0.0628246
0.0628246
0.0628246
0.0628246
0.0628246
0.0628246
0.0628246
0.0539093
0.0628246
0.0628246
0.0539093
0.0539093
0.0628246
0.0628245
0.0628245
0.0628245
0.0628245
0.0628245
0.0539093
0.0586838
0.0539092
0.0628245
0.0628245
0.0539092
0.0628245
0.0539092
0.0539092
0.0628245
0.0628245
0.0628245
0.0628245
0.0628245
0.0628245
0.0539092
0.0628245
0.0628245
0.0628245
0.0628245
0.0628245
0.0628245
0.0628245
0.0628245
0.0628245
0.0628245
0.0628245
0.0539092
0.0628245
0.0539092
0.0628245
0.0628245
0.0628245
0.0628245
0.0539092
0.0623973
0.0626856
0.062282
0.0628366
0.062805
0.0608398
0.0619516
0.0628243
0.0539089
0.0628243
0.0628243
0.0628243
0.0628243
0.0628243
0.0628243
0.0628243
0.0628243
0.0628243
0.0539089
0.0628243
0.0628243
0.0539089
0.0628243
0.0626241
0.0626487
0.0628362
0.0539089
0.0628242
0.0628242
0.0628242
0.0628242
0.0628242
0.0539089
0.0628292
0.062824
0.062824
0.062824
0.062824
0.062824
0.0539087
0.0539087
0.062824
0.062824
0.062824
0.0539087
0.062824
0.062824
0.062824
0.0628239
0.0628239
0.0628239
0.0628239
0.0628239
0.0628239
0.0539087
0.0628239
0.0628239
0.0628239
0.0539087
0.0628239
0.0628239
0.0628239
0.0628507
0.0628239
0.0539086
0.0628239
0.0628239
0.0628239
0.0539087
0.0628239
0.0628239
0.0628359
0.0539086
0.0628239
0.0628449
0.0628239
0.0628239
0.0628238
0.0628239
0.0539086
0.0628507
0.0628238
0.0628238
0.0628238
0.0628238
0.0539086
0.0628238
0.0628238
0.0628238
0.0628238
0.0628238
0.0539086
0.0628238
0.0628238
0.0539086
0.0628238
0.0628238
0.0539085
0.0628238
0.0539085
0.0539085
0.0628238
0.0628238
0.0628238
0.0627531
0.0539085
0.0628237
0.0539085
0.0628237
0.0628237
0.0539085
0.0539084
0.0628237
0.0628237
0.0628237
0.0628237
0.0628237
0.0628237
0.0539084
0.0628237
0.0628237
0.0628237
0.0628237
0.0628237
0.0628237
0.0628236
0.0628236
0.0539084
0.0628237
0.0628236
0.0628357
0.0539084
0.0628236
0.0628236
0.0628236
0.0628236
0.0628236
0.0628236
0.0628236
0.0539084
0.0628236
0.0539083
0.0628236
0.0539083
0.0628236
0.0628504
0.0628236
0.0628236
0.0628236
0.0628481
0.0539083
0.0539083
0.0628356
0.0628236
0.0628236
0.0628236
0.0628236
0.0628236
0.0628236
0.0628236
0.0628236
0.0628236
0.0628236
0.0628236
0.0628236
0.0628236
0.0628236
0.0628236
0.0628236
0.0628236
0.0628236
0.0628235
0.0628235
0.0601359
0.0539083
0.0628356
0.0628235
0.0539083
0.0628235
0.0539082
0.0628235
0.0628235
0.0628235
0.0628235
0.0628235
0.0628235
0.0628235
0.0628235
0.0539082
0.0539082
0.0628235
0.0628235
0.0628235
0.0628235
0.0628235
0.0628235
0.0628235
0.0539082
0.0628235
0.0628235
0.0628235
0.0628235
0.0628235
0.0628235
0.0628235
0.0628235
0.0628235
0.0628235
0.0628235
0.0628235
0.0628235
0.0539082
0.0628235
0.0628235
0.0628235
0.0628235
0.0628234
0.0628235
0.0628235
0.0628235
0.0628235
0.0628235
0.0627952
0.0628233
0.0628233
0.0628233
0.0628354
0.0628233
0.0628233
0.0628353
0.0586825
0.0628438
0.062823
0.062823
0.062823
0.0628229
0.0539077
0.0628229
0.0628229
0.0539077
0.0626924
0.0539076
0.0539076
0.0628229
0.0628228
0.0628228
0.0628228
0.0628229
0.0628228
0.0539075
0.0628228
0.0628228
0.0628228
0.0628348
0.0628351
0.053907
0.0625879
0.0628226
0.0539069
0.0628226
0.0628226
0.0628226
0.0539069
0.0628226
0.0628226
0.0628345
0.0628226
0.0628226
0.0628226
0.0627297
0.0622816
0.0628344
0.0628344
0.0539069
0.0628225
0.0628225
0.0628225
0.0628225
0.0628225
0.0628224
0.0628225
0.0628224
0.0627885
0.0627351
0.0539068
0.0539068
0.0539068
0.0628223
0.0628223
0.0628223
0.0628223
0.0628223
0.0628223
0.0628223
0.0628223
0.0628222
0.0628223
0.0559008
0.0539067
0.0539067
0.0539067
0.0628222
0.0628222
0.0628222
0.0628465
0.0628222
0.0628222
0.0628222
0.0628431
0.0628222
0.0628222
0.0628222
0.0539067
0.0628222
0.0628222
0.0628222
0.0628222
0.0628222
0.0539067
0.0628222
0.0628222
0.0539067
0.0628222
0.0628222
0.0628222
0.0628222
0.0628222
0.0628222
0.0539067
0.0628341
0.0539066
0.0628222
0.0628341
0.0628222
0.0539066
0.0628222
0.0627853
0.0627309
0.0539065
0.0539065
0.0539065
0.0539065
0.062822
0.0628219
0.062822
0.0628219
0.062822
0.0628219
0.0628219
0.0628219
0.0628339
0.0539064
0.0628219
0.062748
0.0627034
0.0628351
0.0626221
0.0539058
0.0628217
0.0628217
0.0539057
0.0539057
0.0628217
0.0628217
0.0628216
0.0628216
0.0628216
0.0628216
0.0628216
0.0628216
0.0628216
0.0628334
0.0628216
0.0628216
0.0628216
0.0628216
0.0628216
0.0628216
0.0628216
0.0628216
0.0628216
0.0539057
0.0628216
0.0628216
0.0539057
0.0628216
0.0539057
0.0539057
0.0539057
0.0628216
0.0539057
0.0628216
0.0628215
0.0628216
0.0628216
0.0539056
0.0628215
0.0628215
0.0539056
0.0539056
0.0628334
0.0628215
0.0539056
0.0628215
0.0539056
0.0628215
0.0628334
0.0628215
0.0539056
0.0628215
0.0628215
0.0539056
0.0586802
0.0628549
0.0628573
0.0539056
0.0628214
0.0539056
0.0558998
0.0628214
0.0628214
0.0628214
0.0628214
0.0628214
0.0539056
0.0628214
0.0628214
0.0628214
0.0628214
0.0539056
0.0628214
0.0628214
0.0628213
0.0628214
0.0628214
0.0628213
0.0626751
0.0628213
0.0539055
0.0628213
0.0628213
0.0628331
0.0628213
0.0539055
0.0539055
0.062857
0.0628212
0.0628212
0.0628212
0.0628212
0.0628212
0.0626193
0.062742
0.0539054
0.062821
0.0586797
0.062821
0.062821
0.062821
0.0539053
0.062821
0.0539053
0.062821
0.062821
0.062821
0.062821
0.0539053
0.062821
0.0627837
0.0627873
0.0627741
0.0628211
0.0628328
0.0539054
0.0539054
0.0539054
0.0539054
0.062821
0.0628415
0.0539054
0.0628327
0.062821
0.062821
0.062821
0.0628415
0.0627986
0.0624558
0.053905
0.0628206
0.053905
0.0628206
0.0628206
0.0628206
0.0539049
0.0628206
0.0628206
0.0628206
0.0628206
0.0628206
0.0628206
0.0628206
0.0539049
0.0628206
0.0628206
0.0628206
0.0628206
0.0628206
0.0539049
0.0539049
0.0628205
0.0539049
0.0539048
0.0628205
0.0628205
0.0628205
