0.99994
0.999933
0.997326
0.995968
0.999843
0.999872
0.99729
0.99948
0.99989
0.997758
0.998755
0.999595
0.999271
0.998296
0.995192
0.999514
0.999902
0.998676
0.999929
0.999861
0.998175
0.995
0.98913
0.999204
0.99981
0.992481
0.99
0.99705
0.969697
0.973684
0.947368
0.984848
0.987952
0.998919
0.988889
0.999474
0.999874
0.999854
0.989691
0.984848
0.999221
0.999386
0.995556
0.999078
0.994186
0.996094
0.985915
0.978723
0.994382
0.991525
0.997253
0.993548
0.966667
0.996212
0.996241
0.999078
0.998865
0.992308
0.999439
0.995595
0.992366
0.977273
0.981132
0.997159
0.99654
0.999533
0.99375
0.999725
0.995781
0.999121
0.999034
0.998947
0.999102
0.985075
0.994253
0.997778
0.999298
0.999334
0.990099
0.986667
0.983051
0.993056
0.995868
0.996047
0.997881
0.993378
0.978723
0.984848
0.999754
0.979592
0.988764
0.983607
0.973684
0.976744
0.987952
0.983051
0.985075
0.982143
0.980769
0.964286
0.989796
0.978261
0.982759
0.990654
0.978261
0.996933
0.995833
0.999122
0.99115
0.997783
0.994565
0.989691
0.981132
0.990741
0.994413
0.997442
0.995745
0.981818
0.988506
0.997976
0.999442
0.994819
0.984375
0.982456
0.99115
0.986111
0.995968
0.996689
0.985075
0.996805
0.99943
0.996255
0.990654
0.991803
0.995556
0.995392
0.995025
0.985075
0.992908
0.991453
0.980392
0.992126
0.988235
0.978723
0.972973
0.956522
0.979592
0.980392
0.988636
0.970588
0.988764
0.998944
0.99422
0.970588
0.997642
0.999385
0.995098
0.998744
0.989899
0.999733
0.995652
0.965517
0.97561
0.977273
0.977273
0.986301
0.978723
0.962963
0.972973
0.992
0.970588
0.995798
0.97619
0.984615
0.994709
0.987342
0.998141
0.993007
0.99917
0.990476
0.991525
0.981132
0.964286
0.998761
0.994924
0.997059
0.999679
0.971429
0.994924
0.975
0.981481
0.978723
0.984615
0.997268
0.98
0.973684
0.99918
0.989583
0.975
0.987342
0.992958
0.984375
0.998578
0.998765
0.988372
0.97619
0.995851
0.99763
0.995868
0.992063
0.969697
0.999534
0.996552
0.990909
0.979592
0.965517
0.982456
0.993151
0.999699
0.961538
0.988764
0.969697
0.987342
0.994737
0.995215
0.999416
0.987805
0.969697
0.999523
0.990291
0.999721
0.995349
0.983607
0.952381
0.972222
0.978723
0.979592
0.965517
0.980392
0.972973
0.965517
0.952381
0.980392
0.999526
0.988764
0.979167
0.977778
0.996516
0.993506
0.999687
0.980769
0.983607
0.999803
0.988506
0.990566
0.987952
0.976744
0.98913
0.972222
0.977273
0.982456
0.992806
0.992308
0.997881
0.974359
0.98
0.984127
0.97619
0.979592
0.993548
0.987342
0.999248
0.998322
0.999639
0.987342
0.977273
0.994975
0.999235
0.994975
0.952381
0.992908
0.974359
0.9875
0.990385
0.979167
0.983607
0.97619
0.977778
0.993007
0.984375
0.979592
0.984375
0.981132
0.984375
0.994595
0.996711
0.974359
0.956522
0.962963
0.990476
0.992806
0.992
0.988764
0.972973
0.986667
0.986486
0.985714
0.961538
0.978261
0.97561
0.982759
0.981481
0.983607
0.970588
0.986667
0.986667
0.992481
0.985507
0.96
0.985714
0.987179
0.999564
0.982759
0.969697
0.986301
0.96
0.980769
0.987805
0.992248
0.980769
0.995261
0.990566
0.988235
0.994505
0.992908
0.987952
0.979592
0.961538
0.975
0.979592
0.982456
0.989796
0.971429
0.979167
0.998603
0.998798
0.9875
0.976744
0.976744
0.96875
0.985915
0.972973
0.974359
0.990476
0.995
0.988636
0.989899
0.965517
0.985507
0.983871
0.994624
0.96
0.987179
0.984375
0.998728
0.995049
0.999358
0.997963
0.993378
0.99115
0.999422
0.997895
0.991803
0.969697
0.987013
0.977778
0.989796
0.967742
0.991803
0.985915
0.96
0.988506
0.971429
0.983607
0.990654
0.977778
0.984127
0.992126
0.988889
0.971429
0.985915
0.956522
0.982759
0.981818
0.982759
0.984615
0.992537
0.992366
0.999465
0.997738
0.996914
0.996063
0.990909
0.986667
0.988889
0.971429
0.947368
0.958333
0.969697
0.977778
0.983871
0.986667
0.965517
0.994083
0.956522
0.991667
0.989899
0.96
0.984127
0.96
0.979592
0.96
0.987013
0.989362
0.987952
0.988506
0.987654
0.991667
0.998182
0.997908
0.981132
0.991736
0.99115
0.986842
0.985294
0.973684
0.998668
0.994152
0.99953
0.97561
0.972973
0.962963
0.962963
0.994118
0.985714
0.974359
0.978723
0.981481
0.971429
0.998051
0.993976
0.956522
0.954545
0.947368
0.977273
0.96
0.981818
0.956522
0.971429
0.986111
0.947368
0.947368
0.96
0.956522
0.981818
0.956522
0.96
0.958333
0.96
0.971429
0.952381
0.987179
0.962963
0.952381
0.947368
0.947368
0.947368
0.947368
0.947368
0.947368
0.956522
0.972973
0.947368
0.952381
0.962963
0.972973
0.952381
0.952381
0.95
0.947368
0.96
0.947368
0.952381
0.947368
0.952381
0.952381
0.947368
0.956522
0.952381
0.956522
0.995516
0.986301
0.990099
0.947368
0.965517
0.95
0.995575
0.992424
0.952381
0.966667
0.952381
0.956522
0.95
0.958333
0.978723
0.947368
0.947368
0.998264
0.999439
0.981481
0.962963
0.990566
0.990566
0.958333
0.974359
0.947368
0.996337
0.993865
0.947368
0.952381
0.947368
0.952381
0.956522
0.956522
0.956522
0.956522
0.95
0.947368
0.964286
0.988235
0.96
0.965517
0.979592
0.947368
0.947368
0.956522
0.952381
0.956522
0.952381
0.947368
0.956522
0.947368
0.958333
0.956522
0.997917
0.998909
0.95
0.956522
0.952381
0.947368
0.95
0.947368
0.95
0.954545
0.979167
0.952381
0.952381
0.965517
0.947368
0.967742
0.98
0.995935
0.947368
0.974359
0.947368
0.947368
0.952381
0.952381
0.947368
0.95
0.962963
0.952381
0.947368
0.947368
0.952381
0.997831
0.999314
0.999397
0.952381
0.947368
0.956522
0.967742
0.996169
0.954545
0.992
0.99115
0.991379
0.983051
0.947368
0.952381
0.947368
0.947368
0.947368
0.956522
0.952381
0.947368
0.947368
0.947368
0.952381
0.999316
0.947368
0.954545
0.95
0.947368
0.947368
0.947368
0.947368
0.956522
0.958333
0.952381
0.952381
0.971429
0.952381
0.947368
0.965517
0.947368
0.96
0.998536
0.998205
0.95
0.952381
0.952381
0.952381
0.964286
0.947368
0.956522
0.996667
0.993464
0.974359
0.96875
0.947368
0.956522
0.958333
0.998279
0.994737
0.956522
0.952381
0.954545
0.96
0.947368
0.952381
0.956522
0.952381
0.952381
0.952381
0.956522
0.96
0.971429
0.954545
0.970588
0.952381
0.952381
0.947368
0.999843
0.947368
0.961538
0.96
0.947368
0.962963
0.96
0.96
0.952381
0.952381
0.96
0.997403
0.998724
0.952381
0.952381
0.954545
0.952381
0.954545
0.952381
0.972973
0.96
0.952381
0.947368
0.956522
0.954545
0.947368
0.952381
0.956522
0.952381
0.952381
0.952381
0.956522
0.988235
0.952381
0.956522
0.964286
0.947368
0.966667
0.947368
0.95
0.96
0.952381
0.958333
0.952381
0.947368
0.972222
0.956522
0.958333
0.947368
0.96
0.954545
0.952381
0.958333
0.947368
0.947368
0.956522
0.952381
0.95
0.996656
0.995349
0.947368
0.952381
0.952381
0.956522
0.947368
0.947368
0.947368
0.952381
0.954545
0.96
0.947368
0.952381
0.952381
0.965517
0.952381
0.956522
0.972973
0.947368
0.972973
0.965517
0.972222
0.947368
0.947368
0.998095
0.995763
0.986667
0.981818
0.947368
0.95
0.95
0.956522
0.962963
0.952381
0.947368
0.952381
0.95
0.958333
0.958333
0.952381
0.956522
0.996139
0.993289
0.952381
0.96
0.952381
0.952381
0.983871
0.956522
0.962963
0.952381
0.952381
0.961538
0.962963
0.95
0.952381
0.952381
0.952381
0.956522
0.965517
0.981132
0.96
0.95
0.947368
0.947368
0.956522
0.956522
0.954545
0.956522
0.952381
0.952381
0.947368
0.952381
0.96
0.947368
0.956522
0.96
0.954545
0.956522
0.996774
0.991935
0.99881
0.997429
0.956522
0.965517
0.956522
0.952381
0.96
0.967742
0.967742
0.96
0.956522
0.954545
0.95
0.996564
0.991379
0.96
0.956522
0.954545
0.96
0.956522
0.970588
0.967742
0.947368
0.96
0.998901
0.998994
0.995726
0.961538
0.947368
0.952381
0.947368
0.998141
0.995122
0.991736
0.947368
0.956522
0.947368
0.954545
0.952381
0.977273
0.967742
0.954545
0.96
0.96
0.958333
0.962963
0.986842
0.981481
0.952381
0.947368
0.947368
0.952381
0.954545
0.99899
0.998305
0.947368
0.952381
0.947368
0.965517
0.96
0.967742
0.965517
0.947368
0.956522
0.956522
0.952381
0.952381
0.996491
0.995349
0.952381
0.96
0.956522
0.947368
0.952381
0.947368
0.96
0.947368
0.981481
0.969697
0.956522
0.947368
0.952381
0.96
0.952381
0.96
0.947368
0.956522
0.947368
0.956522
0.952381
0.958333
0.966667
0.954545
0.997976
0.998638
0.956522
0.952381
0.961538
0.974359
0.998261
0.995851
0.97561
0.956522
0.962963
0.99926
0.952381
0.954545
0.954545
0.952381
0.952381
0.952381
0.956522
0.996283
0.993631
0.947368
0.996109
0.99375
0.956522
0.954545
0.970588
0.947368
0.947368
0.952381
0.947368
0.954545
0.954545
0.947368
0.956522
0.956522
0.962963
0.996364
0.993827
0.956522
0.980392
0.947368
0.962963
0.952381
0.947368
0.952381
0.947368
0.962963
0.952381
0.96
0.954545
0.96
0.947368
0.947368
0.952381
0.952381
0.96
0.952381
0.961538
0.974359
0.96
0.947368
0.947368
0.956522
0.952381
0.947368
0.947368
0.96
0.98
0.958333
0.956522
0.954545
0.956522
0.947368
0.947368
0.947368
0.96
0.956522
0.952381
0.956522
0.952381
0.96
0.96
0.962963
0.964286
0.961538
0.956522
0.952381
0.952381
0.995392
0.995984
0.956522
0.956522
0.952381
0.956522
0.947368
0.967742
0.96875
0.993671
0.95
0.952381
0.961538
0.95
0.961538
0.958333
0.956522
0.964286
0.947368
0.952381
0.954545
0.947368
0.947368
0.956522
0.947368
0.962963
0.956522
0.952381
0.962963
0.95
0.965517
0.956522
0.995575
0.977778
0.947368
0.952381
0.947368
0.956522
0.952381
0.956522
0.97619
0.988095
0.96
0.96
0.96
0.956522
0.956522
0.952381
0.956522
0.952381
0.996441
0.966667
0.952381
0.956522
0.962963
0.954545
0.954545
0.952381
0.95
0.964286
0.947368
0.947368
0.95
0.96
0.952381
0.965517
0.956522
0.962963
0.952381
0.997297
0.999461
0.996785
0.947368
0.952381
0.947368
0.954545
0.954545
0.956522
0.947368
0.956522
0.973684
0.958333
0.981132
0.954545
0.952381
0.947368
0.952381
0.96
0.956522
0.947368
0.965517
0.998547
0.996377
0.969697
0.990566
0.965517
0.99929
0.99631
0.972973
0.996528
0.952381
0.952381
0.952381
0.997658
0.996183
0.947368
0.965517
0.952381
0.956522
0.96
0.956522
0.95
0.96
0.96
0.962963
0.952381
0.956522
0.956522
0.952381
0.962963
0.952381
0.995495
0.994505
0.998198
0.95
0.952381
0.954545
0.952381
0.952381
0.947368
0.956522
0.979167
0.947368
0.952381
0.956522
0.947368
0.956522
0.956522
0.952381
0.956522
0.961538
0.956522
0.954545
0.96
0.981132
0.965517
0.947368
0.947368
0.952381
0.987179
0.996997
0.996226
0.952381
0.947368
0.96
0.964286
0.95
0.961538
0.947368
0.952381
0.956522
0.947368
0.956522
0.956522
0.966667
0.993711
0.989583
0.947368
0.952381
0.952381
0.956522
0.999577
0.956522
0.956522
0.997561
0.952381
0.997101
0.995951
0.947368
0.95
0.952381
0.952381
0.947368
0.947368
0.956522
0.996528
0.999277
0.993243
0.947368
0.947368
0.958333
0.952381
0.947368
0.956522
0.981481
0.954545
0.991304
0.95
0.952381
0.947368
0.956522
0.96
0.952381
0.96
0.965517
0.947368
0.952381
0.95
0.947368
0.947368
0.962963
0.952381
0.961538
0.96
0.956522
0.985294
0.994845
0.993548
0.993103
0.985294
0.947368
0.958333
0.996124
0.987013
0.952381
0.956522
0.952381
0.956522
0.952381
0.96
0.947368
0.990196
0.956522
0.956522
0.997512
0.998894
0.999719
0.995305
0.999069
0.994444
0.956522
0.958333
0.965517
0.956522
0.952381
0.952381
0.966667
0.954545
0.947368
0.956522
0.956522
0.991453
0.995816
0.971429
0.96
0.995495
0.995349
0.999451
0.996711
0.961538
0.956522
0.952381
0.956522
0.96
0.956522
0.952381
0.96
0.952381
0.9875
0.947368
0.956522
0.965517
0.987805
0.954545
0.952381
0.947368
0.952381
0.954545
0.962963
0.947368
0.995192
0.993197
0.985075
0.998325
0.994652
0.96875
0.979167
0.998342
0.956522
0.969697
0.952381
0.956522
0.952381
0.962963
0.952381
0.952381
0.96
0.956522
0.956522
0.958333
0.99375
0.999224
0.993827
0.947368
0.956522
0.947368
0.947368
0.96
0.952381
0.962963
0.952381
0.961538
0.952381
0.947368
0.96
0.947368
0.956522
0.952381
0.952381
0.947368
0.958333
0.954545
0.96
0.95
0.947368
0.947368
0.95
0.958333
0.96
0.956522
0.96
0.956522
0.954545
0.947368
0.947368
0.947368
0.952381
0.952381
0.956522
0.994505
0.979592
0.997475
0.956522
0.947368
0.947368
0.947368
0.952381
0.952381
0.952381
0.956522
0.956522
0.965517
0.956522
0.952381
0.967742
0.952381
0.956522
0.96
0.95
0.96
0.956522
0.956522
0.997783
0.991379
0.952381
0.96
0.947368
0.962963
0.962963
0.952381
0.96
0.956522
0.947368
0.952381
0.947368
0.952381
0.952381
0.952381
0.961538
0.971429
0.964286
0.964286
0.96
0.952381
0.956522
0.954545
0.947368
0.95
0.978723
0.967742
0.952381
0.956522
0.956522
0.956522
0.958333
0.977273
0.982143
0.947368
0.947368
0.952381
0.952381
0.972222
0.956522
0.956522
0.947368
0.952381
0.952381
0.952381
0.956522
0.986667
0.990566
0.965517
0.989362
0.956522
0.96
0.956522
0.972973
0.971429
0.992063
0.98
0.947368
0.986667
0.969697
0.952381
0.947368
0.952381
0.952381
0.947368
0.952381
0.995455
0.992188
0.997135
0.947368
0.956522
0.952381
0.958333
0.952381
0.956522
0.956522
0.973684
0.972222
0.994872
0.985507
0.985294
0.990291
0.991803
0.956522
0.96
0.952381
0.952381
0.962963
0.952381
0.984127
0.977273
0.964286
0.956522
0.956522
0.983333
0.956522
0.967742
0.947368
0.956522
0.996894
0.999768
0.984375
0.95
0.96
0.952381
0.952381
0.956522
0.947368
0.962963
0.952381
0.952381
0.952381
0.998483
0.993378
0.947368
0.962963
0.958333
0.967742
0.952381
0.996815
0.994253
0.970588
0.956522
0.952381
0.962963
0.947368
0.999302
0.999181
0.969697
0.964286
0.947368
0.962963
0.977273
0.975
0.947368
0.971429
0.956522
0.962963
0.947368
0.947368
0.962963
0.952381
0.956522
0.952381
0.952381
0.947368
0.956522
0.952381
0.952381
0.96
0.952381
0.956522
0.997449
0.999529
0.952381
0.947368
0.947368
0.962963
0.952381
0.947368
0.952381
0.947368
0.995763
0.999645
0.999521
0.998592
0.996721
0.985507
0.952381
0.952381
0.952381
0.956522
0.952381
0.952381
0.952381
0.956522
0.962963
0.956522
0.96
0.96
0.952381
0.952381
0.962963
0.99759
0.99
0.952381
0.947368
0.956522
0.952381
0.961538
0.952381
0.956522
0.952381
0.947368
0.956522
0.98
0.996454
0.952381
0.947368
0.947368
0.962963
0.96
0.96
0.952381
0.956522
0.952381
0.96
0.947368
0.952381
0.947368
0.947368
0.954545
0.956522
0.956522
0.971429
0.992366
0.985507
0.983333
0.956522
0.962963
0.947368
0.952381
0.947368
0.95
0.956522
0.962963
0.995968
0.983871
0.947368
0.947368
0.956522
0.956522
0.947368
0.956522
0.958333
0.947368
0.956522
0.96
0.947368
0.947368
0.947368
0.965517
0.952381
0.96
0.952381
0.962963
0.97619
0.966667
0.995745
0.977778
0.947368
0.947368
0.96
0.96
0.947368
0.956522
0.956522
0.997783
0.978261
0.978723
0.973684
0.964286
0.970588
0.975
0.971429
0.982759
0.981481
0.956522
0.952381
0.958333
0.977273
0.978723
0.980392
0.975
0.966667
0.965517
0.981132
0.995726
0.947368
0.952381
0.96
0.998996
0.986842
0.947368
0.952381
0.947368
0.96
0.947368
0.952381
0.999169
0.956522
0.958333
0.952381
0.947368
0.95
0.997183
0.995413
0.952381
0.956522
0.947368
0.952381
0.952381
0.952381
0.962963
0.964286
0.958333
0.947368
0.954545
0.947368
0.947368
0.972222
0.977273
0.96
0.947368
0.952381
0.996139
0.988636
0.956522
0.965517
0.947368
0.947368
0.95
0.954545
0.956522
0.96
0.952381
0.994624
0.988372
0.97561
0.962963
0.985714
0.947368
0.947368
0.970588
0.98913
0.954545
0.989247
0.952381
0.956522
0.947368
0.954545
0.956522
0.958333
0.980392
0.996845
0.952381
0.947368
0.947368
0.947368
0.952381
0.947368
0.952381
0.964286
0.952381
0.947368
0.952381
0.952381
0.952381
0.995726
0.991667
0.998677
0.993056
0.947368
0.947368
0.947368
0.976744
0.999483
0.965517
0.96
0.952381
0.947368
0.952381
0.954545
0.96
0.997904
0.998276
0.998325
0.956522
0.969697
0.999506
0.947368
0.952381
0.956522
0.952381
0.947368
0.952381
0.96
0.956522
0.956522
0.952381
0.95
0.952381
0.956522
0.952381
0.952381
0.95
0.947368
0.952381
0.952381
0.956522
0.996979
0.947368
0.954545
0.962963
0.947368
0.947368
0.952381
0.947368
0.95
0.961538
0.95
0.947368
0.947368
0.952381
0.952381
0.952381
0.962963
0.952381
0.952381
0.947368
0.993548
0.998051
0.99639
0.947368
0.947368
0.96
0.947368
0.947368
0.96
0.95
0.952381
0.96
0.952381
0.956522
0.947368
0.952381
0.947368
0.952381
0.954545
0.962963
0.996063
0.988636
0.952381
0.952381
0.961538
0.996198
0.992857
0.96
0.947368
0.947368
0.956522
0.956522
0.952381
0.997706
0.994186
0.958333
0.962963
0.962963
0.96
0.998992
0.95
0.96
0.969697
0.962963
0.96
0.952381
0.999493
0.996416
0.97561
0.983333
0.947368
0.947368
0.95
0.952381
0.967742
0.956522
0.947368
0.956522
0.952381
0.987654
0.962963
0.961538
0.980769
0.971429
0.969697
0.997059
0.952381
0.952381
0.999501
0.998634
0.997442
0.992701
0.947368
0.952381
0.95
0.997691
0.995536
0.961538
0.947368
0.952381
0.952381
0.962963
0.952381
0.952381
0.952381
0.952381
0.962963
0.952381
0.956522
0.952381
0.952381
0.954545
0.967742
0.96
0.962963
0.986301
0.947368
0.95
0.977778
0.96
0.952381
0.952381
0.965517
0.958333
0.962963
0.947368
0.962963
0.952381
0.962963
0.961538
0.947368
0.995671
0.984848
0.952381
0.983051
0.982456
0.952381
0.947368
0.952381
0.952381
0.947368
0.952381
0.947368
0.947368
0.956522
0.998523
0.996063
0.954545
0.972973
0.96
0.952381
0.956522
0.96
0.967742
0.967742
0.947368
0.956522
0.952381
0.958333
0.947368
0.956522
0.964286
0.952381
0.956522
0.969697
0.967742
0.952381
0.956522
0.992593
0.998752
0.947368
0.956522
0.947368
0.96
0.947368
0.954545
0.952381
0.947368
0.956522
0.954545
0.952381
0.947368
0.999169
0.952381
0.966667
0.947368
0.96
0.96
0.952381
0.96
0.947368
0.956522
0.956522
0.952381
0.998282
0.999648
0.996032
0.96
0.952381
0.947368
0.947368
0.947368
0.956522
0.956522
0.96
0.952381
0.95
0.947368
0.954545
0.956522
0.998561
0.988372
0.964286
0.947368
0.952381
0.95
0.956522
0.96
0.967742
0.961538
0.947368
0.995305
0.992063
0.952381
0.947368
0.956522
0.95
0.952381
0.947368
0.962963
0.947368
0.947368
0.956522
0.956522
0.952381
0.956522
0.962963
0.956522
0.956522
0.956522
0.96
0.956522
0.947368
0.96
0.962963
0.961538
0.947368
0.952381
0.961538
0.956522
0.956522
0.967742
0.947368
0.989362
0.984615
0.958333
0.956522
0.952381
0.947368
0.961538
0.992908
0.997732
0.984375
0.997625
0.982456
0.992188
0.973684
0.999268
0.952381
0.947368
0.95
0.952381
0.952381
0.947368
0.954545
0.995516
0.989362
0.994382
0.947368
0.947368
0.947368
0.947368
0.952381
0.95
0.95
0.952381
0.952381
0.976744
0.954545
0.947368
0.96
0.952381
0.952381
0.947368
0.947368
0.952381
0.952381
0.947368
0.947368
0.958333
0.96
0.982456
0.962963
0.956522
0.952381
0.956522
0.947368
0.996875
0.998753
0.997658
0.947368
0.96
0.962963
0.947368
0.966667
0.947368
0.947368
0.947368
0.947368
0.956522
0.947368
0.95
0.947368
0.947368
0.947368
0.96
0.96
0.96
0.947368
0.947368
0.947368
0.954545
0.954545
0.96
0.96
0.947368
0.952381
0.952381
0.956522
0.95
0.956522
0.947368
0.952381
0.952381
0.947368
0.952381
0.947368
0.967742
0.962963
0.96
0.947368
0.986667
0.952381
0.956522
0.947368
0.952381
0.947368
0.947368
0.96
0.962963
0.952381
0.958333
0.956522
0.947368
0.947368
0.96
0.985714
0.993671
0.952381
0.952381
0.962963
0.956522
0.969697
0.956522
0.947368
0.95
0.992647
0.987179
0.952381
0.947368
0.952381
0.961538
0.956522
0.956522
0.96
0.947368
0.985294
0.992248
0.962963
0.95
0.947368
0.956522
0.987654
0.947368
0.958333
0.952381
0.965517
0.947368
0.95
0.96
0.947368
0.952381
0.974359
0.96
0.947368
0.95
0.996564
0.974359
0.96
0.947368
0.947368
0.954545
0.956522
0.956522
0.952381
0.95
0.96
0.952381
0.95
0.961538
0.96
0.964286
0.95
0.96
0.985714
0.947368
0.947368
0.952381
0.967742
0.977778
0.947368
0.947368
0.956522
0.95
0.952381
0.952381
0.971429
0.947368
0.952381
0.956522
0.952381
0.965517
0.96
0.947368
0.956522
0.977778
0.952381
0.962963
0.958333
0.956522
0.947368
0.952381
0.962963
0.954545
0.961538
0.95
0.956522
0.978261
0.947368
0.961538
0.962963
0.964286
0.947368
0.954545
0.947368
0.96
0.994898
0.981481
0.956522
0.962963
0.952381
0.996732
0.947368
0.956522
0.995098
0.986111
0.969697
0.993289
0.981481
0.952381
0.96
0.952381
0.965517
0.947368
0.956522
0.978723
0.969697
0.952381
0.983333
0.969697
0.96
0.995392
0.989899
0.952381
0.973684
0.984848
0.995098
0.988372
0.952381
0.990826
0.986301
0.96
0.952381
0.95
0.956522
0.947368
0.96
0.995633
0.987179
0.952381
0.947368
0.947368
0.952381
0.96
0.986111
0.988636
0.947368
0.965517
0.952381
0.956522
0.954545
0.947368
0.967742
0.967742
0.947368
0.972973
0.952381
0.999306
0.956522
0.956522
0.991525
0.956522
0.999407
0.947368
0.947368
0.956522
0.962963
0.95
0.996183
0.994624
0.998783
0.999199
0.980392
0.985507
0.947368
0.956522
0.96
0.96
0.952381
0.956522
0.947368
0.961538
0.952381
0.947368
0.952381
0.96
0.947368
0.947368
0.990196
0.976744
0.947368
0.947368
0.96
0.956522
0.96
0.947368
0.96
0.956522
0.954545
0.958333
0.984375
0.993711
0.958333
0.947368
0.952381
0.956522
0.993548
0.984615
0.952381
0.952381
0.96
0.971429
0.958333
0.952381
0.947368
0.994382
0.985507
0.952381
0.976744
0.952381
0.980392
0.983607
0.95
0.979592
0.980769
0.952381
0.947368
0.952381
0.952381
0.952381
0.947368
0.956522
0.95
0.947368
0.962963
0.947368
0.956522
0.972973
0.947368
0.947368
0.956522
0.956522
0.952381
0.952381
0.947368
0.947368
0.952381
0.96
0.956522
0.952381
0.952381
0.96
0.952381
0.971429
0.952381
0.952381
0.994737
0.995392
0.998656
0.956522
0.956522
0.947368
0.96
0.956522
0.954545
0.962963
0.947368
0.952381
0.984848
0.991597
0.947368
0.952381
0.996429
0.998886
0.996296
0.947368
0.96
0.954545
0.952381
0.956522
0.956522
0.952381
0.95
0.956522
0.947368
0.947368
0.947368
0.952381
0.956522
0.952381
0.956522
0.96
0.961538
0.992908
0.952381
0.983333
0.947368
0.96
0.962963
0.947368
0.956522
0.956522
0.952381
0.956522
0.954545
0.947368
0.956522
0.956522
0.993056
0.986301
0.972222
0.952381
0.952381
0.956522
0.952381
0.952381
0.995708
0.983051
0.947368
0.952381
0.947368
0.956522
0.96
0.994152
0.999257
0.998198
0.987952
0.999335
0.989011
0.993378
0.952381
0.983871
0.984615
0.99569
0.988095
0.952381
0.964286
0.947368
0.96
0.962963
0.996845
0.952381
0.962963
0.952381
0.962963
0.965517
0.952381
0.958333
0.96
0.98
0.97561
0.952381
0.972973
0.994898
0.989247
0.956522
0.962963
0.947368
0.952381
0.96
0.952381
0.956522
0.96
0.996587
0.947368
0.956522
0.947368
0.952381
0.952381
0.95
0.965517
0.952381
0.947368
0.954545
0.952381
0.947368
0.947368
0.962963
0.956522
0.952381
0.952381
0.995305
0.993464
0.956522
0.985714
0.947368
0.956522
0.947368
0.96
0.947368
0.947368
0.952381
0.952381
0.947368
0.952381
0.962963
0.952381
0.947368
0.952381
0.96
0.96
0.958333
0.956522
0.96
0.964286
0.952381
0.96
0.998214
0.999525
0.952381
0.947368
0.947368
0.952381
0.947368
0.947368
0.96
0.947368
0.952381
0.947368
0.947368
0.956522
0.952381
0.96
0.962963
0.962963
0.995122
0.958333
0.954545
0.952381
0.956522
0.956522
0.952381
0.952381
0.965517
0.956522
0.947368
0.947368
0.947368
0.947368
0.947368
0.952381
0.964286
0.96
0.95
0.956522
0.952381
0.947368
0.947368
0.952381
0.952381
0.998668
0.956522
0.952381
0.999242
0.999288
0.998459
0.998435
0.999166
0.965517
0.999086
0.998716
0.998605
0.995434
0.996979
0.956522
0.947368
0.947368
0.956522
0.952381
0.952381
0.947368
0.947368
0.961538
0.947368
0.956522
0.952381
0.956522
0.962963
0.96
0.954545
0.965517
0.952381
0.952381
0.947368
0.95
0.98
0.997024
0.997268
0.996904
0.96
0.95
0.96
0.962963
0.947368
0.947368
0.994118
0.988636
0.947368
0.952381
0.956522
0.952381
0.954545
0.96
0.947368
0.95
0.952381
0.961538
0.965517
0.956522
0.966667
0.95
0.947368
0.947368
0.958333
0.96
0.952381
0.962963
0.952381
0.947368
0.947368
0.947368
0.947368
0.95
0.956522
0.958333
0.961538
0.952381
0.95
0.947368
0.995708
0.99763
0.979167
0.95
0.956522
0.956522
0.96875
0.95
0.96
0.952381
0.961538
0.952381
0.947368
0.962963
0.962963
0.96
0.956522
0.956522
0.956522
0.96
0.962963
0.952381
0.952381
0.947368
0.952381
0.952381
0.962963
0.996154
0.956522
0.991228
0.947368
0.952381
0.947368
0.962963
0.947368
0.952381
0.96
0.991304
0.985915
0.962963
0.952381
0.956522
0.956522
0.96
0.95
0.95
0.956522
0.952381
0.947368
0.952381
0.95
0.952381
0.965517
0.995868
0.947368
0.952381
0.95
0.954545
0.947368
0.952381
0.956522
0.952381
0.994845
0.984615
0.981818
0.947368
0.952381
0.947368
0.95
0.952381
0.956522
0.96
0.947368
0.952381
0.956522
0.962963
0.947368
0.947368
0.947368
0.947368
0.956522
0.952381
0.952381
0.947368
0.958333
0.961538
0.958333
0.962963
0.991736
0.997543
0.956522
0.962963
0.962963
0.994624
0.985507
0.952381
0.947368
0.990566
0.995885
0.952381
0.952381
0.947368
0.962963
0.956522
0.956522
0.952381
0.956522
0.947368
0.952381
0.956522
0.947368
0.952381
0.947368
0.956522
0.947368
0.961538
0.947368
0.961538
0.947368
0.947368
0.952381
0.947368
0.947368
0.952381
0.954545
0.952381
0.997135
0.986301
0.961538
0.947368
0.947368
0.952381
0.956522
0.958333
0.962963
0.952381
0.95
0.947368
0.952381
0.956522
0.952381
0.952381
0.952381
0.947368
0.966667
0.952381
0.956522
0.947368
0.947368
0.956522
0.962963
0.947368
0.954545
0.954545
0.952381
0.997519
0.995763
0.95
0.947368
0.954545
0.947368
0.947368
0.952381
0.956522
0.952381
0.947368
0.947368
0.947368
0.962963
0.947368
0.947368
0.947368
0.947368
0.947368
0.952381
0.952381
0.952381
0.947368
0.952381
0.956522
0.956522
0.956522
0.947368
0.952381
0.96
0.947368
0.96
0.962963
0.952381
0.947368
0.962963
0.947368
0.965517
0.965517
0.952381
0.967742
0.96
0.958333
0.958333
0.947368
0.947368
0.947368
0.991453
0.994318
0.956522
0.96
0.96
0.95
0.956522
0.96
0.947368
0.96
0.95
0.947368
0.956522
0.947368
0.992593
0.988235
0.961538
0.96
0.947368
0.947368
0.952381
0.952381
0.954545
0.956522
0.962963
0.947368
0.952381
0.989583
0.981132
0.991228
0.952381
0.956522
0.982759
0.992481
0.952381
0.947368
0.96
0.952381
0.961538
0.947368
0.952381
0.947368
0.952381
0.947368
0.947368
0.947368
0.947368
0.971429
0.962963
0.947368
0.96
0.952381
0.947368
0.952381
0.947368
0.956522
0.952381
0.954545
0.956522
0.956522
0.952381
0.956522
0.952381
0.947368
0.961538
0.996324
0.992593
0.952381
0.956522
0.998701
0.998571
0.96
0.977778
0.947368
0.952381
0.991304
0.986842
0.954545
0.947368
0.947368
0.952381
0.966667
0.952381
0.962963
0.952381
0.95
0.956522
0.96
0.952381
0.966667
0.952381
0.947368
0.95
0.947368
0.956522
0.998264
0.991453
0.952381
0.95
0.96
0.952381
0.947368
0.952381
0.954545
0.95
0.95
0.947368
0.96
0.947368
0.952381
0.952381
0.947368
0.947368
0.947368
0.96
0.952381
0.958333
0.962963
0.956522
0.956522
0.952381
0.952381
0.952381
0.947368
0.96
0.954545
0.952381
0.952381
0.962963
0.962963
0.999369
0.956522
0.983333
0.95
0.96
0.952381
0.954545
0.96
0.981481
0.952381
0.947368
0.95
0.991667
0.986486
0.987952
0.986301
0.962963
0.96
0.991597
0.988506
0.954545
0.981481
0.985075
0.947368
0.952381
0.96
0.952381
0.998233
0.996923
0.990991
0.98
0.988506
0.989583
0.964286
0.952381
0.947368
0.952381
0.958333
0.947368
0.952381
0.952381
0.956522
0.947368
0.947368
0.954545
0.947368
0.947368
0.952381
0.967742
0.96
0.952381
0.952381
0.952381
0.947368
0.952381
0.954545
0.952381
0.947368
0.952381
0.956522
0.956522
0.947368
0.998379
0.988889
0.987952
0.947368
0.952381
0.952381
0.952381
0.947368
0.952381
0.96875
0.947368
0.956522
0.954545
0.952381
0.956522
0.962963
0.952381
0.96
0.952381
0.952381
0.954545
0.952381
0.947368
0.952381
0.962963
0.956522
0.96
0.947368
0.947368
0.969697
0.958333
0.947368
0.947368
0.947368
0.952381
0.952381
0.962963
0.95
0.956522
0.952381
0.96
0.954545
0.965517
0.952381
0.952381
0.994286
0.985714
0.966667
0.952381
0.956522
0.952381
0.947368
0.947368
0.947368
0.947368
0.958333
0.947368
0.956522
0.952381
0.947368
0.954545
0.956522
0.947368
0.954545
0.952381
0.952381
0.947368
0.947368
0.947368
0.997959
0.995868
0.947368
0.952381
0.962963
0.952381
0.958333
0.952381
0.999018
0.996753
0.947368
0.947368
0.947368
0.952381
0.947368
0.952381
0.952381
0.947368
0.961538
0.956522
0.956522
0.96
0.983871
0.956522
0.962963
0.96
0.947368
0.947368
0.96
0.952381
0.96
0.952381
0.990196
0.982143
0.947368
0.956522
0.952381
0.96
0.947368
0.947368
0.956522
0.947368
0.956522
0.954545
0.95
0.952381
0.956522
0.965517
0.962963
0.96
0.95
0.952381
0.96
0.956522
0.95
0.956522
0.96
0.947368
0.947368
0.962963
0.96
0.956522
0.961538
0.947368
0.956522
0.954545
0.952381
0.947368
0.952381
0.997403
0.990291
0.998686
0.966667
0.996139
0.988764
0.952381
0.954545
0.947368
0.996241
0.947368
0.965517
0.96
0.962963
0.952381
0.952381
0.952381
0.985714
0.947368
0.947368
0.947368
0.947368
0.952381
0.956522
0.947368
0.96
0.956522
0.964286
0.958333
0.97561
0.952381
0.947368
0.952381
0.961538
0.956522
0.966667
0.952381
0.952381
0.952381
0.952381
0.947368
0.947368
0.952381
0.96
0.947368
0.952381
0.952381
0.947368
0.995708
0.992593
0.962963
0.952381
0.962963
0.96
0.956522
0.952381
0.95
0.962963
0.947368
0.962963
0.96
0.991228
0.989796
0.988235
0.947368
0.947368
0.947368
0.994048
0.983607
0.962963
0.961538
0.952381
0.994536
0.999013
0.962963
0.956522
0.956522
0.952381
0.971429
0.947368
0.95
0.954545
0.994382
0.985714
0.99802
0.956522
0.952381
0.947368
0.956522
0.96
0.947368
0.952381
0.990196
0.985075
0.952381
0.95
0.956522
0.952381
0.947368
0.96
0.981481
0.958333
0.962963
0.986842
0.954545
0.947368
0.985714
0.952381
0.947368
0.947368
0.954545
0.952381
0.993197
0.982143
0.9875
0.986667
0.986111
0.989583
0.96
0.970588
0.956522
0.954545
0.954545
0.947368
0.96
0.952381
0.962963
0.956522
0.96
0.996721
0.965517
0.947368
0.977273
0.947368
0.954545
0.947368
0.965517
0.956522
0.95
0.952381
0.956522
0.962963
0.995049
0.988372
0.952381
0.958333
0.952381
0.96
0.952381
0.95
0.96
0.947368
0.969697
0.961538
0.947368
0.947368
0.96
0.947368
0.947368
0.947368
0.96
0.952381
0.969697
0.952381
0.954545
0.954545
0.954545
0.947368
0.952381
0.947368
0.956522
0.947368
0.952381
0.952381
0.967742
0.95
0.961538
0.952381
0.961538
0.972973
0.952381
0.986486
0.995392
0.947368
0.952381
0.96
0.958333
0.96
0.954545
0.95
0.96
0.947368
0.956522
0.96
0.947368
0.962963
0.956522
0.954545
0.95
0.947368
0.985294
0.998124
0.96875
0.98
0.992806
0.988235
0.992188
0.947368
0.954545
0.993007
0.987013
0.956522
0.952381
0.958333
0.956522
0.956522
0.967742
0.947368
0.952381
0.947368
0.952381
0.947368
0.956522
0.95
0.995633
0.990826
0.947368
0.947368
0.947368
0.947368
0.952381
0.956522
0.947368
0.947368
0.956522
0.952381
0.952381
0.954545
0.96
0.947368
0.961538
0.977778
0.96
0.96
0.976744
0.947368
0.947368
0.956522
0.952381
0.962963
0.95
0.947368
0.947368
0.952381
0.958333
0.96
0.947368
0.96
0.952381
0.95
0.961538
0.954545
0.947368
0.947368
0.947368
0.96
0.947368
0.962963
0.995192
0.962963
0.952381
0.947368
0.952381
0.96
0.947368
0.956522
0.965517
0.947368
0.992308
0.990566
0.947368
0.947368
0.947368
0.947368
0.952381
0.956522
0.961538
0.947368
0.952381
0.954545
0.952381
0.956522
0.952381
0.962963
0.95
0.952381
0.947368
0.985075
0.998152
0.96
0.964286
0.994253
0.956522
0.961538
0.952381
0.962963
0.952381
0.96
0.956522
0.97561
0.96875
0.965517
0.952381
0.947368
0.965517
0.956522
0.947368
0.966667
0.96
0.947368
0.947368
0.956522
0.956522
0.993976
0.973684
0.952381
0.952381
0.947368
0.954545
0.947368
0.947368
0.947368
0.947368
0.956522
0.956522
0.956522
0.976744
0.947368
0.947368
0.947368
0.952381
0.952381
0.956522
0.956522
0.947368
0.954545
0.956522
0.96
0.956522
0.980769
0.956522
0.952381
0.952381
0.956522
0.96
0.976744
0.947368
0.965517
0.974359
0.954545
0.95
0.977273
0.984127
0.947368
0.952381
0.952381
0.954545
0.954545
0.958333
0.958333
0.947368
0.952381
0.952381
0.96
0.947368
0.952381
0.952381
0.947368
0.958333
0.952381
0.956522
0.952381
0.947368
0.952381
0.952381
0.956522
0.962963
0.952381
0.952381
0.952381
0.952381
0.947368
0.952381
0.952381
0.952381
0.947368
0.981132
0.962963
0.952381
0.952381
0.947368
0.952381
0.96
0.947368
0.99359
0.987013
0.947368
0.965517
0.947368
0.956522
0.999664
0.95
0.952381
0.952381
0.952381
0.965517
0.952381
0.96
0.962963
0.952381
0.952381
0.956522
0.956522
0.95
0.96
0.952381
0.954545
0.952381
0.952381
0.956522
0.947368
0.947368
0.947368
0.947368
0.947368
0.952381
0.956522
0.95
0.95
0.956522
0.956522
0.962963
0.956522
0.952381
0.947368
0.956522
0.995495
0.990476
0.956522
0.996825
0.970588
0.947368
0.95
0.994975
0.947368
0.958333
0.96
0.952381
0.956522
0.967742
0.947368
0.947368
0.956522
0.956522
0.947368
0.962963
0.956522
0.96
0.96
0.95
0.954545
0.947368
0.947368
0.956522
0.954545
0.96
0.952381
0.956522
0.95
0.956522
0.947368
0.956522
0.947368
0.995349
0.947368
0.962963
0.96
0.947368
0.956522
0.997976
0.970588
0.966667
0.952381
0.952381
0.947368
0.947368
0.994792
0.986111
0.947368
0.976744
0.956522
0.952381
0.952381
0.952381
0.96
0.947368
0.947368
0.947368
0.965517
0.947368
0.947368
0.95
0.947368
0.947368
0.96
0.993631
0.982456
0.956522
0.947368
0.947368
0.972973
0.956522
0.947368
0.952381
0.947368
0.947368
0.971429
0.947368
0.952381
0.95
0.96
0.947368
0.952381
0.952381
0.947368
0.973684
0.947368
0.947368
0.96
0.947368
0.956522
0.947368
0.95
0.961538
0.958333
0.95
0.96
0.994792
0.977273
0.952381
0.952381
0.947368
0.962963
0.992647
0.997573
0.952381
0.96
0.947368
0.961538
0.952381
0.947368
0.96
0.952381
0.952381
0.952381
0.947368
0.952381
0.947368
0.993976
0.983607
0.952381
0.962963
0.989247
0.985714
0.952381
0.965517
0.952381
0.952381
0.952381
0.947368
0.947368
0.947368
0.956522
0.96
0.96
0.965517
0.96
0.958333
0.947368
0.956522
0.954545
0.947368
0.947368
0.969697
0.967742
0.970588
0.952381
0.947368
0.984848
0.96
0.952381
0.952381
0.956522
0.956522
0.956522
0.947368
0.954545
0.96
0.956522
0.98
0.947368
0.97619
0.96
0.952381
0.96
0.954545
0.947368
0.956522
0.993378
0.958333
0.947368
0.962963
0.958333
0.947368
0.956522
0.956522
0.952381
0.966667
0.954545
0.965517
0.96
0.952381
0.952381
0.947368
0.95
0.96
0.97561
0.95
0.952381
0.956522
0.952381
0.947368
0.969697
0.952381
0.992806
0.981481
0.974359
0.952381
0.95
0.952381
0.952381
0.956522
0.947368
0.95
0.96
0.954545
0.96
0.952381
0.947368
0.95
0.947368
0.965517
0.952381
0.962963
0.952381
0.96
0.947368
0.952381
0.95
0.969697
0.96
0.956522
0.952381
0.956522
0.956522
0.947368
0.952381
0.952381
0.969697
0.981132
0.995575
0.984127
0.965517
0.952381
0.96
0.998667
0.954545
0.956522
0.956522
0.952381
0.956522
0.954545
0.956522
0.947368
0.947368
0.999378
0.993464
0.956522
0.95
0.947368
0.947368
0.947368
0.947368
0.962963
0.947368
0.947368
0.95
0.96
0.95
0.956522
0.998442
0.991667
0.947368
0.967742
0.952381
0.952381
0.947368
0.952381
0.947368
0.947368
0.958333
0.952381
0.965517
0.96
0.947368
0.947368
0.947368
0.952381
0.96
0.952381
0.947368
0.947368
0.95
0.952381
0.962963
0.956522
0.952381
0.947368
0.947368
0.947368
0.947368
0.947368
0.965517
0.947368
0.952381
0.947368
0.96
0.947368
0.96
0.952381
0.962963
0.952381
0.956522
0.958333
0.95
0.947368
0.952381
0.96
0.947368
0.994012
0.983871
0.964286
0.947368
0.956522
0.961538
0.954545
0.952381
0.962963
0.95
0.986301
0.96
0.956522
0.990991
0.982456
0.96
0.952381
0.952381
0.95
0.952381
0.96
0.961538
0.952381
0.987013
0.991304
0.947368
0.965517
0.947368
0.956522
0.96
0.947368
0.952381
0.979167
0.988235
0.952381
0.952381
0.95
0.952381
0.947368
0.962963
0.952381
0.956522
0.952381
0.96
0.956522
0.947368
0.947368
0.952381
0.947368
0.990196
0.973684
0.956522
0.952381
0.981818
0.99375
0.952381
0.96
0.952381
0.947368
0.952381
0.952381
0.958333
0.947368
0.947368
0.952381
0.952381
0.952381
0.947368
0.947368
0.947368
0.95
0.956522
0.96
0.956522
0.958333
0.952381
0.947368
0.961538
0.96
0.952381
0.956522
0.962963
0.947368
0.947368
0.947368
0.96
0.952381
0.952381
0.991071
0.998459
0.947368
0.947368
0.947368
0.962963
0.952381
0.95
0.952381
0.947368
0.956522
0.952381
0.947368
0.947368
0.952381
0.990566
0.990099
0.947368
0.965517
0.947368
0.952381
0.967742
0.961538
0.947368
0.947368
0.947368
0.962963
0.952381
0.956522
0.971429
0.965517
0.956522
0.982456
0.986111
0.96
0.987342
0.96
0.967742
0.947368
0.956522
0.958333
0.958333
0.999435
0.994624
0.947368
0.956522
0.956522
0.947368
0.956522
0.947368
0.947368
0.96
0.961538
0.952381
0.947368
0.956522
0.947368
0.947368
0.947368
0.952381
0.956522
0.947368
0.952381
0.952381
0.947368
0.947368
0.952381
0.96
0.952381
0.965517
0.947368
0.952381
0.96
0.965517
0.958333
0.947368
0.952381
0.947368
0.952381
0.95
0.967742
0.96
0.947368
0.969697
0.952381
0.952381
0.947368
0.988889
0.984615
0.947368
0.954545
0.947368
0.987179
0.975
0.952381
0.952381
0.956522
0.952381
0.96
0.956522
0.989247
0.991453
0.96
0.952381
0.96
0.952381
0.952381
0.947368
0.952381
0.952381
0.947368
0.952381
0.958333
0.956522
0.947368
0.96
0.979592
0.947368
0.952381
0.947368
0.947368
0.961538
0.962963
0.956522
0.952381
0.96875
0.956522
0.994819
0.947368
0.947368
0.952381
0.947368
0.952381
0.947368
0.980392
0.952381
0.952381
0.954545
0.947368
0.96
0.947368
0.95
0.954545
0.956522
0.947368
0.952381
0.952381
0.952381
0.96
0.952381
0.947368
0.952381
0.952381
0.956522
0.947368
0.99495
0.983607
0.956522
0.952381
0.956522
0.947368
0.947368
0.952381
0.947368
0.952381
0.962963
0.958333
0.947368
0.972973
0.989796
0.952381
0.962963
0.952381
0.947368
0.952381
0.956522
0.947368
0.947368
0.947368
0.947368
0.971429
0.967742
0.947368
0.947368
0.952381
0.954545
0.947368
0.947368
0.952381
0.947368
0.947368
0.954545
0.947368
0.952381
0.95
0.956522
0.947368
0.947368
0.952381
0.947368
0.952381
0.952381
0.961538
0.95
0.952381
0.956522
0.947368
0.96
0.958333
0.956522
0.961538
0.991736
0.997881
0.956522
0.947368
0.956522
0.952381
0.952381
0.962963
0.956522
0.962963
0.952381
0.952381
0.952381
0.952381
0.947368
0.952381
0.96
0.952381
0.947368
0.952381
0.956522
0.956522
0.952381
0.956522
0.969697
0.965517
0.964286
0.956522
0.956522
0.947368
0.995413
0.987342
0.952381
0.952381
0.952381
0.947368
0.958333
0.954545
0.952381
0.993464
0.991453
0.947368
0.947368
0.991071
0.988235
0.952381
0.952381
0.947368
0.952381
0.952381
0.947368
0.952381
0.947368
0.96
0.976744
0.988889
0.980392
0.96
0.990476
0.984848
0.952381
0.952381
0.947368
0.956522
0.947368
0.952381
0.962963
0.964286
0.969697
0.954545
0.952381
0.947368
0.96
0.958333
0.947368
0.947368
0.995215
0.981481
0.952381
0.947368
0.952381
0.961538
0.956522
0.947368
0.947368
0.954545
0.962963
0.978261
0.986842
0.978261
0.996364
0.991803
0.947368
0.947368
0.956522
0.947368
0.947368
0.952381
0.962963
0.965517
0.95
0.96
0.95
0.947368
0.956522
0.96
0.952381
0.947368
0.965517
0.952381
0.952381
0.952381
0.956522
0.958333
0.952381
0.954545
0.947368
0.956522
0.954545
0.96
0.947368
0.947368
0.947368
0.954545
0.952381
0.947368
0.977273
0.974359
0.952381
0.947368
0.958333
0.999232
0.952381
0.992126
0.99
0.991525
0.979167
0.956522
0.952381
0.952381
0.956522
0.947368
0.947368
0.952381
0.954545
0.954545
0.952381
0.96
0.952381
0.97561
0.952381
0.992958
0.984615
0.958333
0.956522
0.952381
0.956522
0.947368
0.95
0.952381
0.956522
0.96
0.952381
0.967742
0.983607
0.952381
0.956522
0.956522
0.965517
0.978723
0.96
0.947368
0.952381
0.956522
0.952381
0.947368
0.998016
0.995
0.947368
0.996198
0.961538
0.952381
0.952381
0.956522
0.958333
0.966667
0.956522
0.947368
0.96
0.970588
0.952381
0.947368
0.956522
0.96
0.952381
0.971429
0.952381
0.956522
0.95
0.947368
0.958333
0.952381
0.947368
0.958333
0.952381
0.954545
0.952381
0.952381
0.947368
0.952381
0.96
0.997024
0.969697
0.952381
0.954545
0.99375
0.984127
0.988235
0.983607
0.972973
0.961538
0.967742
0.954545
0.947368
0.952381
0.947368
0.952381
0.947368
0.952381
0.964286
0.992126
0.982759
0.956522
0.96875
0.987342
0.952381
0.95
0.947368
0.947368
0.96
0.962963
0.947368
0.947368
0.954545
0.956522
0.952381
0.99957
0.994652
0.954545
0.956522
0.952381
0.98913
0.989362
0.947368
0.956522
0.952381
0.952381
0.956522
0.952381
0.947368
0.96
0.956522
0.958333
0.952381
0.96875
0.95
0.962963
0.947368
0.96
0.96
0.956522
0.947368
0.947368
0.952381
0.952381
0.962963
0.954545
0.95
0.952381
0.952381
0.947368
0.96
0.952381
0.952381
0.947368
0.999305
0.962963
0.952381
0.96
0.956522
0.947368
0.962963
0.984615
0.95
0.956522
0.954545
0.956522
0.947368
0.994012
0.952381
0.958333
0.952381
0.962963
0.989247
0.947368
0.958333
0.954545
0.970588
0.995556
0.952381
0.956522
0.952381
0.965517
0.947368
0.962963
0.947368
0.952381
0.954545
0.956522
0.947368
0.956522
0.999263
0.997382
0.99763
0.947368
0.952381
0.999102
0.993103
0.952381
0.947368
0.956522
0.999323
0.986486
0.947368
0.998529
0.997573
0.956522
0.952381
0.96
0.947368
0.947368
0.952381
0.947368
0.952381
0.947368
0.956522
0.956522
0.958333
0.962963
0.96
0.952381
0.947368
0.96
0.956522
0.958333
0.974359
0.947368
0.952381
0.954545
0.952381
0.947368
0.961538
0.947368
0.998273
0.998613
0.994083
0.962963
0.95
0.956522
0.954545
0.952381
0.947368
0.947368
0.947368
0.96
0.947368
0.958333
0.999045
0.99115
0.969697
0.969697
0.967742
0.954545
0.962963
0.956522
0.96
0.952381
0.962963
0.947368
0.952381
0.952381
0.956522
0.956522
0.947368
0.956522
0.947368
0.947368
0.99911
0.998843
0.956522
0.956522
0.952381
0.96
0.956522
0.956522
0.952381
0.947368
0.947368
0.956522
0.947368
0.96
0.947368
0.947368
0.958333
0.952381
0.956522
0.958333
0.956522
0.993939
0.986486
0.952381
0.983051
0.947368
0.952381
0.956522
0.956522
0.99
0.982759
0.952381
0.956522
0.956522
0.96
0.96
0.96
0.947368
0.947368
0.947368
0.952381
0.956522
0.956522
0.952381
0.956522
0.947368
0.96
0.96
0.971429
0.95
0.962963
0.947368
0.947368
0.962963
0.975
0.965517
0.96
0.977778
0.956522
0.96
0.947368
0.964286
0.994792
0.983607
0.947368
0.998824
0.990099
0.956522
0.971429
0.994819
0.987342
0.969697
0.965517
0.947368
0.976744
0.956522
0.956522
0.952381
0.952381
0.947368
0.971429
0.952381
0.947368
0.956522
0.947368
0.96
0.952381
0.947368
0.952381
0.978723
0.961538
0.958333
0.992857
0.9875
0.989011
0.985507
0.947368
0.947368
0.952381
0.947368
0.947368
0.956522
0.952381
0.952381
0.970588
0.952381
0.956522
0.947368
0.952381
0.96
0.952381
0.967742
0.947368
0.947368
0.956522
0.996
0.962963
0.988506
0.947368
0.947368
0.962963
0.96
0.952381
0.947368
0.947368
0.965517
0.998527
0.988636
0.947368
0.947368
0.952381
0.952381
0.961538
0.947368
0.96
0.947368
0.947368
0.952381
0.96875
0.99635
0.993631
0.952381
0.956522
0.965517
0.952381
0.966667
0.947368
0.962963
0.947368
0.947368
0.961538
0.995833
0.987805
0.95
0.952381
0.956522
0.952381
0.947368
0.956522
0.994505
0.986667
0.947368
0.947368
0.958333
0.947368
0.947368
0.947368
0.947368
0.996047
0.952381
0.954545
0.947368
0.954545
0.952381
0.947368
0.96
0.952381
0.954545
0.95
0.947368
0.956522
0.952381
0.956522
0.947368
0.956522
0.956522
0.947368
0.962963
0.952381
0.947368
0.952381
0.96875
0.947368
0.947368
0.956522
0.956522
0.954545
0.961538
0.956522
0.962963
0.962963
0.947368
0.954545
0.96
0.947368
0.952381
0.947368
0.947368
0.952381
0.956522
0.966667
0.947368
0.956522
0.952381
0.952381
0.956522
0.958333
0.952381
0.947368
0.947368
0.956522
0.947368
0.952381
0.952381
0.956522
0.992308
0.992647
0.954545
0.956522
0.952381
0.985075
0.96
0.947368
0.952381
0.96
0.954545
0.952381
0.952381
0.947368
0.961538
0.956522
0.947368
0.947368
0.958333
0.99
0.984375
0.952381
0.958333
0.952381
0.952381
0.956522
0.956522
0.947368
0.96
0.952381
0.952381
0.952381
0.952381
0.96
0.947368
0.952381
0.952381
0.947368
0.952381
0.956522
0.962963
0.96
0.954545
0.956522
0.947368
0.952381
0.947368
0.96
0.947368
0.954545
0.992424
0.984615
0.99537
0.952381
0.95
0.956522
0.956522
0.952381
0.947368
0.964286
0.991304
0.988095
0.947368
0.956522
0.98
0.954545
0.947368
0.95
0.952381
0.952381
0.964286
0.981481
0.95
0.947368
0.952381
0.96
0.947368
0.956522
0.992248
0.956522
0.956522
0.954545
0.952381
0.952381
0.952381
0.966667
0.947368
0.947368
0.952381
0.952381
0.956522
0.96
0.96
0.956522
0.962963
0.952381
0.956522
0.956522
0.956522
0.947368
0.967742
0.954545
0.956522
0.952381
0.947368
0.954545
0.958333
0.947368
0.947368
0.95
0.947368
0.952381
0.956522
0.962963
0.956522
0.947368
0.947368
0.96
0.952381
0.95
0.947368
0.947368
0.952381
0.954545
0.952381
0.973684
0.956522
0.965517
0.99635
0.952381
0.956522
0.956522
0.947368
0.947368
0.952381
0.947368
0.956522
0.947368
0.961538
0.962963
0.956522
0.947368
0.952381
0.947368
0.952381
0.962963
0.952381
0.987805
0.997768
0.958333
0.952381
0.952381
0.947368
0.947368
0.991667
0.983333
0.952381
0.952381
0.96
0.952381
0.961538
0.947368
0.947368
0.947368
0.952381
0.964286
0.947368
0.952381
0.947368
0.947368
0.95
0.947368
0.952381
0.952381
0.947368
0.961538
0.96
0.947368
0.947368
0.952381
0.947368
0.956522
0.96
0.947368
0.952381
0.952381
0.965517
0.952381
0.999061
0.947368
0.947368
0.99359
0.994048
0.952381
0.947368
0.954545
0.947368
0.96
0.997753
0.956522
0.962963
0.947368
0.958333
0.952381
0.967742
0.947368
0.952381
0.95
0.962963
0.956522
0.99901
0.996403
0.992701
0.993631
0.965517
0.958333
0.954545
0.96
0.979592
0.956522
0.947368
0.952381
0.956522
0.96
0.996997
0.993548
0.958333
0.952381
0.952381
0.95
0.956522
0.947368
0.947368
0.947368
0.952381
0.947368
0.962963
0.96
0.965517
0.962963
0.969697
0.956522
0.95
0.995763
0.992958
0.952381
0.985075
0.995633
0.947368
0.986667
0.983607
0.947368
0.962963
0.952381
0.990476
0.990291
0.956522
0.956522
0.962963
0.947368
0.947368
0.947368
0.952381
0.977778
0.956522
0.954545
0.947368
0.952381
0.947368
0.947368
0.962963
0.996516
0.984615
0.96
0.983871
0.983333
0.956522
0.956522
0.952381
0.952381
0.956522
0.994382
0.990826
0.947368
0.952381
0.952381
0.952381
0.947368
0.947368
0.947368
0.96
0.947368
0.947368
0.956522
0.952381
0.947368
0.96
0.947368
0.947368
0.962963
0.95
0.952381
0.993289
0.996516
0.95
0.952381
0.964286
0.96
0.992366
0.967742
0.952381
0.956522
0.956522
0.947368
0.95
0.984848
0.96
0.965517
0.947368
0.958333
0.947368
0.952381
0.947368
0.947368
0.95
0.947368
0.952381
0.952381
0.952381
0.961538
0.952381
0.952381
0.96
0.956522
0.952381
0.96
0.952381
0.952381
0.947368
0.952381
0.969697
0.96
0.947368
0.947368
0.947368
0.96
0.952381
0.947368
0.947368
0.947368
0.952381
0.956522
0.96
0.972973
0.952381
0.947368
0.961538
0.954545
0.947368
0.956522
0.96
0.947368
0.96
0.965517
0.947368
0.947368
0.952381
0.947368
0.952381
0.956522
0.958333
0.993865
0.993056
0.952381
0.952381
0.947368
0.96
0.999234
0.958333
0.947368
0.952381
0.947368
0.947368
0.995633
0.999437
0.954545
0.992537
0.992908
0.952381
0.952381
0.947368
0.947368
0.947368
0.962963
0.956522
0.96
0.998512
0.990476
0.947368
0.96
0.954545
0.962963
0.998884
0.992701
0.962963
0.962963
0.999197
0.995708
0.952381
0.947368
0.947368
0.971429
0.947368
0.952381
0.956522
0.95
0.958333
0.947368
0.947368
0.952381
0.952381
0.961538
0.952381
0.952381
0.956522
0.952381
0.947368
0.952381
0.965517
0.958333
0.954545
0.998607
0.989796
0.998452
0.997653
0.947368
0.956522
0.952381
0.947368
0.952381
0.956522
0.961538
0.956522
0.962963
0.947368
0.96
0.96
0.952381
0.952381
0.973684
0.952381
0.952381
0.976744
0.962963
0.956522
0.947368
0.954545
0.947368
0.947368
0.952381
0.952381
0.956522
0.947368
0.954545
0.947368
0.956522
0.947368
0.999402
0.998355
0.999684
0.976744
0.993007
0.952381
0.947368
0.947368
0.952381
0.956522
0.95
0.956522
0.956522
0.952381
0.947368
0.974359
0.962963
0.96
0.954545
0.991071
0.989796
0.952381
0.952381
0.947368
0.947368
0.947368
0.952381
0.952381
0.952381
0.947368
0.947368
0.956522
0.947368
0.947368
0.947368
0.995098
0.986667
0.952381
0.947368
0.952381
0.96
0.947368
0.947368
0.952381
0.998182
0.999616
0.956522
0.956522
0.956522
0.997836
0.991935
0.994048
0.997245
0.952381
0.956522
0.972222
0.956522
0.997917
0.991453
0.956522
0.947368
0.961538
0.956522
0.947368
0.947368
0.952381
0.947368
0.956522
0.956522
0.956522
0.961538
0.947368
0.947368
0.947368
0.958333
0.952381
0.952381
0.952381
0.952381
0.998208
0.994118
0.958333
0.947368
0.954545
0.95
0.947368
0.947368
0.961538
0.958333
0.964286
0.947368
0.947368
0.96
0.96
0.947368
0.952381
0.952381
0.952381
0.952381
0.962963
0.956522
0.952381
0.95
0.947368
0.967742
0.947368
0.964286
0.95
0.947368
0.952381
0.952381
0.952381
0.956522
0.952381
0.958333
0.947368
0.964286
0.947368
0.947368
0.982456
0.956522
0.956522
0.956522
0.956522
0.954545
0.947368
0.96
0.952381
0.96
0.952381
0.947368
0.947368
0.947368
0.994012
0.982456
0.952381
0.967742
0.952381
0.952381
0.952381
0.947368
0.952381
0.998382
0.962963
0.965517
0.952381
0.952381
0.947368
0.956522
0.952381
0.952381
0.965517
0.956522
0.952381
0.967742
0.952381
0.966667
0.947368
0.947368
0.958333
0.952381
0.964286
0.952381
0.952381
0.952381
0.956522
0.952381
0.952381
0.952381
0.952381
0.947368
0.956522
0.952381
0.962963
0.952381
0.947368
0.956522
0.952381
0.952381
0.956522
0.947368
0.947368
0.956522
0.96
0.952381
0.952381
0.965517
0.952381
0.947368
0.952381
0.952381
0.947368
0.952381
0.978261
0.956522
0.956522
0.969697
0.947368
0.952381
0.952381
0.947368
0.952381
0.947368
0.956522
0.947368
0.952381
0.947368
0.947368
0.947368
0.999054
0.952381
0.952381
0.96
0.947368
0.985075
0.984615
0.952381
0.947368
0.956522
0.952381
0.956522
0.947368
0.952381
0.985714
0.947368
0.947368
0.947368
0.947368
0.952381
0.956522
0.958333
0.947368
0.952381
0.947368
0.947368
0.952381
0.956522
0.95
0.947368
0.956522
0.947368
0.947368
0.992308
0.975
0.956522
0.96
0.952381
0.95
0.952381
0.947368
0.952381
0.982759
0.986111
0.96
0.962963
0.954545
0.958333
0.956522
0.954545
0.952381
0.96
0.981132
0.952381
0.947368
0.96
0.947368
0.952381
0.956522
0.962963
0.952381
0.992754
0.99115
0.947368
0.956522
0.956522
0.947368
0.996678
0.952381
0.947368
0.952381
0.962963
0.956522
0.993631
0.992188
0.962963
0.97619
0.993333
0.947368
0.991736
0.983333
0.952381
0.947368
0.947368
0.952381
0.952381
0.956522
0.952381
0.994536
0.986301
0.967742
0.956522
0.952381
0.956522
0.956522
0.972222
0.95
0.998081
0.995652
0.958333
0.952381
0.952381
0.947368
0.952381
0.96
0.952381
0.952381
0.952381
0.952381
0.947368
0.947368
0.952381
0.96
0.956522
0.952381
0.952381
0.956522
0.96
0.956522
0.947368
0.954545
0.952381
0.952381
0.992
0.989247
0.96
0.989583
0.952381
0.956522
0.952381
0.952381
0.96
0.956522
0.972973
0.947368
0.952381
0.965517
0.947368
0.947368
0.962963
0.947368
0.952381
0.952381
0.989362
0.989474
0.947368
0.96
0.956522
0.947368
0.962963
0.947368
0.956522
0.966667
0.947368
0.952381
0.96
0.96
0.991935
0.986301
0.96
0.956522
0.947368
0.947368
0.956522
0.952381
0.947368
0.952381
0.96
0.956522
0.952381
0.956522
0.947368
0.947368
0.96
0.956522
0.947368
0.990476
0.985294
0.947368
0.956522
0.96
0.970588
0.990741
0.964286
0.952381
0.947368
0.962963
0.956522
0.947368
0.947368
0.956522
0.952381
0.952381
0.96
0.956522
0.952381
0.956522
0.947368
0.96
0.956522
0.952381
0.96
0.99187
0.990909
0.947368
0.956522
0.962963
0.981132
0.96
0.952381
0.947368
0.952381
0.952381
0.958333
0.971429
0.98
0.956522
0.96
0.947368
0.952381
0.956522
0.956522
0.964286
0.952381
0.965517
0.952381
0.961538
0.947368
0.947368
0.956522
0.956522
0.947368
0.96
0.952381
0.947368
0.96
0.947368
0.958333
0.947368
0.956522
0.956522
0.996805
0.99827
0.974359
0.962963
0.947368
0.975
0.956522
0.947368
0.952381
0.962963
0.95
0.952381
0.96
0.96
0.954545
0.952381
0.962963
0.954545
0.993243
0.983871
0.947368
0.95
0.947368
0.965517
0.96
0.947368
0.972973
0.95
0.96
0.962963
0.961538
0.947368
0.947368
0.947368
0.956522
0.947368
0.947368
0.952381
0.952381
0.947368
0.952381
0.952381
0.994475
0.983607
0.952381
0.952381
0.967742
0.96
0.961538
0.989691
0.9875
0.966667
0.962963
0.980392
0.985714
0.952381
0.952381
0.96
0.952381
0.966667
0.947368
0.952381
0.952381
0.96
0.95
0.96
0.952381
0.947368
0.947368
0.947368
0.947368
0.947368
0.961538
0.952381
0.96
0.947368
0.956522
0.947368
0.952381
0.947368
0.947368
0.947368
0.952381
0.947368
0.952381
0.952381
0.947368
0.984375
0.989796
0.96
0.972222
0.995984
0.947368
0.947368
0.947368
0.952381
0.96
0.986486
0.952381
0.954545
0.985714
0.980392
0.96
0.947368
0.96
0.995434
0.952381
0.947368
0.956522
0.95
0.956522
0.947368
0.956522
0.994382
0.986842
0.95
0.952381
0.952381
0.952381
0.947368
0.947368
0.956522
0.952381
0.96875
0.947368
0.956522
0.952381
0.952381
0.956522
0.952381
0.956522
0.947368
0.954545
0.952381
0.990991
0.947368
0.958333
0.952381
0.952381
0.962963
0.95
0.981132
0.985294
0.958333
0.962963
0.96
0.956522
0.993151
0.984615
0.964286
0.96
0.947368
0.947368
0.952381
0.947368
0.947368
0.952381
0.952381
0.96
0.952381
0.95
0.952381
0.956522
0.952381
0.961538
0.952381
0.947368
0.96
0.96
0.994764
0.997167
0.947368
0.947368
0.947368
0.96
0.958333
0.947368
0.947368
0.947368
0.952381
0.964286
0.95
0.952381
0.952381
0.965517
0.956522
0.952381
0.947368
0.947368
0.983051
0.947368
0.947368
0.947368
0.947368
0.947368
0.947368
0.956522
0.952381
0.97619
0.958333
0.952381
0.965517
0.952381
0.989583
0.987342
0.977273
0.956522
0.956522
0.965517
0.952381
0.947368
0.962963
0.95
0.947368
0.952381
0.95
0.947368
0.95
0.956522
0.947368
0.956522
0.962963
0.956522
0.956522
0.96
0.95
0.947368
0.952381
0.952381
0.967742
0.952381
0.952381
0.952381
0.947368
0.947368
0.947368
0.947368
0.952381
0.952381
0.958333
0.956522
0.956522
0.947368
0.956522
0.947368
0.947368
0.952381
0.952381
0.947368
0.947368
0.947368
0.952381
0.99
0.988889
0.952381
0.956522
0.952381
0.956522
0.96
0.956522
0.956522
0.983051
0.99435
0.995192
0.95
0.958333
0.95
0.956522
0.958333
0.952381
0.952381
0.952381
0.952381
0.958333
0.956522
0.972973
0.985915
0.958333
0.947368
0.947368
0.947368
0.947368
0.947368
0.952381
0.96
0.952381
0.947368
0.95
0.990991
0.994318
0.952381
0.967742
0.974359
0.947368
0.96
0.952381
0.985915
0.993056
0.952381
0.947368
0.956522
0.952381
0.952381
0.947368
0.947368
0.952381
0.947368
0.96
0.990909
0.994681
0.952381
0.954545
0.956522
0.956522
0.952381
0.947368
0.954545
0.947368
0.947368
0.952381
0.947368
0.952381
0.96
0.95
0.947368
0.956522
0.999061
0.962963
0.991597
0.988636
0.989247
0.990476
0.987013
0.952381
0.990196
0.987952
0.956522
0.952381
0.956522
0.954545
0.952381
0.947368
0.947368
0.956522
0.947368
0.947368
0.947368
0.956522
0.962963
0.954545
0.947368
0.95
0.956522
0.947368
0.993464
0.983871
0.956522
0.956522
0.95
0.956522
0.952381
0.95
0.952381
0.992366
0.986842
0.947368
0.947368
0.947368
0.947368
0.988235
0.988372
0.96
0.956522
0.985075
0.9989
0.992308
0.952381
0.997669
0.997305
0.997151
0.994872
0.983333
0.992701
0.947368
0.952381
0.947368
0.947368
0.956522
0.952381
0.947368
0.995885
0.98913
0.947368
0.954545
0.954545
0.95
0.956522
0.952381
0.952381
0.994318
0.987342
0.988095
0.992481
0.995305
0.993243
0.95
0.995413
0.989899
0.956522
0.947368
0.947368
0.952381
0.956522
0.96
0.997416
0.997506
0.952381
0.954545
0.956522
0.952381
0.952381
0.952381
0.962963
0.956522
0.947368
0.952381
0.956522
0.996753
0.990566
0.994624
0.954545
0.952381
0.952381
0.952381
0.952381
0.990566
0.947368
0.96
0.962963
0.987952
0.998178
0.996825
0.994186
0.952381
0.947368
0.947368
0.954545
0.947368
0.956522
0.958333
0.964286
0.947368
0.956522
0.952381
0.952381
0.947368
0.947368
0.956522
0.96
0.947368
0.952381
0.956522
0.956522
0.962963
0.947368
0.962963
0.947368
0.947368
0.952381
0.956522
0.954545
0.956522
0.952381
0.947368
0.952381
0.956522
0.95
0.994681
0.994819
0.952381
0.947368
0.967742
0.947368
0.952381
0.96
0.952381
0.947368
0.965517
0.947368
0.967742
0.956522
0.96
0.947368
0.952381
0.947368
0.947368
0.956522
0.962963
0.952381
0.947368
0.952381
0.947368
0.956522
0.962963
0.980769
0.952381
0.96
0.947368
0.958333
0.952381
0.947368
0.965517
0.97561
0.967742
0.96
0.95
0.952381
0.952381
0.993289
0.981481
0.952381
0.994286
0.988636
0.9875
0.985714
0.984615
0.982143
0.956522
0.965517
0.96
0.947368
0.95
0.96
0.947368
0.981132
0.956522
0.952381
0.96
0.95
0.96
0.952381
0.956522
0.956522
0.952381
0.947368
0.952381
0.947368
0.952381
0.952381
0.952381
0.962963
0.993865
0.947368
0.956522
0.989247
0.983051
0.952381
0.981481
0.947368
0.952381
0.956522
0.947368
0.947368
0.947368
0.947368
0.947368
0.954545
0.952381
0.956522
0.947368
0.952381
0.95
0.947368
0.947368
0.952381
0.947368
0.958333
0.947368
0.956522
0.965517
0.947368
0.972973
0.976744
0.947368
0.954545
0.952381
0.956522
0.947368
0.952381
0.952381
0.956522
0.965517
0.947368
0.947368
0.956522
0.947368
0.96
0.947368
0.952381
0.952381
0.947368
0.969697
0.984127
0.947368
0.952381
0.954545
0.962963
0.96
0.962963
0.95
0.96875
0.952381
0.962963
0.952381
0.952381
0.947368
0.952381
0.952381
0.947368
0.95
0.947368
0.956522
0.95
0.96
0.952381
0.952381
0.947368
0.947368
0.956522
0.993289
0.981481
0.952381
0.961538
0.95
0.987654
0.977273
0.952381
0.952381
0.978261
0.952381
0.956522
0.965517
0.96
0.952381
0.96
0.947368
0.96
0.96
0.962963
0.992593
0.989247
0.965517
0.952381
0.992366
0.986667
0.95
0.956522
0.962963
0.961538
0.947368
0.952381
0.96
0.956522
0.962963
0.96
0.993865
0.985507
0.947368
0.947368
0.947368
0.947368
0.952381
0.947368
0.962963
0.952381
0.952381
0.993939
0.989247
0.952381
0.952381
0.961538
0.952381
0.954545
0.956522
0.989362
0.982456
0.96
0.970588
0.972222
0.956522
0.952381
0.947368
0.952381
0.952381
0.956522
0.956522
0.95
0.95
0.947368
0.99359
0.983871
0.952381
0.947368
0.95
0.967742
0.96
0.947368
0.986486
0.988095
0.947368
0.947368
0.96
0.952381
0.956522
0.966667
0.96
0.956522
0.952381
0.965517
0.992063
0.983333
0.96
0.952381
0.947368
0.96
0.947368
0.952381
0.947368
0.96
0.947368
0.982759
0.990909
0.96875
0.952381
0.947368
0.952381
0.95
0.947368
0.952381
0.947368
0.956522
0.947368
0.970588
0.956522
0.947368
0.991935
0.988636
0.952381
0.956522
0.956522
0.962963
0.956522
0.965517
0.952381
0.961538
0.947368
0.947368
0.956522
0.947368
0.952381
0.952381
0.952381
0.96
0.952381
0.947368
0.947368
0.962963
0.947368
0.952381
0.956522
0.952381
0.952381
0.956522
0.956522
0.952381
0.947368
0.965517
0.952381
0.96
0.952381
0.962963
0.96
0.947368
0.956522
0.962963
0.947368
0.947368
0.947368
0.956522
0.958333
0.961538
0.965517
0.964286
0.956522
0.947368
0.956522
0.95
0.962963
0.958333
0.952381
0.952381
0.96
0.947368
0.952381
0.969697
0.954545
0.947368
0.956522
0.947368
0.956522
0.965517
0.947368
0.947368
0.986486
0.995851
0.947368
0.956522
0.997596
0.956522
0.947368
0.956522
0.96
0.956522
0.96
0.947368
0.962963
0.947368
0.956522
0.947368
0.952381
0.952381
0.954545
0.952381
0.96
0.958333
0.947368
0.947368
0.947368
0.956522
0.952381
0.954545
0.997717
0.999357
0.990196
0.956522
0.947368
0.974359
0.971429
0.956522
0.947368
0.952381
0.971429
0.962963
0.980769
0.996528
0.947368
0.956522
0.954545
0.962963
0.947368
0.96
0.952381
0.952381
0.947368
0.962963
0.952381
0.956522
0.956522
0.994681
0.991935
0.947368
0.952381
0.947368
0.952381
0.96
0.952381
0.956522
0.947368
0.952381
0.947368
0.952381
0.947368
0.967742
0.956522
0.967742
0.967742
0.96
0.983871
0.956522
0.952381
0.952381
0.971429
0.952381
0.956522
0.954545
0.956522
0.956522
0.947368
0.952381
0.947368
0.947368
0.965517
0.96
0.952381
0.952381
0.947368
0.947368
0.952381
0.947368
0.994764
0.985507
0.947368
0.983051
0.983051
0.998433
0.947368
0.962963
0.96
0.952381
0.952381
0.999284
0.956522
0.952381
0.995349
0.988889
0.95
0.95
0.952381
0.947368
0.956522
0.952381
0.996503
0.989583
0.962963
0.956522
0.956522
0.995098
0.952381
0.952381
0.947368
0.947368
0.96
0.96
0.952381
0.947368
0.952381
0.947368
0.961538
0.956522
0.95
0.947368
0.966667
0.952381
0.96
0.956522
0.952381
0.956522
0.956522
0.956522
0.966667
0.952381
0.962963
0.954545
0.947368
0.962963
0.952381
0.976744
0.967742
0.947368
0.956522
0.956522
0.96
0.952381
0.956522
0.956522
0.96
0.952381
0.947368
0.985507
0.979592
0.956522
0.952381
0.947368
0.962963
0.947368
0.954545
0.952381
0.952381
0.961538
0.95
0.947368
0.988764
0.992754
0.956522
0.952381
0.956522
0.952381
0.952381
0.965517
0.952381
0.971429
0.956522
0.952381
0.952381
0.947368
0.956522
0.947368
0.952381
0.952381
0.956522
0.95
0.952381
0.956522
0.947368
0.952381
0.96
0.964286
0.956522
0.952381
0.956522
0.992424
0.987179
0.952381
0.961538
0.95
0.96
0.962963
0.956522
0.962963
0.947368
0.956522
0.952381
0.947368
0.952381
0.952381
0.95
0.956522
0.965517
0.958333
0.96
0.952381
0.962963
0.956522
0.952381
0.947368
0.952381
0.952381
0.947368
0.947368
0.952381
0.961538
0.964286
0.956522
0.952381
0.95
0.958333
0.947368
0.956522
0.947368
0.947368
0.952381
0.956522
0.947368
0.952381
0.947368
0.954545
0.947368
0.962963
0.947368
0.952381
0.952381
0.987013
0.993464
0.967742
0.947368
0.95
0.992424
0.980392
0.962963
0.956522
0.96
0.972973
0.994048
0.981481
0.984127
0.983333
0.956522
0.962963
0.947368
0.952381
0.954545
0.96
0.947368
0.952381
0.956522
0.947368
0.958333
0.97561
0.983333
0.947368
0.956522
0.947368
0.952381
0.952381
0.947368
0.984848
0.97619
0.991597
0.947368
0.952381
0.95
0.947368
0.952381
0.952381
0.952381
0.956522
0.995122
0.985075
0.956522
0.952381
0.947368
0.952381
0.947368
0.947368
0.947368
0.947368
0.962963
0.947368
0.961538
0.95
0.947368
0.947368
0.947368
0.952381
0.947368
0.952381
0.952381
0.947368
0.952381
0.958333
0.956522
0.954545
0.958333
0.956522
0.96
0.954545
0.964286
0.947368
0.969697
0.99495
0.992593
0.956522
0.947368
0.947368
0.96
0.952381
0.95
0.95
0.952381
0.952381
0.989796
0.985915
0.96
0.952381
0.962963
0.96
0.947368
0.954545
0.965517
0.947368
0.956522
0.956522
0.952381
0.947368
0.96
0.961538
0.954545
0.947368
0.98913
0.98
0.982759
0.984615
0.96875
0.956522
0.952381
0.952381
0.952381
0.989899
0.981132
0.952381
0.958333
0.952381
0.952381
0.987952
0.985714
0.947368
0.956522
0.947368
0.947368
0.96
0.995556
0.952381
0.969697
0.952381
0.952381
0.952381
0.988764
0.99435
0.952381
0.947368
0.956522
0.96
0.996283
0.987342
0.95
0.964286
0.952381
0.962963
0.952381
0.952381
0.947368
0.993289
0.999426
0.956522
0.947368
0.952381
0.995851
0.997118
0.986301
0.956522
0.961538
0.947368
0.95
0.947368
0.947368
0.956522
0.956522
0.952381
0.952381
0.947368
0.956522
0.947368
0.952381
0.96875
0.947368
0.96
0.947368
0.952381
0.947368
0.947368
0.99875
0.991453
0.995305
0.996109
0.952381
0.958333
0.96
0.96
0.947368
0.952381
0.952381
0.947368
0.952381
0.947368
0.962963
0.947368
0.96
0.96
0.95
0.96
0.952381
0.947368
0.956522
0.958333
0.947368
0.961538
0.947368
0.947368
0.964286
0.956522
0.952381
0.952381
0.958333
0.988764
0.95
0.952381
0.956522
0.947368
0.947368
0.947368
0.947368
0.982759
0.980769
0.956522
0.956522
0.958333
0.947368
0.985075
0.985075
0.947368
0.958333
0.956522
0.96
0.952381
0.947368
0.95
0.964286
0.952381
0.96
0.986301
0.988372
0.947368
0.954545
0.952381
0.956522
0.947368
0.95
0.952381
0.97561
0.993378
0.952381
0.952381
0.947368
0.952381
0.96
0.95
0.947368
0.956522
0.954545
0.96
0.96
0.956522
0.952381
0.952381
0.96
0.961538
0.952381
0.947368
0.952381
0.96
0.947368
0.95
0.952381
0.947368
0.96
0.952381
0.947368
0.952381
0.947368
0.956522
0.96
0.952381
0.962963
0.947368
0.958333
0.962963
0.994924
0.999239
0.952381
0.947368
0.96
0.952381
0.956522
0.956522
0.956522
0.952381
0.956522
0.952381
0.952381
0.947368
0.95
0.95
0.947368
0.969697
0.952381
0.956522
0.952381
0.947368
0.947368
0.962963
0.954545
0.952381
0.947368
0.954545
0.947368
0.947368
0.947368
0.956522
0.947368
0.947368
0.947368
0.952381
0.947368
0.952381
0.952381
0.952381
0.947368
0.95
0.956522
0.967742
0.952381
0.947368
0.965517
0.96
0.952381
0.96
0.956522
0.956522
0.952381
0.947368
0.96
0.961538
0.952381
0.952381
0.956522
0.947368
0.954545
0.952381
0.952381
0.954545
0.956522
0.954545
0.956522
0.954545
0.962963
0.952381
0.964286
0.952381
0.965517
0.952381
0.947368
0.952381
0.952381
0.956522
0.952381
0.956522
0.96
0.947368
0.95
0.962963
0.952381
0.947368
0.987805
0.995781
0.965517
0.947368
0.947368
0.947368
0.947368
0.952381
0.947368
0.947368
0.947368
0.956522
0.958333
0.985915
0.958333
0.952381
0.965517
0.972222
0.954545
0.956522
0.961538
0.954545
0.947368
0.952381
0.947368
0.956522
0.947368
0.96
0.962963
0.958333
0.95
0.947368
0.964286
0.956522
0.956522
0.947368
0.947368
0.994413
0.981818
0.971429
0.952381
0.961538
0.95
0.962963
0.962963
0.952381
0.947368
0.956522
0.962963
0.962963
0.95
0.99359
0.983333
0.952381
0.947368
0.952381
0.95
0.947368
0.96
0.947368
0.956522
0.952381
0.947368
0.947368
0.956522
0.956522
0.95
0.954545
0.947368
0.982143
0.985294
0.952381
0.96
0.965517
0.962963
0.956522
0.952381
0.947368
0.952381
0.947368
0.947368
0.956522
0.95
0.952381
0.956522
0.956522
0.952381
0.952381
0.947368
0.947368
0.947368
0.96
0.956522
0.947368
0.956522
0.956522
0.952381
0.947368
0.956522
0.947368
0.947368
0.96
0.947368
0.985915
0.985714
0.958333
0.947368
0.952381
0.962963
0.962963
0.952381
0.958333
0.952381
0.952381
0.947368
0.947368
0.956522
0.952381
0.947368
0.952381
0.967742
0.947368
0.952381
0.947368
0.956522
0.947368
0.952381
0.947368
0.947368
0.956522
0.952381
0.952381
0.952381
0.958333
0.96
0.992188
0.998296
0.954545
0.95
0.956522
0.998849
0.993421
0.998775
0.956522
0.965517
0.956522
0.952381
0.965517
0.947368
0.952381
0.99952
0.961538
0.947368
0.965517
0.952381
0.962963
0.956522
0.978261
0.947368
0.956522
0.952381
0.947368
0.952381
0.952381
0.947368
0.962963
0.99854
0.964286
0.96
0.952381
0.947368
0.956522
0.956522
0.947368
0.952381
0.965517
0.952381
0.974359
0.952381
0.952381
0.952381
0.958333
0.965517
0.952381
0.947368
0.952381
0.947368
0.956522
0.952381
0.952381
0.956522
0.977778
0.961538
0.947368
0.952381
0.952381
0.952381
0.952381
0.956522
0.947368
0.96
0.952381
0.961538
0.952381
0.947368
0.947368
0.96
0.990654
0.993421
0.96
0.952381
0.956522
0.984848
0.952381
0.947368
0.952381
0.947368
0.947368
0.954545
0.947368
0.95
0.96
0.947368
0.95
0.952381
0.947368
0.965517
0.947368
0.956522
0.96
0.947368
0.96
0.952381
0.962963
0.952381
0.947368
0.991228
0.983871
0.952381
0.952381
0.947368
0.947368
0.961538
0.947368
0.956522
0.952381
0.95
0.962963
0.96
0.952381
0.96
0.952381
0.952381
0.962963
0.964286
0.956522
0.956522
0.952381
0.96
0.952381
0.965517
0.956522
0.947368
0.96
0.947368
0.952381
0.947368
0.956522
0.952381
0.956522
0.947368
0.952381
0.954545
0.982456
0.998314
0.956522
0.954545
0.956522
0.952381
0.947368
0.962963
0.947368
0.952381
0.947368
0.978723
0.952381
0.956522
0.96
0.958333
0.96
0.947368
0.956522
0.947368
0.947368
0.96
0.952381
0.952381
0.969697
0.952381
0.95
0.952381
0.956522
0.96
0.952381
0.95
0.947368
0.958333
0.947368
0.952381
0.958333
0.96
0.956522
0.961538
0.954545
0.96
0.952381
0.96
0.952381
0.962963
0.952381
0.947368
0.952381
0.956522
0.965517
0.956522
0.947368
0.954545
0.947368
0.952381
0.993506
0.993197
0.967742
0.956522
0.952381
0.952381
0.987342
0.995
0.952381
0.971429
0.952381
0.956522
0.947368
0.958333
0.947368
0.95
0.954545
0.956522
0.952381
0.947368
0.954545
0.965517
0.947368
0.956522
0.947368
0.952381
0.956522
0.952381
0.956522
0.952381
0.947368
0.952381
0.947368
0.947368
0.947368
0.952381
0.947368
0.96
0.947368
0.947368
0.95
0.947368
0.947368
0.954545
0.956522
0.952381
0.947368
0.961538
0.991525
0.992126
0.947368
0.952381
0.96
0.947368
0.956522
0.952381
0.952381
0.95
0.956522
0.947368
0.956522
0.952381
0.958333
0.947368
0.967742
0.965517
0.96
0.947368
0.995614
0.984615
0.947368
0.989796
0.988506
0.954545
0.947368
0.947368
0.952381
0.970588
0.966667
0.947368
0.947368
0.952381
0.947368
0.958333
0.947368
0.954545
0.967742
0.954545
0.947368
0.952381
0.958333
0.947368
0.954545
0.952381
0.96
0.96
0.965517
0.952381
0.956522
0.992537
0.993197
0.964286
0.956522
0.96
0.99115
0.998525
0.952381
0.971429
0.969697
0.96
0.952381
0.952381
0.956522
0.952381
0.958333
0.952381
0.947368
0.96
0.95
0.967742
0.967742
0.956522
0.965517
0.952381
0.952381
0.947368
0.952381
0.956522
0.952381
0.952381
0.952381
0.952381
0.947368
0.956522
0.952381
0.954545
0.952381
0.964286
0.947368
0.947368
0.947368
0.947368
0.961538
0.96
0.947368
0.996988
0.998945
0.952381
0.956522
0.947368
0.952381
0.947368
0.956522
0.947368
0.952381
0.947368
0.952381
0.947368
0.952381
0.947368
0.952381
0.952381
0.947368
0.952381
0.947368
0.956522
0.956522
0.952381
0.952381
0.956522
0.95
0.967742
0.956522
0.964286
0.958333
0.952381
0.952381
0.954545
0.947368
0.956522
0.947368
0.962963
0.956522
0.962963
0.998647
0.999332
0.947368
0.961538
0.952381
0.999543
0.956522
0.947368
0.947368
0.962963
0.947368
0.947368
0.947368
0.947368
0.95
0.997135
0.992537
0.952381
0.96
0.962963
0.967742
0.998117
0.986301
0.95
0.947368
0.947368
0.952381
0.956522
0.993464
0.994536
0.992188
0.96
0.956522
0.952381
0.952381
0.96
0.994681
0.999104
0.958333
0.956522
0.956522
0.961538
0.954545
0.956522
0.996633
0.992188
0.947368
0.96
0.956522
0.947368
0.96
0.947368
0.947368
0.961538
0.962963
0.956522
0.952381
0.961538
0.977273
0.965517
0.947368
0.958333
0.952381
0.962963
0.947368
0.947368
0.947368
0.952381
0.947368
0.947368
0.95
0.956522
0.962963
0.952381
0.947368
0.947368
0.952381
0.947368
0.95
0.956522
0.96
0.956522
0.974359
0.952381
0.956522
0.956522
0.965517
0.952381
0.956522
0.961538
0.974359
0.952381
0.952381
0.973684
0.969697
0.961538
0.947368
0.947368
0.956522
0.972973
0.962963
0.947368
0.952381
0.958333
0.952381
0.947368
0.952381
0.952381
0.952381
0.956522
0.947368
0.947368
0.956522
0.96
0.954545
0.952381
0.972973
0.952381
0.992754
0.986111
0.985075
0.96
0.952381
0.96
0.947368
0.947368
0.952381
0.952381
0.965517
0.964286
0.952381
0.956522
0.952381
0.947368
0.954545
0.947368
0.992958
0.970588
0.947368
0.961538
0.96
0.947368
0.962963
0.99
0.984615
0.956522
0.994898
0.952381
0.956522
0.95
0.952381
0.96
0.954545
0.967742
0.986486
0.961538
0.967742
0.956522
0.952381
0.965517
0.9967
0.952381
0.95
0.947368
0.952381
0.952381
0.99359
0.986842
0.954545
0.975
0.984615
0.956522
0.958333
0.956522
0.95
0.956522
0.964286
0.997423
0.961538
0.95
0.947368
0.952381
0.956522
0.952381
0.956522
0.995516
0.956522
0.956522
0.956522
0.952381
0.947368
0.95
0.996933
0.96
0.952381
0.947368
0.96
0.947368
0.947368
0.952381
0.954545
0.964286
0.952381
0.967742
0.956522
0.952381
0.947368
0.952381
0.958333
0.965517
0.947368
0.952381
0.947368
0.952381
0.956522
0.947368
0.958333
0.952381
0.952381
0.958333
0.947368
0.962963
0.947368
0.956522
0.958333
0.952381
0.962963
0.947368
0.956522
0.947368
0.952381
0.947368
0.956522
0.947368
0.952381
0.952381
0.947368
0.95
0.947368
0.947368
0.96
0.993151
0.988764
0.952381
0.956522
0.947368
0.947368
0.96
0.952381
0.95
0.956522
0.966667
0.962963
0.962963
0.952381
0.952381
0.952381
0.947368
0.952381
0.952381
0.956522
0.952381
0.952381
0.947368
0.956522
0.947368
0.947368
0.969697
0.96
0.962963
0.96
0.998779
0.947368
0.956522
0.947368
0.956522
0.956522
0.993378
0.956522
0.965517
0.985507
0.982759
0.969697
0.978723
0.952381
0.947368
0.947368
0.947368
0.95
0.952381
0.952381
0.952381
0.952381
0.96
0.954545
0.956522
0.961538
0.947368
0.952381
0.956522
0.947368
0.956522
0.952381
0.952381
0.952381
0.962963
0.96
0.966667
0.947368
0.96
0.966667
0.947368
0.956522
0.956522
0.96
0.956522
0.95
0.95
0.952381
0.952381
0.995851
0.95
0.95
0.952381
0.956522
0.956522
0.95
0.947368
0.96
0.956522
0.96875
0.956522
0.947368
0.947368
0.947368
0.947368
0.962963
0.947368
0.952381
0.988889
0.99537
0.952381
0.956522
0.99635
0.947368
0.954545
0.947368
0.947368
0.954545
0.947368
0.947368
0.952381
0.997375
0.954545
0.96
0.956522
0.952381
0.947368
0.96
0.95
0.952381
0.958333
0.956522
0.96
0.961538
0.947368
0.96
0.993421
0.985915
0.95
0.965517
0.989247
0.984615
0.947368
0.947368
0.947368
0.956522
0.947368
0.947368
0.947368
0.952381
0.952381
0.96
0.947368
0.947368
0.95
0.956522
0.956522
0.962963
0.96
0.954545
0.95
0.947368
0.962963
0.952381
0.962963
0.947368
0.95
0.956522
0.96
0.947368
0.947368
0.964286
0.952381
0.982456
0.95
0.971429
0.962963
0.947368
0.952381
0.952381
0.947368
0.947368
0.965517
0.952381
0.952381
0.961538
0.96
0.952381
0.956522
0.947368
0.958333
0.956522
0.992126
0.988235
0.947368
0.947368
0.947368
0.952381
0.96
0.95
0.952381
0.954545
0.947368
0.947368
0.962963
0.954545
0.947368
0.956522
0.947368
0.947368
0.956522
0.95
0.96
0.952381
0.952381
0.958333
0.947368
0.947368
0.947368
0.954545
0.987013
0.981818
0.947368
0.958333
0.952381
0.986842
0.997868
0.95
0.962963
0.952381
0.965517
0.952381
0.95
0.956522
0.947368
0.956522
0.952381
0.958333
0.947368
0.947368
0.952381
0.993631
0.983333
0.975
0.995745
0.952381
0.947368
0.947368
0.947368
0.947368
0.967742
0.954545
0.952381
0.947368
0.95
0.954545
0.947368
0.964286
0.952381
0.952381
0.958333
0.947368
0.947368
0.952381
0.947368
0.947368
0.956522
0.947368
0.952381
0.956522
0.956522
0.958333
0.956522
0.982143
0.952381
0.947368
0.958333
0.966667
0.952381
0.947368
0.952381
0.947368
0.96
0.947368
0.952381
0.954545
0.96
0.978723
0.99
0.954545
0.952381
0.972973
0.947368
0.96
0.954545
0.952381
0.985915
0.994382
0.947368
0.967742
0.958333
0.947368
0.956522
0.947368
0.956522
0.947368
0.97619
0.952381
0.952381
0.992
0.983333
0.997512
0.998058
0.96
0.947368
0.947368
0.96
0.947368
0.972973
0.95
0.965517
0.952381
0.956522
0.956522
0.952381
0.952381
0.952381
0.95
0.962963
0.96
0.947368
0.947368
0.956522
0.956522
0.992248
0.982456
0.947368
0.947368
0.952381
0.952381
0.947368
0.952381
0.952381
0.96
0.947368
0.956522
0.956522
0.952381
0.962963
0.947368
0.947368
0.962963
0.952381
0.969697
0.96
0.958333
0.96
0.956522
0.947368
0.954545
0.95
0.956522
0.956522
0.954545
0.952381
0.952381
0.956522
0.956522
0.952381
0.952381
0.96
0.954545
0.95
0.947368
0.952381
0.958333
0.977778
0.947368
0.952381
0.952381
0.956522
0.965517
0.952381
0.952381
0.988506
0.99115
0.954545
0.96
0.95
0.952381
0.956522
0.952381
0.956522
0.952381
0.96
0.952381
0.952381
0.947368
0.947368
0.992908
0.982456
0.96
0.989011
0.947368
0.96
0.947368
0.964286
0.947368
0.984615
0.986111
0.952381
0.956522
0.956522
0.952381
0.947368
0.952381
0.952381
0.956522
0.961538
0.947368
0.958333
0.95
0.958333
0.952381
0.947368
0.956522
0.952381
0.952381
0.947368
0.962963
0.956522
0.952381
0.956522
0.947368
0.96
0.958333
0.952381
0.977273
0.956522
0.954545
0.952381
0.947368
0.96
0.952381
0.956522
0.96
0.982759
0.986842
0.947368
0.956522
0.985075
0.967742
0.971429
0.952381
0.947368
0.952381
0.947368
0.958333
0.947368
0.987952
0.99115
0.962963
0.954545
0.96
0.978261
0.988235
0.954545
0.992908
0.992806
0.947368
0.952381
0.947368
0.992481
0.994253
0.984127
0.996894
0.952381
0.947368
0.95
0.947368
0.952381
0.956522
0.956522
0.947368
0.962963
0.954545
0.947368
0.956522
0.947368
0.947368
0.971429
0.947368
0.956522
0.947368
0.956522
0.952381
0.952381
0.956522
0.956522
0.952381
0.947368
0.970588
0.952381
0.947368
0.962963
0.956522
0.947368
0.952381
0.96
0.956522
0.952381
0.956522
0.96
0.952381
0.947368
0.962963
0.952381
0.947368
0.956522
0.954545
0.983333
0.987013
0.947368
0.956522
0.947368
0.947368
0.988636
0.984848
0.954545
0.947368
0.96
0.996198
0.947368
0.947368
0.952381
0.956522
0.947368
0.952381
0.96
0.962963
0.954545
0.952381
0.947368
0.947368
0.947368
0.96
0.956522
0.947368
0.956522
0.954545
0.947368
0.947368
0.947368
0.952381
0.989899
0.954545
0.956522
0.947368
0.947368
0.962963
0.947368
0.956522
0.956522
0.952381
0.952381
0.967742
0.952381
0.956522
0.96
0.958333
0.987342
0.996139
0.952381
0.965517
0.96
0.947368
0.96
0.988636
0.993421
0.956522
0.958333
0.947368
0.96
0.952381
0.956522
0.96
0.952381
0.962963
0.947368
0.952381
0.998862
0.952381
0.952381
0.956522
0.96
0.958333
0.991525
0.985714
0.95
0.952381
0.96
0.947368
0.947368
0.952381
0.947368
0.993631
0.993548
0.952381
0.952381
0.947368
0.956522
0.962963
0.961538
0.947368
0.956522
0.952381
0.956522
0.952381
0.956522
0.999322
0.998643
0.956522
0.96
0.962963
0.985915
0.954545
0.965517
0.96
0.947368
0.956522
0.947368
0.947368
0.96
0.952381
0.96
0.947368
0.952381
0.95
0.956522
0.947368
0.952381
0.947368
0.952381
0.947368
0.956522
0.956522
0.994595
0.985294
0.96
0.947368
0.954545
0.947368
0.96
0.96
0.947368
0.954545
0.96
0.952381
0.956522
0.952381
0.947368
0.95
0.947368
0.956522
0.947368
0.956522
0.947368
0.947368
0.947368
0.952381
0.952381
0.96
0.952381
0.956522
0.965517
0.96
0.96
0.956522
0.947368
0.947368
0.947368
0.947368
0.952381
0.947368
0.96
0.947368
0.952381
0.995671
0.984848
0.96
0.956522
0.96
0.967742
0.965517
0.952381
0.947368
0.947368
0.990909
0.991736
0.978261
0.964286
0.952381
0.952381
0.947368
0.952381
0.952381
0.958333
0.952381
0.947368
0.956522
0.956522
0.947368
0.966667
0.96
0.986842
0.985294
0.952381
0.952381
0.956522
0.947368
0.96
0.95
0.965517
0.947368
0.952381
0.992908
0.981481
0.952381
0.952381
0.956522
0.95
0.956522
0.952381
0.992537
0.983333
0.952381
0.952381
0.947368
0.947368
0.952381
0.956522
0.947368
0.947368
0.962963
0.956522
0.956522
0.952381
0.952381
0.962963
0.95
0.952381
0.96
0.947368
0.956522
0.954545
0.956522
0.956522
0.971429
0.952381
0.947368
0.956522
0.956522
0.961538
0.956522
0.947368
0.954545
0.947368
0.952381
0.96
0.962963
0.961538
0.96
0.947368
0.947368
0.956522
0.952381
0.95
0.992754
0.994595
0.956522
0.954545
0.947368
0.987805
0.979167
0.952381
0.962963
0.952381
0.962963
0.947368
0.958333
0.956522
0.956522
0.952381
0.952381
0.962963
0.989362
0.995833
0.96
0.961538
0.947368
0.956522
0.956522
0.947368
0.952381
0.96
0.947368
0.956522
0.947368
0.952381
0.956522
0.956522
0.947368
0.956522
0.952381
0.956522
0.956522
0.947368
0.995763
0.989691
0.958333
0.947368
0.947368
0.956522
0.947368
0.947368
0.974359
0.956522
0.947368
0.985507
0.982759
0.96
0.947368
0.952381
0.947368
0.947368
0.952381
0.947368
0.947368
0.956522
0.947368
0.994924
0.992908
0.952381
0.958333
0.954545
0.983871
0.985075
0.947368
0.952381
0.956522
0.962963
0.96
0.962963
0.947368
0.99639
0.983871
0.947368
0.96
0.952381
0.952381
0.967742
0.990566
0.985714
0.9875
0.947368
0.9875
0.971429
0.952381
0.952381
0.947368
0.96
0.967742
0.947368
0.952381
0.952381
0.962963
0.956522
0.956522
0.96
0.947368
0.96
0.952381
0.96
0.99187
0.992248
0.956522
0.947368
0.947368
0.952381
0.947368
0.952381
0.956522
0.947368
0.947368
0.96
0.969697
0.95
0.947368
0.96
0.954545
0.961538
0.962963
0.966667
0.956522
0.993103
0.995455
0.947368
0.952381
0.95
0.965517
0.981818
0.947368
0.947368
0.956522
0.956522
0.952381
0.947368
0.96
0.956522
0.956522
0.947368
0.952381
0.995652
0.985714
0.956522
0.947368
0.952381
0.947368
0.96
0.947368
0.952381
0.947368
0.947368
0.952381
0.952381
0.947368
0.947368
0.99889
0.999121
0.947368
0.947368
0.998938
0.996255
0.947368
0.956522
0.962963
0.947368
0.952381
0.96
0.947368
0.956522
0.961538
0.947368
0.956522
0.961538
0.947368
0.956522
0.954545
0.947368
0.952381
0.96
0.947368
0.95
0.962963
0.947368
0.96
0.962963
0.956522
0.952381
0.956522
0.954545
0.956522
0.96
0.967742
0.966667
0.952381
0.952381
0.972973
0.95
0.947368
0.952381
0.961538
0.947368
0.952381
0.962963
0.965517
0.95
0.95
0.952381
0.99422
0.987179
0.962963
0.947368
0.956522
0.970588
0.952381
0.956522
0.952381
0.956522
0.962963
0.947368
0.956522
0.96
0.947368
0.947368
0.956522
0.989474
0.994012
0.947368
0.952381
0.96
0.989796
0.987654
0.961538
0.971429
0.96
0.952381
0.986301
0.983051
0.965517
0.962963
0.947368
0.95
0.952381
0.952381
0.962963
0.96
0.947368
0.988764
0.977778
0.952381
0.952381
0.947368
0.96
0.956522
0.952381
0.985714
0.983871
0.952381
0.947368
0.947368
0.947368
0.947368
0.947368
0.958333
0.947368
0.956522
0.971429
0.956522
0.962963
0.965517
0.954545
0.952381
0.96
0.947368
0.952381
0.947368
0.952381
0.956522
0.96
0.952381
0.947368
0.952381
0.956522
0.970588
0.947368
0.947368
0.95
0.956522
0.947368
0.952381
0.95
0.947368
0.947368
0.947368
0.952381
0.947368
0.952381
0.95
0.952381
0.965517
0.952381
0.947368
0.952381
0.947368
0.947368
0.954545
0.947368
0.956522
0.947368
0.96
0.947368
0.947368
0.947368
0.952381
0.956522
0.956522
0.952381
0.96
0.965517
0.956522
0.991304
0.992188
0.96
0.947368
0.952381
0.956522
0.947368
0.987013
0.986842
0.956522
0.947368
0.954545
0.947368
0.947368
0.952381
0.952381
0.947368
0.96
0.993333
0.983607
0.956522
0.947368
0.952381
0.96
0.947368
0.947368
0.947368
0.947368
0.947368
0.952381
0.947368
0.947368
0.947368
0.956522
0.998141
0.956522
0.956522
0.947368
0.952381
0.956522
0.989583
0.954545
0.956522
0.96
0.956522
0.956522
0.962963
0.952381
0.988636
0.993333
0.956522
0.952381
0.947368
0.95
0.962963
0.956522
0.952381
0.956522
0.952381
0.992806
0.983333
0.956522
0.956522
0.956522
0.982456
0.986301
0.947368
0.96
0.96
0.96
0.947368
0.952381
0.947368
0.956522
0.952381
0.947368
0.956522
0.96
0.947368
0.970588
0.947368
0.96
0.961538
0.962963
0.987013
0.994624
0.992188
0.95
0.947368
0.956522
0.958333
0.952381
0.96
0.956522
0.965517
0.952381
0.96
0.96
0.956522
0.947368
0.952381
0.947368
0.96
0.962963
0.952381
0.952381
0.952381
0.96
0.952381
0.956522
0.947368
0.947368
0.952381
0.947368
0.952381
0.956522
0.956522
0.956522
0.96
0.993631
0.979592
0.956522
0.952381
0.947368
0.952381
0.947368
0.96
0.976744
0.947368
0.97561
0.952381
0.95
0.966667
0.952381
0.952381
0.962963
0.962963
0.952381
0.991525
0.972973
0.952381
0.984848
0.961538
0.952381
0.952381
0.952381
0.952381
0.95
0.967742
0.996587
0.972222
0.95
0.996587
0.994444
0.956522
0.952381
0.947368
0.958333
0.952381
0.965517
0.952381
0.947368
0.952381
0.956522
0.947368
0.952381
0.947368
0.952381
0.952381
0.952381
0.947368
0.954545
0.952381
0.956522
0.947368
0.947368
0.992647
0.999234
0.952381
0.95
0.947368
0.952381
0.956522
0.947368
0.958333
0.971429
0.958333
0.952381
0.956522
0.992701
0.991597
0.956522
0.952381
0.965517
0.990991
0.993103
0.96
0.971429
0.947368
0.962963
0.947368
0.95
0.952381
0.952381
0.947368
0.947368
0.965517
0.962963
0.966667
0.961538
0.962963
0.952381
0.947368
0.952381
0.952381
0.947368
0.956522
0.96
0.962963
0.962963
0.954545
0.961538
0.952381
0.958333
0.962963
0.956522
0.966667
0.952381
0.947368
0.962963
0.947368
0.956522
0.96
0.952381
0.947368
0.954545
0.952381
0.962963
0.962963
0.971429
0.952381
0.956522
0.956522
0.970588
0.947368
0.947368
0.964286
0.956522
0.956522
0.947368
0.947368
0.947368
0.954545
0.952381
0.952381
0.947368
0.96
0.952381
0.952381
0.96
0.956522
0.947368
0.96
0.947368
0.952381
0.956522
0.96
0.954545
0.952381
0.956522
0.947368
0.962963
0.952381
0.952381
0.958333
0.952381
0.954545
0.952381
0.9875
0.987013
0.952381
0.967742
0.952381
0.986842
0.996416
0.977273
0.947368
0.947368
0.956522
0.952381
0.947368
0.947368
0.947368
0.994012
0.980392
0.954545
0.972222
0.983871
0.952381
0.956522
0.952381
0.947368
0.967742
0.962963
0.956522
0.954545
0.997199
0.996667
0.947368
0.956522
0.947368
0.947368
0.947368
0.952381
0.947368
0.956522
0.947368
0.956522
0.954545
0.947368
0.96
0.962963
0.965517
0.952381
0.952381
0.952381
0.947368
0.962963
0.952381
0.96
0.952381
0.952381
0.994565
0.983333
0.952381
0.952381
0.96
0.95
0.947368
0.947368
0.947368
0.947368
0.952381
0.994709
0.996845
0.952381
0.952381
0.947368
0.956522
0.96
0.95
0.947368
0.954545
0.947368
0.947368
0.96
0.952381
0.956522
0.952381
0.947368
0.947368
0.947368
0.96
0.947368
0.952381
0.956522
0.947368
0.988235
0.990741
0.95
0.96
0.96
0.956522
0.994413
0.985507
0.956522
0.952381
0.952381
0.962963
0.952381
0.965517
0.952381
0.954545
0.956522
0.952381
0.956522
0.962963
0.99661
0.985714
0.947368
0.961538
0.947368
0.947368
0.96
0.962963
0.952381
0.95
0.952381
0.952381
0.954545
0.95
0.956522
0.962963
0.983607
0.95
0.952381
0.95
0.947368
0.947368
0.956522
0.952381
0.956522
0.947368
0.952381
0.952381
0.988636
0.994475
0.962963
0.947368
0.947368
0.947368
0.954545
0.947368
0.952381
0.952381
0.962963
0.947368
0.967742
0.962963
0.96
0.952381
0.954545
0.947368
0.962963
0.954545
0.947368
0.991525
0.984848
0.96
0.952381
0.952381
0.947368
0.947368
0.971429
0.947368
0.954545
0.952381
0.947368
0.956522
0.947368
0.952381
0.958333
0.996047
0.998592
0.952381
0.956522
0.956522
0.95
0.95
0.947368
0.956522
0.996564
0.994012
0.956522
0.947368
0.986301
0.984615
0.947368
0.952381
0.947368
0.947368
0.956522
0.952381
0.947368
0.96
0.990476
0.982456
0.947368
0.96
0.956522
0.947368
0.952381
0.962963
0.952381
0.947368
0.947368
0.952381
0.965517
0.973684
0.992424
0.996904
0.998355
0.952381
0.958333
0.958333
0.962963
0.984615
0.952381
0.956522
0.95
0.956522
0.952381
0.956522
0.96
0.947368
0.947368
0.956522
0.952381
0.947368
0.952381
0.947368
0.95
0.947368
0.952381
0.952381
0.990741
0.983871
0.947368
0.954545
0.947368
0.947368
0.952381
0.954545
0.947368
0.947368
0.956522
0.947368
0.956522
0.947368
0.947368
0.947368
0.952381
0.96
0.96
0.947368
0.947368
0.947368
0.952381
0.956522
0.952381
0.947368
0.956522
0.95
0.947368
0.956522
0.952381
0.961538
0.952381
0.947368
0.954545
0.956522
0.947368
0.956522
0.956522
0.998525
0.952381
0.956522
0.988095
0.947368
0.96
0.956522
0.96
0.962963
0.956522
0.956522
0.956522
0.952381
0.956522
0.947368
0.952381
0.95
0.95
0.956522
0.956522
0.954545
0.958333
0.95
0.958333
0.956522
0.995261
0.990566
0.947368
0.952381
0.952381
0.947368
0.952381
0.947368
0.956522
0.947368
0.947368
0.995
0.991304
0.952381
0.952381
0.956522
0.956522
0.956522
0.958333
0.947368
0.952381
0.952381
0.952381
0.989474
0.986301
0.956522
0.95
0.956522
0.96
0.952381
0.947368
0.956522
0.956522
0.96
0.952381
0.96
0.956522
0.962963
0.992126
0.956522
0.989247
0.981818
0.947368
0.952381
0.952381
0.952381
0.947368
0.952381
0.952381
0.947368
0.947368
0.952381
0.952381
0.947368
0.96
0.952381
0.947368
0.952381
0.96
0.952381
0.958333
0.947368
0.956522
0.956522
0.954545
0.961538
0.947368
0.947368
0.947368
0.947368
0.947368
0.972973
0.956522
0.952381
0.947368
0.947368
0.947368
0.964286
0.962963
0.956522
0.99569
0.994048
0.947368
0.952381
0.956522
0.954545
0.956522
0.952381
0.947368
0.95
0.947368
0.996711
0.995413
0.96
0.947368
0.964286
0.965517
0.952381
0.952381
0.952381
0.947368
0.947368
0.947368
0.956522
0.947368
0.965517
0.956522
0.947368
0.961538
0.956522
0.947368
0.952381
0.952381
0.947368
0.947368
0.956522
0.96
0.994318
0.986486
0.952381
0.96
0.965517
0.956522
0.947368
0.947368
0.947368
0.952381
0.947368
0.987179
0.995475
0.956522
0.99697
0.964286
0.956522
0.95
0.952381
0.952381
0.947368
0.956522
0.996241
0.995327
0.947368
0.956522
0.952381
0.991736
0.989362
0.956522
0.947368
0.958333
0.969697
0.956522
0.947368
0.947368
0.947368
0.958333
0.947368
0.952381
0.952381
0.952381
0.96
0.952381
0.952381
0.989796
0.992958
0.952381
0.947368
0.986301
0.985294
0.947368
0.947368
0.96
0.985294
0.985294
0.95
0.967742
0.952381
0.96
0.947368
0.965517
0.962963
0.956522
0.952381
0.956522
0.967742
0.956522
0.947368
0.989583
0.99811
0.952381
0.997361
0.947368
0.956522
0.952381
0.952381
0.962963
0.970588
0.952381
0.947368
0.947368
0.956522
0.96
0.952381
0.95
0.956522
0.952381
0.977778
0.993007
0.994737
0.952381
0.952381
0.956522
0.95
0.962963
0.947368
0.947368
0.954545
0.958333
0.966667
0.964286
0.952381
0.952381
0.95
0.947368
0.952381
0.997093
0.995238
0.947368
0.956522
0.947368
0.956522
0.947368
0.947368
0.954545
0.952381
0.956522
0.956522
0.975
0.947368
0.947368
0.961538
0.956522
0.956522
0.956522
0.952381
0.947368
0.956522
0.965517
0.952381
0.952381
0.956522
0.952381
0.956522
0.952381
0.952381
0.947368
0.952381
0.947368
0.958333
0.96
0.947368
0.952381
0.962963
0.952381
0.947368
0.947368
0.947368
0.952381
0.979592
0.956522
0.952381
0.952381
0.95
0.982759
0.985075
0.956522
0.956522
0.952381
0.947368
0.96
0.956522
0.96
0.991736
0.983871
0.947368
0.952381
0.947368
0.962963
0.947368
0.947368
0.947368
0.956522
0.952381
0.96
0.952381
0.952381
0.947368
0.952381
0.96
0.947368
0.947368
0.952381
0.962963
0.947368
0.954545
0.947368
0.96
0.947368
0.947368
0.947368
0.96
0.952381
0.992063
0.997253
0.952381
0.998946
0.997143
0.947368
0.952381
0.954545
0.96
0.96
0.952381
0.96
0.952381
0.956522
0.952381
0.956522
0.956522
0.965517
0.952381
0.958333
0.956522
0.96
0.952381
0.96
0.961538
0.956522
0.947368
0.952381
0.958333
0.952381
0.995516
0.987179
0.961538
0.952381
0.952381
0.978261
0.952381
0.952381
0.952381
0.947368
0.956522
0.952381
0.947368
0.952381
0.947368
0.952381
0.947368
