0.334628
0.437937
0.474913
0.419358
0.367127
0.292014
0.370266
0.430205
0.459085
0.473382
0.473391
0.473351
0.0107691
0.0565769
0.0260581
0.054615
0.341
0.445075
0.332377
0.436859
0.474208
0.417442
0.364588
0.289964
0.367716
0.428308
0.458215
0.472905
0.472664
0.472622
0.0108959
0.0570044
0.0263537
0.055571
0.338714
0.443833
0.330132
0.435747
0.473478
0.415472
0.362023
0.28795
0.365128
0.426357
0.457315
0.472412
0.471912
0.471867
0.0110315
0.0574643
0.026671
0.0565667
0.33643
0.442554
0.327896
0.434601
0.472722
0.41345
0.359434
0.285975
0.362504
0.424352
0.456386
0.471902
0.471134
0.471086
0.0111762
0.0579573
0.0270105
0.0576021
0.33415
0.441239
0.32567
0.433421
0.471939
0.411376
0.356826
0.284041
0.359848
0.422294
0.455426
0.471373
0.470329
0.470279
0.0113306
0.0584839
0.0273727
0.0586772
0.331878
0.439887
0.323457
0.432204
0.471129
0.409249
0.3542
0.28215
0.357161
0.420183
0.454435
0.470826
0.469497
0.469444
0.0114952
0.0590445
0.027758
0.0597916
0.329614
0.438497
0.321259
0.430952
0.470292
0.407071
0.35156
0.280303
0.354447
0.418018
0.453412
0.470259
0.468637
0.468581
0.0116705
0.0596394
0.0281669
0.0609451
0.327362
0.43707
0.319079
0.429664
0.469426
0.404842
0.348909
0.278503
0.351709
0.415801
0.452357
0.469674
0.467748
0.46769
0.0118571
0.0602689
0.0285998
0.0621372
0.325123
0.435604
0.31692
0.428338
0.46853
0.402563
0.346251
0.276751
0.34895
0.413532
0.451269
0.469068
0.46683
0.466769
0.0120556
0.0609333
0.0290571
0.0633675
0.322901
0.4341
0.314782
0.426975
0.467605
0.400235
0.343588
0.275048
0.346173
0.411212
0.450148
0.468441
0.465883
0.465818
0.0122664
0.0616328
0.0295392
0.0646352
0.320696
0.432557
0.31267
0.425574
0.466649
0.397859
0.340924
0.273395
0.343382
0.408843
0.448992
0.467793
0.464905
0.464836
0.0124902
0.0623675
0.0300463
0.0659396
0.318512
0.430976
0.310584
0.424135
0.465663
0.395437
0.338264
0.271793
0.340582
0.406425
0.447802
0.467124
0.463896
0.463823
0.0127276
0.0631374
0.0305786
0.0672799
0.316351
0.429356
0.308528
0.422657
0.464645
0.392971
0.335609
0.270243
0.337774
0.40396
0.446577
0.466432
0.462855
0.462779
0.0129793
0.0639424
0.0311365
0.0686551
0.314214
0.427698
0.306502
0.42114
0.463594
0.390462
0.332965
0.268744
0.334964
0.401449
0.445317
0.465717
0.461782
0.461702
0.0132458
0.0647824
0.0317201
0.0700641
0.312103
0.426002
0.304509
0.419585
0.462511
0.387912
0.330334
0.267298
0.332156
0.398895
0.44402
0.464979
0.460677
0.460592
0.0135279
0.0656571
0.0323294
0.0715057
0.310021
0.424268
0.30255
0.41799
0.461395
0.385324
0.327719
0.265905
0.329352
0.396299
0.442688
0.464218
0.459538
0.459449
0.0138261
0.0665662
0.0329647
0.0729788
0.307968
0.422496
0.300627
0.416357
0.460246
0.3827
0.325126
0.264564
0.326558
0.393664
0.441318
0.463432
0.458366
0.458272
0.0141411
0.0675093
0.0336258
0.0744819
0.305948
0.420687
0.298742
0.414684
0.459063
0.380043
0.322556
0.263274
0.323778
0.390992
0.439913
0.462621
0.45716
0.457061
0.0144737
0.068486
0.0343127
0.0760137
0.30396
0.418841
0.296896
0.412973
0.457846
0.377355
0.320013
0.262037
0.321014
0.388285
0.43847
0.461785
0.45592
0.455816
0.0148244
0.0694956
0.0350254
0.0775726
0.302007
0.41696
0.295089
0.411223
0.456594
0.37464
0.317501
0.260851
0.318271
0.385547
0.43699
0.460924
0.454646
0.454536
0.0151939
0.0705375
0.0357636
0.0791571
0.300089
0.415043
0.293324
0.409435
0.455308
0.3719
0.315022
0.259715
0.315552
0.382781
0.435473
0.460037
0.453336
0.453221
0.0155829
0.0716108
0.0365271
0.0807654
0.298208
0.413091
0.291601
0.407609
0.453987
0.369139
0.31258
0.258628
0.312862
0.379989
0.433919
0.459123
0.451992
0.45187
0.0159921
0.0727149
0.0373157
0.0823959
0.296365
0.411106
0.289921
0.405746
0.452631
0.366359
0.310176
0.25759
0.310204
0.377175
0.432329
0.458182
0.450612
0.450485
0.0164222
0.0738487
0.038129
0.0840469
0.294561
0.409088
0.288284
0.403846
0.45124
0.363565
0.307814
0.2566
0.307581
0.374342
0.430701
0.457214
0.449197
0.449063
0.0168736
0.0750113
0.0389666
0.0857167
0.292796
0.407039
0.286691
0.40191
0.449815
0.360761
0.305496
0.255656
0.304997
0.371494
0.429037
0.456219
0.447747
0.447607
0.0173471
0.0762017
0.0398282
0.0874033
0.291071
0.40496
0.285142
0.399939
0.448354
0.357948
0.303224
0.254757
0.302454
0.368634
0.427336
0.455195
0.446262
0.446115
0.0178434
0.0774187
0.040713
0.0891052
0.289387
0.402851
0.283638
0.397934
0.446859
0.355132
0.300999
0.253902
0.299955
0.365765
0.425599
0.454144
0.444741
0.444587
0.0183628
0.0786611
0.0416207
0.0908202
0.287743
0.400715
0.282179
0.395895
0.44533
0.352316
0.298825
0.25309
0.297503
0.362893
0.423827
0.453064
0.443186
0.443024
0.0189061
0.0799277
0.0425505
0.0925467
0.286141
0.398553
0.280764
0.393824
0.443766
0.349503
0.296702
0.252318
0.2951
0.360019
0.42202
0.451956
0.441595
0.441426
0.0194738
0.0812172
0.0435018
0.0942827
0.28458
0.396365
0.279394
0.391721
0.442169
0.346698
0.294631
0.251587
0.292749
0.357148
0.420179
0.450819
0.43997
0.439794
0.0200663
0.0825284
0.044474
0.0960266
0.28306
0.394155
0.278067
0.389589
0.440538
0.343903
0.292614
0.250893
0.290451
0.354284
0.418304
0.449653
0.438311
0.438127
0.0206841
0.0838597
0.0454662
0.0977764
0.281581
0.391923
0.276785
0.387428
0.438875
0.341123
0.290652
0.250236
0.288208
0.35143
0.416396
0.448458
0.436619
0.436426
0.0213277
0.08521
0.0464776
0.0995303
0.280143
0.389671
0.275546
0.38524
0.43718
0.338361
0.288745
0.249614
0.286021
0.34859
0.414457
0.447234
0.434893
0.434692
0.0219973
0.0865774
0.0475073
0.101287
0.278746
0.387401
0.27435
0.383026
0.435453
0.335621
0.286893
0.249026
0.283891
0.345768
0.412486
0.445981
0.433135
0.432925
0.0226934
0.0879608
0.0485546
0.103044
0.27739
0.385115
0.273197
0.380788
0.433695
0.332905
0.285097
0.24847
0.281821
0.342966
0.410485
0.4447
0.431344
0.431127
0.0234162
0.0893587
0.0496185
0.1048
0.276073
0.382815
0.272085
0.378528
0.431908
0.330218
0.283358
0.247945
0.279809
0.34019
0.408456
0.443389
0.429523
0.429297
0.0241659
0.0907694
0.050698
0.106553
0.274796
0.380503
0.271014
0.376247
0.430092
0.327561
0.281674
0.24745
0.277857
0.337441
0.406399
0.442049
0.427672
0.427436
0.0249428
0.0921916
0.0517921
0.108302
0.273558
0.37818
0.269983
0.373947
0.428248
0.324939
0.280046
0.246982
0.275965
0.334722
0.404316
0.440681
0.425791
0.425547
0.0257469
0.0936238
0.0528999
0.110045
0.272359
0.375848
0.268991
0.37163
0.426377
0.322353
0.278473
0.246541
0.274134
0.332038
0.402208
0.439285
0.423881
0.423628
0.0265782
0.0950643
0.0540204
0.111781
0.271197
0.373511
0.268038
0.369298
0.424481
0.319807
0.276955
0.246125
0.272362
0.329391
0.400077
0.437861
0.421945
0.421683
0.0274369
0.0965119
0.0551524
0.113508
0.270072
0.371169
0.267122
0.366952
0.42256
0.317303
0.275492
0.245734
0.270651
0.326783
0.397924
0.436409
0.419982
0.419712
0.0283227
0.0979648
0.056295
0.115225
0.268983
0.368825
0.266243
0.364595
0.420616
0.314843
0.274081
0.245365
0.268998
0.324217
0.39575
0.43493
0.417995
0.417715
0.0292355
0.0994217
0.057447
0.11693
0.26793
0.366481
0.265399
0.362229
0.41865
0.312429
0.272723
0.245017
0.267404
0.321695
0.393558
0.433425
0.415984
0.415695
0.0301751
0.100881
0.0586074
0.118623
0.266912
0.364139
0.264589
0.359856
0.416664
0.310063
0.271416
0.24469
0.265869
0.31922
0.391349
0.431893
0.413951
0.413653
0.0311413
0.102342
0.0597751
0.120302
0.265927
0.361801
0.263813
0.357478
0.414659
0.307746
0.270159
0.244383
0.26439
0.316793
0.389125
0.430336
0.411897
0.411591
0.0321336
0.103802
0.0609489
0.121965
0.264976
0.359469
0.263069
0.355096
0.412637
0.30548
0.268952
0.244093
0.262967
0.314416
0.386888
0.428754
0.409824
0.409509
0.0331516
0.105261
0.0621279
0.123612
0.264057
0.357145
0.262357
0.352714
0.410599
0.303266
0.267792
0.24382
0.2616
0.31209
0.384639
0.427147
0.407734
0.40741
0.0341948
0.106716
0.0633109
0.125242
0.263169
0.354831
0.261675
0.350333
0.408547
0.301106
0.266679
0.243564
0.260286
0.309818
0.382381
0.425518
0.405627
0.405295
0.0352627
0.108167
0.0644967
0.126854
0.262312
0.352529
0.261022
0.347955
0.406482
0.299
0.265611
0.243323
0.259025
0.307599
0.380116
0.423865
0.403507
0.403166
0.0363546
0.109613
0.0656844
0.128446
0.261484
0.350241
0.260397
0.345582
0.404407
0.296948
0.264588
0.243097
0.257815
0.305435
0.377845
0.422192
0.401374
0.401025
0.0374697
0.111051
0.0668727
0.130019
0.260686
0.347969
0.2598
0.343216
0.402323
0.294952
0.263607
0.242883
0.256655
0.303327
0.375572
0.420498
0.39923
0.398873
0.0386073
0.112482
0.0680607
0.13157
0.259915
0.345715
0.259228
0.34086
0.400232
0.293011
0.262667
0.242683
0.255544
0.301275
0.373296
0.418784
0.397077
0.396713
0.0397665
0.113903
0.0692473
0.1331
0.259171
0.34348
0.258682
0.338516
0.398135
0.291125
0.261767
0.242494
0.254479
0.29928
0.371022
0.417051
0.394918
0.394546
0.0409464
0.115314
0.0704314
0.134608
0.258454
0.341265
0.25816
0.336184
0.396035
0.289296
0.260906
0.242317
0.25346
0.297341
0.36875
0.415302
0.392753
0.392375
0.042146
0.116713
0.071612
0.136092
0.257762
0.339074
0.257662
0.333868
0.393933
0.287521
0.260082
0.24215
0.252485
0.29546
0.366484
0.413536
0.390585
0.3902
0.0433643
0.1181
0.0727882
0.137553
0.257094
0.336907
0.257186
0.331568
0.391831
0.285802
0.259294
0.241994
0.251553
0.293635
0.364224
0.411755
0.388416
0.388025
0.0446003
0.119473
0.0739588
0.138991
0.25645
0.334765
0.256731
0.329287
0.389731
0.284138
0.25854
0.241846
0.250661
0.291866
0.361973
0.409961
0.386248
0.38585
0.0458526
0.120832
0.0751231
0.140403
0.255829
0.33265
0.256296
0.327027
0.387634
0.282527
0.257819
0.241707
0.24981
0.290154
0.359733
0.408154
0.384082
0.383679
0.0471203
0.122175
0.0762799
0.141791
0.255231
0.330564
0.255882
0.324788
0.385543
0.28097
0.25713
0.241577
0.248996
0.288497
0.357506
0.406336
0.38192
0.381512
0.0484021
0.123502
0.0774285
0.143153
0.254653
0.328507
0.255486
0.322573
0.383458
0.279466
0.256471
0.241454
0.248219
0.286895
0.355293
0.404509
0.379765
0.379352
0.0496967
0.124812
0.0785679
0.144489
0.254097
0.326481
0.255108
0.320383
0.381383
0.278013
0.255842
0.241338
0.247477
0.285347
0.353097
0.402673
0.377618
0.377201
0.0510029
0.126104
0.0796973
0.1458
0.25356
0.324486
0.254747
0.318219
0.379318
0.276611
0.255241
0.241229
0.246769
0.283852
0.35092
0.400831
0.375481
0.37506
0.0523193
0.127378
0.0808158
0.147084
0.253042
0.322524
0.254403
0.316083
0.377264
0.275259
0.254666
0.241127
0.246093
0.28241
0.348762
0.398983
0.373356
0.372931
0.0536447
0.128632
0.0819228
0.148342
0.252543
0.320595
0.254074
0.313975
0.375225
0.273956
0.254118
0.24103
0.245448
0.281019
0.346626
0.397132
0.371244
0.370817
0.0549778
0.129867
0.0830173
0.149573
0.252062
0.3187
0.253761
0.311898
0.3732
0.2727
0.253593
0.240939
0.244833
0.279678
0.344513
0.395278
0.369148
0.368718
0.056317
0.131081
0.0840987
0.150778
0.251598
0.316839
0.253461
0.309851
0.371192
0.271491
0.253092
0.240853
0.244246
0.278387
0.342425
0.393422
0.367068
0.366636
0.0576614
0.132275
0.0851664
0.151956
0.25115
0.315014
0.253176
0.307836
0.369202
0.270327
0.252614
0.240771
0.243686
0.277144
0.340363
0.391568
0.365007
0.364573
0.0590093
0.133447
0.0862196
0.153107
0.250718
0.313225
0.252903
0.305853
0.367231
0.269207
0.252157
0.240695
0.243152
0.275947
0.338328
0.389715
0.362965
0.36253
0.0603596
0.134597
0.0872578
0.154232
0.250301
0.311472
0.252642
0.303904
0.365281
0.268129
0.25172
0.240623
0.242642
0.274796
0.336322
0.387866
0.360945
0.360509
0.0617108
0.135726
0.0882803
0.155329
0.249899
0.309754
0.252394
0.301988
0.363352
0.267093
0.251303
0.240554
0.242157
0.27369
0.334345
0.386021
0.358947
0.358512
0.063062
0.136832
0.0892869
0.1564
0.249511
0.308074
0.252156
0.300107
0.361445
0.266098
0.250904
0.24049
0.241693
0.272626
0.3324
0.384182
0.356974
0.356538
0.0644115
0.137915
0.0902766
0.157444
0.249137
0.306429
0.251929
0.298261
0.359563
0.265141
0.250523
0.240428
0.241251
0.271604
0.330485
0.382351
0.355025
0.35459
0.0657583
0.138975
0.0912493
0.158462
0.248775
0.304822
0.251712
0.296449
0.357705
0.264221
0.250158
0.240371
0.24083
0.270622
0.328603
0.380528
0.353102
0.352668
0.0671013
0.140012
0.0922045
0.159453
0.248426
0.303251
0.251505
0.294673
0.355873
0.263339
0.24981
0.240316
0.240427
0.26968
0.326754
0.378715
0.351207
0.350774
0.0684391
0.141026
0.0931417
0.160419
0.248089
0.301717
0.251307
0.292933
0.354067
0.262491
0.249476
0.240264
0.240044
0.268775
0.324939
0.376913
0.349339
0.348908
0.0697707
0.142016
0.0940608
0.161358
0.247764
0.300219
0.251118
0.291228
0.352289
0.261676
0.249158
0.240215
0.239678
0.267906
0.323158
0.375124
0.347501
0.347071
0.0710952
0.142983
0.0949612
0.162272
0.247449
0.298756
0.250937
0.289559
0.350538
0.260895
0.248853
0.240168
0.239328
0.267073
0.321412
0.373348
0.345692
0.345264
0.0724112
0.143926
0.0958428
0.16316
0.247145
0.29733
0.250764
0.287925
0.348815
0.260144
0.248561
0.240124
0.238994
0.266273
0.319701
0.371586
0.343913
0.343488
0.0737182
0.144845
0.0967054
0.164023
0.246852
0.295939
0.250598
0.286327
0.34712
0.259424
0.248281
0.240081
0.238676
0.265507
0.318025
0.36984
0.342164
0.341743
0.0750149
0.145741
0.0975486
0.164861
0.246568
0.294583
0.25044
0.284764
0.345455
0.258733
0.248014
0.240041
0.238371
0.264771
0.316385
0.36811
0.340448
0.340029
0.0763005
0.146613
0.0983724
0.165674
0.246293
0.293261
0.250288
0.283236
0.34382
0.25807
0.247757
0.240003
0.238081
0.264066
0.31478
0.366397
0.338762
0.338347
0.0775742
0.147462
0.0991768
0.166464
0.246027
0.291974
0.250143
0.281743
0.342214
0.257433
0.247511
0.239967
0.237803
0.263389
0.31321
0.364702
0.337109
0.336697
0.0788353
0.148288
0.0999613
0.167229
0.24577
0.29072
0.250003
0.280284
0.340638
0.256822
0.247276
0.239932
0.237537
0.262741
0.311677
0.363027
0.335488
0.33508
0.080083
0.14909
0.100726
0.16797
0.245521
0.289499
0.24987
0.27886
0.339092
0.256236
0.24705
0.239899
0.237283
0.262119
0.310178
0.36137
0.333899
0.333495
0.0813167
0.149869
0.101471
0.168689
0.24528
0.288311
0.249742
0.277468
0.337576
0.255673
0.246833
0.239867
0.237041
0.261523
0.308715
0.359735
0.332342
0.331943
0.0825356
0.150625
0.102196
0.169384
0.245046
0.287154
0.249619
0.27611
0.33609
0.255132
0.246625
0.239837
0.236808
0.260951
0.307287
0.358119
0.330818
0.330423
0.0837393
0.151359
0.102902
0.170057
0.24482
0.286028
0.249501
0.274784
0.334634
0.254614
0.246425
0.239808
0.236586
0.260403
0.305893
0.356525
0.329327
0.328936
0.0849272
0.15207
0.103587
0.170708
0.244601
0.284933
0.249387
0.273491
0.333208
0.254116
0.246232
0.23978
0.236372
0.259878
0.304534
0.354953
0.327868
0.327482
0.0860989
0.152759
0.104253
0.171337
0.244388
0.283868
0.249278
0.272228
0.331812
0.253637
0.246048
0.239753
0.236168
0.259374
0.303209
0.353404
0.326441
0.326059
0.087254
0.153426
0.104899
0.171945
0.244181
0.282831
0.249174
0.270997
0.330446
0.253178
0.24587
0.239727
0.235973
0.25889
0.301917
0.351876
0.325046
0.324669
0.0883919
0.154072
0.105525
0.172531
0.243981
0.281824
0.249073
0.269795
0.329109
0.252737
0.245699
0.239703
0.235785
0.258427
0.300658
0.350372
0.323683
0.323311
0.0895126
0.154695
0.106132
0.173097
0.243787
0.280844
0.248976
0.268624
0.327801
0.252313
0.245534
0.239679
0.235605
0.257982
0.299432
0.348891
0.322351
0.321984
0.0906154
0.155298
0.10672
0.173643
0.243598
0.279891
0.248883
0.267481
0.326523
0.251905
0.245376
0.239656
0.235432
0.257556
0.298238
0.347433
0.32105
0.320689
0.0917004
0.15588
0.107288
0.174169
0.243414
0.278964
0.248793
0.266366
0.325272
0.251514
0.245223
0.239634
0.235266
0.257147
0.297076
0.345998
0.31978
0.319424
0.0927673
0.156441
0.107838
0.174676
0.243236
0.278063
0.248706
0.265279
0.32405
0.251138
0.245075
0.239612
0.235107
0.256754
0.295944
0.344588
0.318541
0.318189
0.093816
0.156982
0.108368
0.175164
0.243063
0.277188
0.248623
0.264219
0.322856
0.250776
0.244933
0.239591
0.234953
0.256377
0.294842
0.343201
0.317332
0.316985
0.0948461
0.157503
0.10888
0.175633
0.242894
0.276336
0.248542
0.263186
0.32169
0.250427
0.244796
0.239571
0.234806
0.256016
0.29377
0.341838
0.316152
0.31581
0.0958578
0.158004
0.109373
0.176084
0.24273
0.275508
0.248464
0.262177
0.32055
0.250092
0.244663
0.239552
0.234664
0.255669
0.292727
0.340498
0.315001
0.314665
0.0968508
0.158487
0.109848
0.176517
0.24257
0.274703
0.248389
0.261194
0.319437
0.24977
0.244535
0.239533
0.234527
0.255335
0.291713
0.339183
0.313878
0.313547
0.0978251
0.15895
0.110305
0.176932
0.242414
0.273921
0.248316
0.260235
0.31835
0.24946
0.244411
0.239514
0.234395
0.255015
0.290726
0.337891
0.312784
0.312458
0.0987808
0.159394
0.110744
0.177331
0.242263
0.27316
0.248246
0.2593
0.317289
0.249161
0.24429
0.239496
0.234268
0.254707
0.289767
0.336622
0.311717
0.311396
0.0997179
0.159821
0.111165
0.177712
0.242115
0.27242
0.248177
0.258388
0.316252
0.248873
0.244174
0.239479
0.234146
0.254412
0.288834
0.335377
0.310678
0.310362
0.100636
0.160229
0.111569
0.178078
0.241971
0.271701
0.248111
0.257498
0.315241
0.248595
0.244061
0.239462
0.234028
0.254128
0.287927
0.334155
0.309664
0.309353
0.101536
0.160619
0.111955
0.178427
0.24183
0.271001
0.248047
0.25663
0.314254
0.248328
0.243952
0.239445
0.233913
0.253854
0.287045
0.332957
0.308677
0.308371
0.102418
0.160993
0.112325
0.178761
0.241693
0.27032
0.247985
0.255783
0.313291
0.24807
0.243846
0.239429
0.233803
0.253592
0.286187
0.331781
0.307715
0.307414
0.103281
0.161349
0.112678
0.179079
0.241559
0.269658
0.247925
0.254956
0.312351
0.247821
0.243743
0.239413
0.233696
0.253339
0.285354
0.330628
0.306778
0.306481
0.104125
0.161689
0.113015
0.179383
0.241428
0.269014
0.247867
0.254149
0.311433
0.247581
0.243643
0.239397
0.233593
0.253096
0.284543
0.329498
0.305865
0.305573
0.104952
0.162012
0.113335
0.179672
0.2413
0.268387
0.24781
0.253362
0.310538
0.247349
0.243545
0.239381
0.233493
0.252863
0.283756
0.328389
0.304976
0.304688
0.105761
0.162319
0.113639
0.179946
0.241175
0.267778
0.247755
0.252593
0.309665
0.247125
0.243451
0.239366
0.233396
0.252638
0.28299
0.327303
0.30411
0.303827
0.106552
0.162611
0.113928
0.180207
0.241053
0.267184
0.247701
0.251842
0.308812
0.246909
0.243359
0.239351
0.233302
0.252421
0.282246
0.326238
0.303266
0.302988
0.107325
0.162887
0.114201
0.180454
0.240933
0.266606
0.247649
0.251108
0.307981
0.2467
0.243269
0.239336
0.233211
0.252212
0.281522
0.325194
0.302444
0.302171
0.108081
0.163148
0.114459
0.180687
0.240816
0.266044
0.247598
0.250392
0.30717
0.246498
0.243181
0.239322
0.233122
0.252011
0.280819
0.324172
0.301644
0.301375
0.108819
0.163395
0.114702
0.180908
0.240702
0.265496
0.247548
0.249692
0.306378
0.246303
0.243096
0.239308
0.233036
0.251818
0.280136
0.32317
0.300865
0.3006
0.109541
0.163626
0.114931
0.181115
0.24059
0.264963
0.2475
0.249008
0.305606
0.246114
0.243013
0.239293
0.232952
0.251631
0.279471
0.322189
0.300106
0.299845
0.110245
0.163844
0.115145
0.181311
0.24048
0.264444
0.247453
0.248339
0.304853
0.245931
0.242931
0.239279
0.232871
0.251451
0.278825
0.321227
0.299367
0.299111
0.110933
0.164048
0.115344
0.181494
0.240372
0.263937
0.247407
0.247685
0.304118
0.245754
0.242852
0.239265
0.232792
0.251278
0.278197
0.320286
0.298648
0.298395
0.111605
0.164238
0.11553
0.181665
0.240266
0.263444
0.247361
0.247046
0.303401
0.245582
0.242774
0.239252
0.232715
0.25111
0.277587
0.319363
0.297947
0.297698
0.11226
0.164414
0.115702
0.181824
0.240163
0.262964
0.247317
0.246421
0.302701
0.245416
0.242698
0.239238
0.232639
0.250949
0.276993
0.31846
0.297265
0.29702
0.112899
0.164578
0.115861
0.181972
0.240061
0.262495
0.247274
0.245809
0.302019
0.245254
0.242624
0.239224
0.232566
0.250793
0.276416
0.317576
0.2966
0.296359
0.113523
0.164729
0.116006
0.182109
0.239961
0.262038
0.247232
0.24521
0.301353
0.245098
0.242551
0.239211
0.232494
0.250643
0.275855
0.316709
0.295953
0.295716
0.114131
0.164867
0.116139
0.182235
0.239863
0.261593
0.247191
0.244624
0.300703
0.244946
0.242479
0.239197
0.232424
0.250498
0.275309
0.315861
0.295323
0.295089
0.114724
0.164993
0.116258
0.18235
0.239767
0.261158
0.24715
0.24405
0.300069
0.244799
0.242409
0.239184
0.232356
0.250357
0.274778
0.315031
0.294709
0.294479
0.115302
0.165107
0.116365
0.182455
0.239672
0.260734
0.247111
0.243488
0.29945
0.244655
0.24234
0.239171
0.232289
0.250222
0.274262
0.314218
0.294111
0.293885
0.115865
0.165209
0.11646
0.182549
0.239579
0.260321
0.247072
0.242938
0.298846
0.244516
0.242273
0.239158
0.232223
0.250091
0.27376
0.313421
0.293529
0.293306
0.116414
0.1653
0.116543
0.182634
0.239488
0.259917
0.247033
0.242398
0.298256
0.244381
0.242206
0.239144
0.232159
0.249964
0.273272
0.312642
0.292962
0.292742
0.116948
0.165379
0.116614
0.182708
0.239398
0.259523
0.246996
0.241869
0.297681
0.244249
0.242141
0.239131
0.232096
0.249842
0.272797
0.311878
0.29241
0.292193
0.117469
0.165447
0.116673
0.182773
0.23931
0.259138
0.246959
0.241351
0.297119
0.244122
0.242077
0.239118
0.232035
0.249723
0.272335
0.311131
0.291872
0.291658
0.117975
0.165504
0.116721
0.182829
0.239223
0.258762
0.246923
0.240842
0.296571
0.243997
0.242014
0.239105
0.231974
0.249609
0.271885
0.310399
0.291347
0.291137
0.118468
0.16555
0.116757
0.182875
0.239137
0.258395
0.246887
0.240343
0.296035
0.243876
0.241951
0.239092
0.231915
0.249498
0.271447
0.309683
0.290837
0.290629
0.118948
0.165586
0.116783
0.182913
0.239053
0.258036
0.246852
0.239854
0.295513
0.243758
0.24189
0.239079
0.231856
0.249391
0.271021
0.308981
0.290339
0.290135
0.119414
0.165612
0.116797
0.182941
0.23897
0.257685
0.246817
0.239373
0.295003
0.243643
0.24183
0.239065
0.231799
0.249287
0.270607
0.308295
0.289854
0.289653
0.119868
0.165628
0.116801
0.182961
0.238888
0.257342
0.246783
0.238902
0.294504
0.24353
0.24177
0.239052
0.231742
0.249186
0.270204
0.307622
0.289382
0.289183
0.120308
0.165634
0.116795
0.182973
0.238807
0.257006
0.246749
0.238438
0.294018
0.243421
0.241711
0.239039
0.231687
0.249089
0.269811
0.306964
0.288921
0.288725
0.120737
0.16563
0.116779
0.182976
0.238728
0.256678
0.246716
0.237983
0.293542
0.243314
0.241653
0.239026
0.231632
0.248994
0.269428
0.306319
0.288473
0.288279
0.121153
0.165616
0.116752
0.182971
0.23865
0.256357
0.246683
0.237536
0.293078
0.24321
0.241596
0.239013
0.231578
0.248903
0.269056
0.305687
0.288036
0.287845
0.121558
0.165594
0.116715
0.182957
0.238572
0.256043
0.246651
0.237096
0.292624
0.243108
0.241539
0.239
0.231525
0.248814
0.268694
0.305069
0.287609
0.287421
0.12195
0.165562
0.116669
0.182936
0.238496
0.255736
0.246619
0.236664
0.292181
0.243008
0.241483
0.238986
0.231472
0.248728
0.268341
0.304464
0.287194
0.287008
0.122331
0.165521
0.116614
0.182908
0.238421
0.255435
0.246587
0.236239
0.291748
0.242911
0.241427
0.238973
0.23142
0.248645
0.267997
0.303871
0.286789
0.286606
0.122701
0.165472
0.116549
0.182872
0.238347
0.25514
0.246556
0.23582
0.291325
0.242816
0.241372
0.23896
0.231369
0.248564
0.267662
0.30329
0.286394
0.286213
0.123059
0.165414
0.116475
0.182828
0.238274
0.254851
0.246525
0.235408
0.290912
0.242722
0.241318
0.238946
0.231318
0.248485
0.267336
0.302721
0.286009
0.285831
0.123407
0.165347
0.116392
0.182777
0.238201
0.254568
0.246495
0.235003
0.290508
0.242631
0.241264
0.238933
0.231268
0.248409
0.267018
0.302164
0.285634
0.285457
0.123744
0.165272
0.1163
0.182719
0.23813
0.25429
0.246464
0.234604
0.290113
0.242542
0.241211
0.238919
0.231219
0.248335
0.266708
0.301618
0.285268
0.285093
0.12407
0.165189
0.116199
0.182654
0.238059
0.254018
0.246434
0.234211
0.289727
0.242454
0.241158
0.238906
0.23117
0.248263
0.266406
0.301083
0.284911
0.284739
0.124387
0.165098
0.11609
0.182581
0.23799
0.253752
0.246405
0.233824
0.28935
0.242369
0.241105
0.238892
0.231121
0.248193
0.266112
0.30056
0.284562
0.284393
0.124693
0.165
0.115973
0.182503
0.237921
0.25349
0.246375
0.233442
0.28898
0.242285
0.241053
0.238878
0.231073
0.248126
0.265825
0.300047
0.284223
0.284055
0.124989
0.164893
0.115847
0.182417
0.237853
0.253234
0.246346
0.233065
0.28862
0.242202
0.241002
0.238864
0.231026
0.24806
0.265546
0.299544
0.283892
0.283726
0.125275
0.164779
0.115714
0.182325
0.237786
0.252982
0.246317
0.232694
0.288267
0.242121
0.24095
0.23885
0.230978
0.247996
0.265273
0.299051
0.283568
0.283404
0.125552
0.164657
0.115573
0.182226
0.237719
0.252734
0.246288
0.232328
0.287921
0.242042
0.240899
0.238837
0.230931
0.247933
0.265007
0.298569
0.283253
0.283091
0.12582
0.164529
0.115424
0.182122
0.237654
0.252492
0.24626
0.231967
0.287584
0.241964
0.240849
0.238822
0.230885
0.247873
0.264748
0.298096
0.282945
0.282785
0.126078
0.164393
0.115267
0.182011
0.237589
0.252253
0.246231
0.23161
0.287253
0.241887
0.240798
0.238808
0.230839
0.247814
0.264496
0.297632
0.282645
0.282487
0.126328
0.16425
0.115103
0.181893
0.237524
0.252019
0.246203
0.231258
0.28693
0.241812
0.240748
0.238794
0.230793
0.247757
0.264249
0.297178
0.282352
0.282196
0.126568
0.1641
0.114932
0.18177
0.237461
0.251789
0.246175
0.23091
0.286614
0.241737
0.240698
0.23878
0.230747
0.247701
0.264009
0.296733
0.282066
0.281911
0.1268
0.163943
0.114753
0.181641
0.237398
0.251562
0.246147
0.230566
0.286304
0.241664
0.240649
0.238766
0.230701
0.247647
0.263774
0.296296
0.281787
0.281634
0.127024
0.16378
0.114568
0.181506
0.237336
0.25134
0.24612
0.230227
0.286001
0.241593
0.240599
0.238751
0.230656
0.247594
0.263545
0.295868
0.281515
0.281363
0.127239
0.16361
0.114375
0.181365
0.237274
0.251121
0.246092
0.229891
0.285704
0.241522
0.24055
0.238736
0.230611
0.247543
0.263322
0.295449
0.281249
0.281099
0.127446
0.163434
0.114176
0.181219
0.237213
0.250906
0.246065
0.22956
0.285414
0.241452
0.240501
0.238722
0.230566
0.247492
0.263104
0.295038
0.280989
0.280841
0.127645
0.163251
0.11397
0.181067
0.237153
0.250694
0.246037
0.229232
0.285129
0.241384
0.240452
0.238707
0.230522
0.247444
0.262892
0.294635
0.280736
0.280589
0.127836
0.163062
0.113758
0.18091
0.237093
0.250485
0.24601
0.228907
0.284851
0.241316
0.240404
0.238692
0.230477
0.247396
0.262684
0.294239
0.280488
0.280343
0.12802
0.162867
0.11354
0.180747
0.237034
0.25028
0.245983
0.228586
0.284578
0.241249
0.240355
0.238677
0.230433
0.24735
0.262481
0.293851
0.280247
0.280103
0.128196
0.162666
0.113315
0.180579
0.236975
0.250078
0.245956
0.228268
0.284311
0.241183
0.240307
0.238662
0.230389
0.247305
0.262284
0.293471
0.280011
0.279868
0.128364
0.162459
0.113084
0.180405
0.236917
0.249879
0.245929
0.227953
0.284049
0.241118
0.240259
0.238647
0.230345
0.247261
0.262091
0.293098
0.27978
0.279639
0.128526
0.162247
0.112847
0.180227
0.23686
0.249683
0.245902
0.227641
0.283793
0.241054
0.24021
0.238632
0.230301
0.247218
0.261902
0.292732
0.279555
0.279415
0.12868
0.162028
0.112604
0.180044
0.236803
0.249489
0.245875
0.227332
0.283541
0.240991
0.240162
0.238617
0.230257
0.247176
0.261718
0.292373
0.279335
0.279197
0.128827
0.161804
0.112355
0.179855
0.236747
0.249299
0.245849
0.227026
0.283295
0.240928
0.240115
0.238601
0.230214
0.247136
0.261538
0.292021
0.27912
0.278983
0.128968
0.161575
0.112101
0.179662
0.236691
0.249111
0.245822
0.226723
0.283054
0.240866
0.240067
0.238585
0.23017
0.247096
0.261362
0.291675
0.27891
0.278774
0.129101
0.16134
0.111841
0.179463
0.236636
0.248925
0.245796
0.226422
0.282817
0.240805
0.240019
0.23857
0.230126
0.247057
0.261191
0.291336
0.278705
0.27857
0.129229
0.1611
0.111576
0.17926
0.236581
0.248742
0.245769
0.226124
0.282585
0.240745
0.239971
0.238554
0.230083
0.247019
0.261023
0.291003
0.278505
0.278371
0.12935
0.160854
0.111306
0.179052
0.236526
0.248562
0.245742
0.225828
0.282357
0.240685
0.239924
0.238538
0.230039
0.246982
0.260859
0.290677
0.278309
0.278176
0.129464
0.160604
0.11103
0.17884
0.236472
0.248383
0.245716
0.225535
0.282134
0.240625
0.239876
0.238522
0.229996
0.246946
0.260699
0.290356
0.278117
0.277986
0.129572
0.160348
0.110749
0.178623
0.236419
0.248207
0.24569
0.225244
0.281915
0.240567
0.239828
0.238506
0.229952
0.246911
0.260543
0.290041
0.27793
0.2778
0.129675
0.160088
0.110464
0.178401
0.236366
0.248033
0.245663
0.224955
0.2817
0.240509
0.239781
0.238489
0.229909
0.246876
0.26039
0.289732
0.277747
0.277618
0.129771
0.159823
0.110173
0.178175
0.236314
0.247861
0.245637
0.224667
0.28149
0.240451
0.239733
0.238473
0.229865
0.246843
0.26024
0.289429
0.277569
0.27744
0.129862
0.159552
0.109878
0.177945
0.236262
0.247692
0.24561
0.224382
0.281283
0.240394
0.239686
0.238457
0.229821
0.24681
0.260094
0.289131
0.277394
0.277267
0.129947
0.159278
0.109578
0.17771
0.23621
0.247524
0.245584
0.224099
0.28108
0.240337
0.239638
0.23844
0.229778
0.246778
0.259951
0.288838
0.277223
0.277097
0.130026
0.158998
0.109273
0.177472
0.236159
0.247357
0.245557
0.223818
0.280881
0.240281
0.239591
0.238423
0.229734
0.246747
0.259812
0.28855
0.277056
0.276931
0.1301
0.158714
0.108964
0.177228
0.236108
0.247193
0.245531
0.223538
0.280685
0.240225
0.239543
0.238406
0.22969
0.246716
0.259675
0.288268
0.276892
0.276768
0.130169
0.158426
0.108651
0.176981
0.236058
0.247031
0.245505
0.22326
0.280493
0.24017
0.239495
0.238389
0.229647
0.246686
0.259542
0.28799
0.276732
0.276609
0.130232
0.158133
0.108334
0.17673
0.236008
0.24687
0.245478
0.222983
0.280304
0.240115
0.239448
0.238372
0.229603
0.246657
0.259411
0.287718
0.276576
0.276454
0.13029
0.157837
0.108012
0.176475
0.235959
0.246711
0.245452
0.222708
0.280119
0.24006
0.2394
0.238355
0.229559
0.246628
0.259283
0.28745
0.276423
0.276302
0.130343
0.157535
0.107686
0.176215
0.235909
0.246553
0.245425
0.222435
0.279936
0.240006
0.239352
0.238337
0.229515
0.2466
0.259158
0.287187
0.276274
0.276153
0.130392
0.15723
0.107357
0.175952
0.235861
0.246397
0.245399
0.222163
0.279757
0.239952
0.239304
0.23832
0.229471
0.246573
0.259036
0.286928
0.276127
0.276008
0.130435
0.156921
0.107023
0.175685
0.235812
0.246242
0.245372
0.221892
0.279582
0.239898
0.239256
0.238302
0.229427
0.246546
0.258916
0.286674
0.275984
0.275865
0.130474
0.156608
0.106686
0.175414
0.235765
0.246089
0.245345
0.221622
0.279409
0.239845
0.239208
0.238284
0.229382
0.24652
0.258799
0.286424
0.275844
0.275726
0.130508
0.156291
0.106345
0.17514
0.235717
0.245937
0.245319
0.221354
0.279239
0.239792
0.23916
0.238266
0.229338
0.246494
0.258685
0.286178
0.275707
0.27559
0.130538
0.15597
0.106
0.174862
0.23567
0.245786
0.245292
0.221086
0.279071
0.239739
0.239112
0.238248
0.229293
0.246469
0.258573
0.285936
0.275573
0.275456
0.130563
0.155645
0.105652
0.17458
0.235623
0.245636
0.245265
0.22082
0.278907
0.239687
0.239063
0.23823
0.229249
0.246444
0.258463
0.285698
0.275441
0.275326
0.130585
0.155317
0.105301
0.174295
0.235577
0.245488
0.245238
0.220555
0.278745
0.239634
0.239015
0.238211
0.229204
0.24642
0.258355
0.285464
0.275313
0.275198
0.130601
0.154985
0.104946
0.174006
0.23553
0.24534
0.245212
0.22029
0.278586
0.239582
0.238966
0.238193
0.229159
0.246396
0.25825
0.285234
0.275187
0.275072
0.130614
0.15465
0.104589
0.173713
0.235485
0.245194
0.245185
0.220027
0.278429
0.23953
0.238918
0.238174
0.229114
0.246373
0.258147
0.285008
0.275064
0.27495
0.130623
0.154311
0.104228
0.173418
0.235439
0.245049
0.245158
0.219764
0.278275
0.239479
0.238869
0.238155
0.229068
0.246351
0.258046
0.284785
0.274943
0.27483
0.130628
0.153969
0.103864
0.173119
0.235394
0.244905
0.245131
0.219502
0.278123
0.239427
0.23882
0.238136
0.229023
0.246328
0.257947
0.284565
0.274825
0.274712
0.130628
0.153623
0.103497
0.172816
0.23535
0.244761
0.245103
0.219241
0.277974
0.239376
0.238771
0.238117
0.228977
0.246307
0.25785
0.28435
0.274709
0.274597
0.130626
0.153274
0.103127
0.172511
0.235305
0.244619
0.245076
0.21898
0.277827
0.239325
0.238722
0.238098
0.228931
0.246285
0.257755
0.284137
0.274596
0.274485
0.130619
0.152923
0.102755
0.172202
0.235261
0.244477
0.245049
0.21872
0.277682
0.239273
0.238673
0.238078
0.228885
0.246264
0.257662
0.283928
0.274485
0.274374
0.130609
0.152568
0.10238
0.17189
0.235217
0.244336
0.245021
0.21846
0.277539
0.239222
0.238623
0.238059
0.228839
0.246244
0.257571
0.283722
0.274376
0.274266
0.130596
0.15221
0.102002
0.171575
0.235174
0.244196
0.244994
0.218201
0.277398
0.239172
0.238573
0.238039
0.228793
0.246223
0.257482
0.283519
0.274269
0.27416
0.130579
0.151849
0.101622
0.171257
0.235131
0.244057
0.244966
0.217943
0.277259
0.239121
0.238524
0.238019
0.228746
0.246204
0.257394
0.283319
0.274165
0.274056
0.130558
0.151486
0.10124
0.170935
0.235088
0.243918
0.244939
0.217685
0.277122
0.23907
0.238474
0.237999
0.228699
0.246184
0.257309
0.283122
0.274062
0.273954
0.130535
0.151119
0.100855
0.170612
0.235045
0.24378
0.244911
0.217427
0.276987
0.239019
0.238423
0.237979
0.228652
0.246165
0.257225
0.282928
0.273962
0.273854
0.130508
0.15075
0.100468
0.170285
0.235003
0.243642
0.244883
0.21717
0.276853
0.238969
0.238373
0.237959
0.228605
0.246146
0.257142
0.282736
0.273863
0.273756
0.130478
0.150379
0.100079
0.169955
0.234961
0.243505
0.244855
0.216913
0.276722
0.238918
0.238322
0.237938
0.228558
0.246128
0.257061
0.282548
0.273767
0.27366
0.130446
0.150004
0.0996881
0.169622
0.234919
0.243369
0.244827
0.216656
0.276592
0.238868
0.238272
0.237918
0.22851
0.24611
0.256982
0.282362
0.273672
0.273566
0.13041
0.149628
0.099295
0.169287
0.234878
0.243233
0.244798
0.216399
0.276464
0.238817
0.238221
0.237897
0.228462
0.246092
0.256904
0.282179
0.273579
0.273474
0.130371
0.149249
0.0989001
0.168949
0.234837
0.243097
0.24477
0.216142
0.276337
0.238767
0.23817
0.237876
0.228414
0.246075
0.256827
0.281998
0.273488
0.273383
0.13033
0.148867
0.0985033
0.168609
0.234796
0.242962
0.244741
0.215886
0.276212
0.238717
0.238118
0.237855
0.228365
0.246058
0.256752
0.28182
0.273399
0.273294
0.130286
0.148483
0.0981049
0.168266
0.234755
0.242827
0.244713
0.21563
0.276089
0.238666
0.238067
0.237833
0.228316
0.246041
0.256679
0.281644
0.273311
0.273207
0.13024
0.148097
0.0977047
0.16792
0.234715
0.242692
0.244684
0.215373
0.275967
0.238616
0.238015
0.237812
0.228268
0.246024
0.256606
0.28147
0.273225
0.273122
0.13019
0.147709
0.0973031
0.167572
0.234675
0.242558
0.244655
0.215117
0.275846
0.238565
0.237963
0.23779
0.228218
0.246008
0.256535
0.281299
0.273141
0.273038
0.130139
0.147319
0.0969
0.167221
0.234635
0.242424
0.244626
0.214861
0.275726
0.238514
0.237911
0.237768
0.228169
0.245992
0.256466
0.28113
0.273058
0.272955
0.130085
0.146927
0.0964955
0.166868
0.234595
0.24229
0.244597
0.214604
0.275608
0.238464
0.237858
0.237746
0.228119
0.245976
0.256397
0.280963
0.272976
0.272874
0.130029
0.146532
0.0960896
0.166513
0.234556
0.242156
0.244568
0.214348
0.275492
0.238413
0.237806
0.237724
0.228069
0.245961
0.25633
0.280798
0.272896
0.272795
0.12997
0.146136
0.0956826
0.166156
0.234516
0.242023
0.244538
0.214091
0.275376
0.238363
0.237753
0.237702
0.228018
0.245945
0.256264
0.280635
0.272818
0.272717
0.129909
0.145739
0.0952744
0.165796
0.234477
0.241889
0.244509
0.213834
0.275262
0.238312
0.2377
0.237679
0.227968
0.24593
0.256199
0.280474
0.272741
0.27264
0.129846
0.145339
0.0948651
0.165434
0.234439
0.241756
0.244479
0.213577
0.275148
0.238261
0.237646
0.237657
0.227917
0.245915
0.256135
0.280315
0.272665
0.272565
0.129781
0.144938
0.0944548
0.16507
0.2344
0.241623
0.244449
0.213319
0.275036
0.23821
0.237593
0.237634
0.227866
0.245901
0.256072
0.280158
0.27259
0.272491
0.129714
0.144535
0.0940436
0.164704
0.234362
0.241489
0.244419
0.213062
0.274925
0.238159
0.237539
0.237611
0.227814
0.245886
0.25601
0.280003
0.272517
0.272418
0.129646
0.144131
0.0936316
0.164336
0.234323
0.241356
0.244389
0.212804
0.274815
0.238108
0.237484
0.237587
0.227762
0.245872
0.255949
0.279849
0.272445
0.272346
0.129575
0.143725
0.0932188
0.163966
0.234285
0.241223
0.244358
0.212545
0.274706
0.238056
0.23743
0.237564
0.22771
0.245858
0.25589
0.279697
0.272374
0.272276
0.129502
0.143318
0.0928052
0.163594
0.234247
0.241089
0.244328
0.212286
0.274597
0.238005
0.237375
0.23754
0.227657
0.245845
0.255831
0.279547
0.272305
0.272206
0.129428
0.14291
0.092391
0.16322
0.23421
0.240956
0.244297
0.212027
0.27449
0.237953
0.23732
0.237517
0.227604
0.245831
0.255773
0.279399
0.272236
0.272138
0.129352
0.1425
0.0919763
0.162844
0.234172
0.240822
0.244266
0.211768
0.274383
0.237902
0.237265
0.237493
0.227551
0.245817
0.255716
0.279252
0.272169
0.272071
0.129275
0.142089
0.0915612
0.162467
0.234135
0.240688
0.244235
0.211507
0.274277
0.23785
0.237209
0.237469
0.227498
0.245804
0.25566
0.279106
0.272103
0.272005
0.129196
0.141677
0.0911456
0.162088
0.234098
0.240554
0.244204
0.211247
0.274172
0.237798
0.237153
0.237444
0.227444
0.245791
0.255605
0.278962
0.272037
0.27194
0.129115
0.141264
0.0907296
0.161707
0.234061
0.240419
0.244172
0.210986
0.274068
0.237746
0.237097
0.23742
0.22739
0.245778
0.25555
0.27882
0.271973
0.271876
0.129034
0.14085
0.0903133
0.161325
0.234024
0.240285
0.244141
0.210724
0.273964
0.237693
0.237041
0.237395
0.227335
0.245766
0.255496
0.278679
0.271909
0.271813
0.12895
0.140435
0.0898969
0.160941
0.233987
0.24015
0.244109
0.210461
0.273861
0.237641
0.236984
0.23737
0.22728
0.245753
0.255443
0.278539
0.271847
0.271751
0.128866
0.140019
0.0894802
0.160555
0.23395
0.240015
0.244077
0.210198
0.273759
0.237588
0.236927
0.237345
0.227225
0.24574
0.255391
0.2784
0.271786
0.27169
0.12878
0.139603
0.0890636
0.160168
0.233914
0.239879
0.244044
0.209935
0.273657
0.237535
0.236869
0.23732
0.227169
0.245728
0.25534
0.278263
0.271725
0.27163
0.128693
0.139185
0.0886468
0.15978
0.233877
0.239743
0.244012
0.20967
0.273556
0.237482
0.236812
0.237294
0.227113
0.245716
0.255289
0.278127
0.271665
0.27157
0.128605
0.138767
0.0882301
0.15939
0.233841
0.239607
0.243979
0.209405
0.273455
0.237429
0.236754
0.237268
0.227057
0.245704
0.255239
0.277992
0.271606
0.271512
0.128516
0.138349
0.0878136
0.158999
0.233804
0.23947
0.243947
0.20914
0.273355
0.237375
0.236695
0.237243
0.227
0.245692
0.25519
0.277859
0.271548
0.271454
0.128426
0.13793
0.0873973
0.158607
0.233768
0.239333
0.243914
0.208873
0.273255
0.237322
0.236637
0.237216
0.226943
0.24568
0.255141
0.277726
0.271491
0.271397
0.128334
0.13751
0.0869812
0.158213
0.233732
0.239195
0.24388
0.208606
0.273156
0.237268
0.236578
0.23719
0.226885
0.245669
0.255093
0.277594
0.271434
0.271341
0.128242
0.13709
0.0865653
0.157818
0.233696
0.239057
0.243847
0.208337
0.273057
0.237213
0.236518
0.237164
0.226827
0.245657
0.255045
0.277464
0.271378
0.271285
0.128149
0.13667
0.08615
0.157423
0.23366
0.238918
0.243813
0.208069
0.272958
0.237159
0.236458
0.237137
0.226769
0.245646
0.254998
0.277334
0.271323
0.27123
0.128056
0.136249
0.085735
0.157026
0.233624
0.238778
0.243779
0.207799
0.27286
0.237104
0.236398
0.23711
0.22671
0.245634
0.254951
0.277206
0.271269
0.271176
0.127961
0.135829
0.0853205
0.156628
0.233588
0.238638
0.243745
0.207528
0.272762
0.237049
0.236338
0.237083
0.226651
0.245623
0.254906
0.277078
0.271215
0.271122
0.127866
0.135408
0.0849065
0.156229
0.233552
0.238498
0.243711
0.207256
0.272665
0.236994
0.236277
0.237055
0.226591
0.245612
0.25486
0.276951
0.271162
0.271069
0.12777
0.134987
0.0844932
0.155829
0.233516
0.238357
0.243676
0.206984
0.272567
0.236939
0.236216
0.237028
0.226531
0.245601
0.254815
0.276825
0.271109
0.271017
0.127674
0.134566
0.0840806
0.155429
0.23348
0.238215
0.243642
0.20671
0.27247
0.236883
0.236154
0.237
0.226471
0.24559
0.254771
0.2767
0.271057
0.270965
0.127577
0.134145
0.0836685
0.155027
0.233444
0.238072
0.243607
0.206436
0.272373
0.236827
0.236092
0.236972
0.22641
0.245579
0.254727
0.276576
0.271006
0.270914
0.127479
0.133724
0.0832573
0.154625
0.233408
0.237929
0.243571
0.20616
0.272276
0.236771
0.23603
0.236944
0.226348
0.245568
0.254683
0.276453
0.270955
0.270864
0.127381
0.133303
0.0828468
0.154222
0.233372
0.237785
0.243536
0.205883
0.27218
0.236714
0.235967
0.236915
0.226287
0.245558
0.25464
0.27633
0.270905
0.270813
0.127283
0.132882
0.0824373
0.153819
0.233336
0.23764
0.2435
0.205606
0.272083
0.236657
0.235904
0.236887
0.226224
0.245547
0.254597
0.276208
0.270855
0.270764
0.127184
0.132462
0.0820287
0.153415
0.233299
0.237495
0.243464
0.205327
0.271987
0.2366
0.235841
0.236858
0.226162
0.245537
0.254555
0.276086
0.270805
0.270715
0.127085
0.132042
0.0816211
0.15301
0.233263
0.237348
0.243428
0.205047
0.27189
0.236542
0.235777
0.236828
0.226099
0.245526
0.254513
0.275966
0.270757
0.270666
0.126986
0.131622
0.0812144
0.152605
0.233227
0.237201
0.243391
0.204767
0.271794
0.236484
0.235713
0.236799
0.226035
0.245516
0.254471
0.275845
0.270708
0.270618
0.126886
0.131203
0.0808089
0.152199
0.233191
0.237053
0.243355
0.204485
0.271698
0.236426
0.235648
0.236769
0.225971
0.245505
0.25443
0.275726
0.27066
0.27057
0.126786
0.130785
0.0804044
0.151792
0.233154
0.236904
0.243318
0.204201
0.271601
0.236368
0.235583
0.23674
0.225906
0.245495
0.254389
0.275607
0.270612
0.270523
0.126686
0.130367
0.0800012
0.151386
0.233118
0.236755
0.24328
0.203917
0.271505
0.236309
0.235517
0.23671
0.225841
0.245485
0.254348
0.275488
0.270565
0.270476
0.126586
0.129949
0.0795991
0.150979
0.233081
0.236604
0.243243
0.203632
0.271409
0.23625
0.235451
0.236679
0.225776
0.245475
0.254308
0.27537
0.270518
0.270429
0.126486
0.129532
0.0791983
0.150572
0.233044
0.236452
0.243205
0.203345
0.271312
0.23619
0.235385
0.236649
0.22571
0.245465
0.254268
0.275253
0.270472
0.270383
0.126386
0.129116
0.0787988
0.150164
0.233007
0.2363
0.243167
0.203057
0.271216
0.23613
0.235318
0.236618
0.225643
0.245455
0.254228
0.275136
0.270426
0.270337
0.126286
0.128701
0.0784007
0.149757
0.23297
0.236146
0.243128
0.202768
0.271119
0.23607
0.235251
0.236587
0.225576
0.245445
0.254189
0.275019
0.27038
0.270292
0.126186
0.128286
0.0780039
0.149349
0.232933
0.235991
0.24309
0.202477
0.271022
0.23601
0.235183
0.236555
0.225509
0.245435
0.254149
0.274903
0.270335
0.270246
0.126086
0.127873
0.0776086
0.148941
0.232895
0.235836
0.243051
0.202186
0.270925
0.235949
0.235115
0.236524
0.225441
0.245425
0.25411
0.274788
0.27029
0.270201
0.125986
0.12746
0.0772147
0.148533
0.232858
0.235679
0.243012
0.201893
0.270828
0.235887
0.235046
0.236492
0.225372
0.245415
0.254071
0.274672
0.270245
0.270157
0.125886
0.127048
0.0768224
0.148125
0.23282
0.235521
0.242972
0.201598
0.270731
0.235825
0.234977
0.23646
0.225303
0.245405
0.254033
0.274557
0.2702
0.270112
0.125787
0.126637
0.0764315
0.147717
0.232782
0.235362
0.242932
0.201302
0.270634
0.235763
0.234908
0.236427
0.225234
0.245395
0.253994
0.274443
0.270156
0.270068
0.125687
0.126228
0.0760422
0.147309
0.232744
0.235202
0.242892
0.201005
0.270536
0.235701
0.234838
0.236395
0.225164
0.245386
0.253956
0.274328
0.270112
0.270024
0.125589
0.125819
0.0756546
0.146901
0.232705
0.235041
0.242852
0.200707
0.270438
0.235638
0.234767
0.236362
0.225093
0.245376
0.253918
0.274214
0.270068
0.269981
0.12549
0.125412
0.0752686
0.146493
0.232666
0.234879
0.242811
0.200407
0.27034
0.235575
0.234696
0.236329
0.225022
0.245366
0.25388
0.2741
0.270024
0.269937
0.125392
0.125006
0.0748842
0.146086
0.232627
0.234715
0.24277
0.200106
0.270241
0.235511
0.234625
0.236295
0.22495
0.245357
0.253842
0.273987
0.269981
0.269894
0.125294
0.124601
0.0745016
0.145678
0.232588
0.234551
0.242729
0.199804
0.270143
0.235447
0.234553
0.236262
0.224878
0.245347
0.253805
0.273874
0.269937
0.269851
0.125196
0.124197
0.0741207
0.145271
0.232549
0.234385
0.242688
0.1995
0.270044
0.235382
0.23448
0.236228
0.224805
0.245337
0.253767
0.27376
0.269894
0.269808
0.125099
0.123795
0.0737416
0.144864
0.232509
0.234218
0.242646
0.199194
0.269944
0.235317
0.234407
0.236194
0.224731
0.245328
0.25373
0.273648
0.269852
0.269766
0.125002
0.123394
0.0733643
0.144458
0.232468
0.234049
0.242603
0.198887
0.269844
0.235252
0.234334
0.236159
0.224657
0.245318
0.253693
0.273535
0.269809
0.269723
0.124906
0.122995
0.0729887
0.144052
0.232428
0.23388
0.242561
0.198579
0.269744
0.235186
0.23426
0.236124
0.224583
0.245309
0.253656
0.273422
0.269766
0.269681
0.12481
0.122597
0.0726151
0.143646
0.232387
0.233709
0.242518
0.198269
0.269644
0.235119
0.234186
0.236089
0.224508
0.245299
0.253619
0.27331
0.269724
0.269639
0.124715
0.1222
0.0722434
0.143241
0.232346
0.233537
0.242475
0.197958
0.269543
0.235053
0.234111
0.236054
0.224432
0.24529
0.253582
0.273198
0.269682
0.269597
0.12462
0.121806
0.0718736
0.142837
0.232304
0.233363
0.242431
0.197645
0.269442
0.234985
0.234035
0.236018
0.224356
0.24528
0.253545
0.273086
0.26964
0.269555
0.124526
0.121412
0.0715057
0.142432
0.232262
0.233189
0.242388
0.19733
0.26934
0.234918
0.233959
0.235982
0.224279
0.245271
0.253508
0.272974
0.269598
0.269513
0.124433
0.121021
0.0711397
0.142029
0.23222
0.233012
0.242343
0.197015
0.269238
0.23485
0.233882
0.235946
0.224201
0.245261
0.253471
0.272862
0.269556
0.269471
0.12434
0.120631
0.0707757
0.141626
0.232177
0.232835
0.242299
0.196697
0.269135
0.234781
0.233805
0.235909
0.224123
0.245252
0.253435
0.27275
0.269514
0.26943
0.124248
0.120243
0.0704138
0.141224
0.232134
0.232656
0.242254
0.196378
0.269032
0.234712
0.233727
0.235872
0.224044
0.245242
0.253398
0.272639
0.269472
0.269388
0.124157
0.119856
0.0700539
0.140822
0.23209
0.232475
0.242209
0.196057
0.268929
0.234642
0.233649
0.235835
0.223965
0.245233
0.253362
0.272527
0.26943
0.269347
0.124067
0.119472
0.069696
0.140421
0.232046
0.232294
0.242163
0.195735
0.268825
0.234572
0.23357
0.235797
0.223884
0.245223
0.253325
0.272415
0.269389
0.269305
0.123977
0.119089
0.0693403
0.140021
0.232001
0.23211
0.242117
0.195411
0.26872
0.234501
0.233491
0.23576
0.223804
0.245214
0.253289
0.272304
0.269347
0.269264
0.123888
0.118708
0.0689866
0.139622
0.231956
0.231926
0.242071
0.195086
0.268615
0.23443
0.23341
0.235721
0.223722
0.245204
0.253252
0.272192
0.269306
0.269223
0.1238
0.11833
0.0686349
0.139223
0.23191
0.231739
0.242025
0.194759
0.26851
0.234359
0.23333
0.235683
0.22364
0.245195
0.253216
0.272081
0.269264
0.269181
0.123712
0.117953
0.0682854
0.138826
0.231864
0.231552
0.241978
0.19443
0.268404
0.234286
0.233249
0.235644
0.223558
0.245185
0.25318
0.271969
0.269223
0.26914
0.123626
0.117578
0.067938
0.138429
0.231817
0.231362
0.24193
0.1941
0.268297
0.234214
0.233167
0.235605
0.223474
0.245176
0.253143
0.271858
0.269182
0.269099
0.12354
0.117205
0.0675928
0.138033
0.23177
0.231172
0.241883
0.193768
0.26819
0.234141
0.233084
0.235565
0.22339
0.245167
0.253107
0.271746
0.26914
0.269058
0.123455
0.116834
0.0672497
0.137638
0.231722
0.23098
0.241834
0.193434
0.268082
0.234067
0.233001
0.235526
0.223306
0.245157
0.25307
0.271635
0.269099
0.269017
0.123371
0.116465
0.0669089
0.137244
0.231674
0.230786
0.241786
0.193099
0.267974
0.233993
0.232917
0.235485
0.22322
0.245148
0.253034
0.271523
0.269058
0.268976
0.123288
0.116098
0.0665701
0.136851
0.231625
0.23059
0.241737
0.192762
0.267865
0.233918
0.232833
0.235445
0.223134
0.245138
0.252997
0.271412
0.269017
0.268935
0.123206
0.115733
0.0662336
0.136459
0.231575
0.230393
0.241688
0.192423
0.267755
0.233842
0.232748
0.235404
0.223047
0.245129
0.252961
0.2713
0.268976
0.268894
0.123125
0.115371
0.0658993
0.136068
0.231525
0.230195
0.241638
0.192083
0.267645
0.233766
0.232662
0.235363
0.22296
0.245119
0.252925
0.271188
0.268934
0.268853
0.123045
0.11501
0.0655672
0.135678
0.231474
0.229995
0.241588
0.191741
0.267534
0.23369
0.232576
0.235321
0.222871
0.24511
0.252888
0.271077
0.268893
0.268812
0.122966
0.114652
0.0652374
0.13529
0.231423
0.229793
0.241538
0.191397
0.267423
0.233613
0.232489
0.235279
0.222782
0.2451
0.252852
0.270965
0.268852
0.268771
0.122887
0.114297
0.0649098
0.134902
0.231371
0.229589
0.241487
0.191051
0.267311
0.233535
0.232401
0.235237
0.222693
0.245091
0.252815
0.270853
0.268811
0.26873
0.12281
0.113943
0.0645844
0.134516
0.231318
0.229384
0.241436
0.190704
0.267198
0.233457
0.232313
0.235194
0.222602
0.245081
0.252778
0.270741
0.268769
0.268689
0.122734
0.113592
0.0642614
0.13413
0.231265
0.229178
0.241384
0.190355
0.267085
0.233378
0.232224
0.235151
0.222511
0.245072
0.252742
0.270629
0.268728
0.268648
0.122659
0.113243
0.0639405
0.133746
0.231211
0.228969
0.241332
0.190004
0.266971
0.233298
0.232134
0.235108
0.222419
0.245062
0.252705
0.270516
0.268687
0.268607
0.122585
0.112896
0.063622
0.133364
0.231156
0.228759
0.24128
0.189652
0.266856
0.233218
0.232044
0.235064
0.222326
0.245053
0.252668
0.270404
0.268646
0.268565
0.122512
0.112552
0.0633057
0.132982
0.2311
0.228547
0.241227
0.189298
0.266741
0.233138
0.231953
0.235019
0.222233
0.245043
0.252631
0.270292
0.268604
0.268524
0.12244
0.11221
0.0629916
0.132602
0.231044
0.228334
0.241174
0.188942
0.266625
0.233056
0.231861
0.234975
0.222139
0.245034
0.252595
0.270179
0.268563
0.268483
0.122369
0.11187
0.0626799
0.132223
0.230987
0.228118
0.24112
0.188584
0.266508
0.232974
0.231768
0.23493
0.222044
0.245024
0.252558
0.270066
0.268521
0.268442
0.1223
0.111533
0.0623705
0.131845
0.230929
0.227901
0.241066
0.188224
0.266391
0.232892
0.231675
0.234884
0.221948
0.245015
0.252521
0.269954
0.26848
0.268401
0.122231
0.111199
0.0620633
0.131469
0.23087
0.227683
0.241012
0.187863
0.266273
0.232809
0.231581
0.234838
0.221851
0.245005
0.252484
0.269841
0.268439
0.268359
0.122164
0.110867
0.0617584
0.131094
0.230811
0.227462
0.240957
0.1875
0.266154
0.232725
0.231486
0.234792
0.221754
0.244995
0.252446
0.269728
0.268397
0.268318
0.122098
0.110537
0.0614559
0.130721
0.230751
0.22724
0.240901
0.187135
0.266035
0.23264
0.231391
0.234745
0.221655
0.244986
0.252409
0.269614
0.268355
0.268277
0.122033
0.11021
0.0611556
0.130349
0.230689
0.227015
0.240846
0.186768
0.265914
0.232555
0.231294
0.234698
0.221556
0.244976
0.252372
0.269501
0.268314
0.268235
0.121969
0.109885
0.0608576
0.129978
0.230627
0.22679
0.240789
0.186399
0.265794
0.232469
0.231197
0.234651
0.221456
0.244966
0.252335
0.269388
0.268272
0.268194
0.121906
0.109563
0.060562
0.129609
0.230565
0.226562
0.240733
0.186029
0.265672
0.232383
0.231099
0.234603
0.221355
0.244957
0.252297
0.269274
0.26823
0.268152
0.121844
0.109244
0.0602686
0.129242
0.230501
0.226332
0.240675
0.185657
0.265549
0.232296
0.231001
0.234554
0.221254
0.244947
0.25226
0.26916
0.268189
0.268111
0.121784
0.108927
0.0599775
0.128875
0.230436
0.226101
0.240618
0.185283
0.265426
0.232208
0.230901
0.234506
0.221151
0.244937
0.252222
0.269046
0.268147
0.268069
0.121724
0.108612
0.0596886
0.128511
0.230371
0.225867
0.24056
0.184907
0.265302
0.23212
0.230801
0.234456
0.221048
0.244928
0.252184
0.268932
0.268105
0.268027
0.121666
0.108301
0.0594022
0.128147
0.230305
0.225632
0.240501
0.184529
0.265177
0.23203
0.2307
0.234406
0.220943
0.244918
0.252147
0.268818
0.268063
0.267986
0.121609
0.107992
0.059118
0.127786
0.230237
0.225395
0.240442
0.18415
0.265052
0.23194
0.230598
0.234356
0.220838
0.244908
0.252109
0.268703
0.268021
0.267944
0.121554
0.107685
0.058836
0.127426
0.230169
0.225156
0.240383
0.183769
0.264926
0.23185
0.230495
0.234305
0.220732
0.244899
0.252071
0.268588
0.267979
0.267902
0.121499
0.107381
0.0585564
0.127067
0.2301
0.224916
0.240323
0.183386
0.264799
0.231758
0.230392
0.234254
0.220625
0.244889
0.252033
0.268474
0.267937
0.26786
0.121446
0.10708
0.0582791
0.12671
0.23003
0.224673
0.240262
0.183001
0.264671
0.231666
0.230287
0.234202
0.220517
0.244879
0.251995
0.268359
0.267895
0.267818
0.121394
0.106782
0.058004
0.126355
0.229959
0.224428
0.240201
0.182614
0.264542
0.231573
0.230182
0.23415
0.220408
0.244869
0.251956
0.268243
0.267853
0.267776
0.121343
0.106486
0.0577313
0.126001
0.229887
0.224182
0.24014
0.182225
0.264413
0.23148
0.230076
0.234098
0.220298
0.244859
0.251918
0.268128
0.26781
0.267734
0.121294
0.106193
0.0574608
0.125649
0.229813
0.223933
0.240078
0.181835
0.264283
0.231385
0.229969
0.234044
0.220188
0.244849
0.25188
0.268013
0.267768
0.267692
0.121245
0.105902
0.0571925
0.125299
0.229739
0.223683
0.240016
0.181442
0.264152
0.23129
0.229861
0.233991
0.220076
0.24484
0.251841
0.267897
0.267725
0.26765
0.121198
0.105615
0.0569265
0.12495
0.229664
0.223431
0.239953
0.181048
0.26402
0.231194
0.229752
0.233937
0.219963
0.24483
0.251802
0.267781
0.267683
0.267607
0.121152
0.10533
0.0566628
0.124603
0.229588
0.223176
0.239889
0.180652
0.263887
0.231098
0.229642
0.233882
0.219849
0.24482
0.251764
0.267665
0.267641
0.267565
0.121108
0.105048
0.0564013
0.124258
0.229511
0.22292
0.239825
0.180254
0.263754
0.231
0.229531
0.233827
0.219735
0.24481
0.251725
0.267549
0.267598
0.267522
0.121064
0.104768
0.056142
0.123914
0.229432
0.222662
0.239761
0.179855
0.263619
0.230902
0.229419
0.233771
0.219619
0.2448
0.251686
0.267432
0.267555
0.26748
0.121022
0.104492
0.055885
0.123572
0.229353
0.222402
0.239696
0.179453
0.263484
0.230803
0.229307
0.233714
0.219502
0.24479
0.251647
0.267315
0.267512
0.267437
0.120981
0.104218
0.0556302
0.123231
0.229273
0.22214
0.239631
0.17905
0.263349
0.230703
0.229193
0.233658
0.219384
0.24478
0.251608
0.267199
0.26747
0.267395
0.120942
0.103947
0.0553777
0.122893
0.229191
0.221875
0.239565
0.178645
0.263212
0.230602
0.229078
0.2336
0.219265
0.24477
0.251568
0.267081
0.267427
0.267352
0.120903
0.103678
0.0551273
0.122556
0.229108
0.221609
0.239498
0.178238
0.263074
0.2305
0.228963
0.233542
0.219146
0.24476
0.251529
0.266964
0.267384
0.267309
0.120866
0.103413
0.0548792
0.122221
0.229024
0.221341
0.239431
0.177829
0.262936
0.230398
0.228846
0.233483
0.219025
0.24475
0.251489
0.266847
0.267341
0.267267
0.120831
0.10315
0.0546333
0.121887
0.22894
0.221071
0.239364
0.177418
0.262797
0.230295
0.228728
0.233424
0.218903
0.24474
0.25145
0.266729
0.267298
0.267224
0.120796
0.10289
0.0543896
0.121556
0.228853
0.220798
0.239296
0.177005
0.262656
0.230191
0.22861
0.233364
0.218779
0.24473
0.25141
0.266612
0.267255
0.267181
0.120763
0.102633
0.0541481
0.121226
0.228766
0.220524
0.239227
0.176591
0.262516
0.230086
0.22849
0.233304
0.218655
0.24472
0.25137
0.266493
0.267212
0.267138
0.120731
0.102378
0.0539087
0.120898
0.228678
0.220248
0.239158
0.176175
0.262374
0.22998
0.228369
0.233243
0.21853
0.24471
0.25133
0.266375
0.267168
0.267095
0.1207
0.102127
0.0536715
0.120571
0.228588
0.219969
0.239088
0.175757
0.262231
0.229873
0.228247
0.233181
0.218403
0.2447
0.25129
0.266257
0.267125
0.267052
0.12067
0.101878
0.0534365
0.120247
0.228497
0.219689
0.239018
0.175337
0.262088
0.229765
0.228124
0.233119
0.218276
0.24469
0.25125
0.266138
0.267082
0.267008
0.120642
0.101632
0.0532037
0.119924
0.228405
0.219407
0.238947
0.174915
0.261943
0.229657
0.228
0.233056
0.218147
0.24468
0.25121
0.26602
0.267038
0.266965
0.120615
0.101389
0.0529729
0.119603
0.228312
0.219122
0.238875
0.174491
0.261798
0.229547
0.227875
0.232993
0.218017
0.24467
0.251169
0.265901
0.266995
0.266922
0.120589
0.101149
0.0527444
0.119284
0.228217
0.218835
0.238803
0.174066
0.261652
0.229437
0.227749
0.232929
0.217886
0.244659
0.251129
0.265782
0.266951
0.266879
0.120564
0.100912
0.0525179
0.118967
0.228122
0.218546
0.238731
0.173639
0.261505
0.229326
0.227621
0.232864
0.217754
0.244649
0.251088
0.265662
0.266908
0.266835
0.120541
0.100678
0.0522936
0.118651
0.228025
0.218256
0.238658
0.17321
0.261357
0.229213
0.227493
0.232798
0.21762
0.244639
0.251047
0.265543
0.266864
0.266792
0.120519
0.100446
0.0520713
0.118337
0.227926
0.217963
0.238584
0.172779
0.261208
0.2291
0.227363
0.232732
0.217486
0.244629
0.251006
0.265423
0.26682
0.266748
0.120498
0.100217
0.0518512
0.118025
0.227827
0.217668
0.23851
0.172346
0.261059
0.228986
0.227232
0.232665
0.21735
0.244619
0.250965
0.265303
0.266777
0.266705
0.120478
0.0999914
0.0516332
0.117716
0.227726
0.21737
0.238435
0.171912
0.260908
0.22887
0.2271
0.232598
0.217212
0.244608
0.250924
0.265183
0.266733
0.266661
0.12046
0.0997683
0.0514172
0.117407
0.227624
0.217071
0.238359
0.171476
0.260757
0.228754
0.226966
0.232529
0.217074
0.244598
0.250883
0.265062
0.266689
0.266617
0.120443
0.0995482
0.0512033
0.117101
0.227521
0.21677
0.238283
0.171038
0.260605
0.228637
0.226832
0.23246
0.216934
0.244588
0.250841
0.264942
0.266645
0.266574
0.120427
0.099331
0.0509915
0.116797
0.227416
0.216466
0.238207
0.170598
0.260452
0.228519
0.226696
0.232391
0.216793
0.244578
0.2508
0.264821
0.266601
0.26653
0.120412
0.0991166
0.0507818
0.116494
0.22731
0.216161
0.238129
0.170157
0.260298
0.228399
0.226559
0.23232
0.216651
0.244567
0.250758
0.2647
0.266557
0.266486
0.120398
0.0989051
0.050574
0.116193
0.227203
0.215853
0.238051
0.169713
0.260143
0.228279
0.22642
0.232249
0.216507
0.244557
0.250716
0.264579
0.266513
0.266442
0.120386
0.0986964
0.0503683
0.115894
0.227094
0.215543
0.237973
0.169268
0.259987
0.228157
0.226281
0.232177
0.216362
0.244547
0.250675
0.264458
0.266469
0.266398
0.120375
0.0984906
0.0501646
0.115597
0.226984
0.215231
0.237894
0.168821
0.25983
0.228035
0.22614
0.232104
0.216215
0.244536
0.250632
0.264337
0.266425
0.266354
0.120365
0.0982878
0.0499629
0.115302
0.226873
0.214917
0.237814
0.168373
0.259673
0.227911
0.225997
0.23203
0.216067
0.244526
0.25059
0.264215
0.26638
0.26631
0.120356
0.0980878
0.0497633
0.115009
0.22676
0.214601
0.237733
0.167923
0.259514
0.227787
0.225854
0.231956
0.215918
0.244516
0.250548
0.264093
0.266336
0.266266
0.120349
0.0978907
0.0495656
0.114717
0.226646
0.214283
0.237652
0.167471
0.259355
0.227661
0.225709
0.231881
0.215768
0.244505
0.250505
0.263971
0.266292
0.266222
0.120342
0.0976965
0.0493699
0.114428
0.226531
0.213962
0.237571
0.167017
0.259195
0.227534
0.225562
0.231805
0.215616
0.244495
0.250463
0.263849
0.266248
0.266178
0.120337
0.0975051
0.0491762
0.11414
0.226414
0.213639
0.237488
0.166561
0.259034
0.227406
0.225414
0.231728
0.215462
0.244484
0.25042
0.263726
0.266203
0.266134
0.120333
0.0973167
0.0489845
0.113854
0.226296
0.213314
0.237405
0.166104
0.258871
0.227277
0.225265
0.23165
0.215307
0.244474
0.250377
0.263604
0.266159
0.26609
0.12033
0.0971311
0.0487947
0.11357
0.226176
0.212987
0.237322
0.165645
0.258708
0.227146
0.225114
0.231571
0.215151
0.244463
0.250334
0.263481
0.266114
0.266045
0.120329
0.0969485
0.0486068
0.113288
0.226055
0.212658
0.237238
0.165185
0.258544
0.227015
0.224962
0.231492
0.214993
0.244453
0.250291
0.263358
0.26607
0.266001
0.120328
0.0967686
0.0484209
0.113008
0.225933
0.212327
0.237153
0.164723
0.25838
0.226882
0.224809
0.231412
0.214833
0.244442
0.250248
0.263235
0.266025
0.265957
0.120329
0.0965917
0.0482368
0.112729
0.225809
0.211993
0.237067
0.164259
0.258214
0.226748
0.224654
0.23133
0.214672
0.244432
0.250204
0.263111
0.265981
0.265912
0.120331
0.0964175
0.0480547
0.112453
0.225684
0.211658
0.236981
0.163793
0.258047
0.226613
0.224497
0.231248
0.21451
0.244421
0.25016
0.262988
0.265936
0.265868
0.120333
0.0962464
0.0478745
0.112178
0.225558
0.21132
0.236894
0.163326
0.25788
0.226477
0.224339
0.231165
0.214346
0.244411
0.250117
0.262864
0.265892
0.265823
0.120337
0.096078
0.0476962
0.111906
0.22543
0.21098
0.236806
0.162858
0.257711
0.226339
0.224179
0.231081
0.21418
0.2444
0.250073
0.26274
0.265847
0.265779
0.120343
0.0959127
0.0475198
0.111635
0.2253
0.210638
0.236718
0.162387
0.257542
0.2262
0.224018
0.230996
0.214013
0.24439
0.250028
0.262616
0.265802
0.265734
0.120349
0.0957502
0.0473452
0.111366
0.225169
0.210294
0.236629
0.161915
0.257371
0.22606
0.223855
0.23091
0.213844
0.244379
0.249984
0.262491
0.265758
0.26569
0.120356
0.0955906
0.0471725
0.111099
0.225037
0.209947
0.236539
0.161442
0.2572
0.225918
0.22369
0.230823
0.213673
0.244368
0.24994
0.262367
0.265713
0.265645
0.120365
0.0954338
0.0470017
0.110834
0.224903
0.209598
0.236449
0.160966
0.257027
0.225776
0.223524
0.230735
0.213501
0.244358
0.249895
0.262242
0.265668
0.265601
0.120374
0.09528
0.0468327
0.110571
0.224768
0.209248
0.236358
0.16049
0.256854
0.225631
0.223356
0.230646
0.213327
0.244347
0.24985
0.262117
0.265623
0.265556
0.120385
0.095129
0.0466655
0.11031
0.224631
0.208895
0.236266
0.160011
0.25668
0.225486
0.223187
0.230556
0.213151
0.244336
0.249805
0.261992
0.265578
0.265511
0.120397
0.0949809
0.0465002
0.11005
0.224493
0.208539
0.236174
0.159532
0.256505
0.225339
0.223016
0.230464
0.212973
0.244326
0.24976
0.261867
0.265534
0.265467
0.12041
0.0948356
0.0463367
0.109793
0.224353
0.208182
0.23608
0.15905
0.256329
0.225191
0.222843
0.230372
0.212794
0.244315
0.249715
0.261741
0.265489
0.265422
0.120423
0.0946933
0.0461749
0.109537
0.224212
0.207823
0.235986
0.158568
0.256152
0.225041
0.222668
0.230279
0.212613
0.244304
0.249669
0.261615
0.265444
0.265377
0.120438
0.0945539
0.046015
0.109283
0.22407
0.207461
0.235892
0.158083
0.255974
0.224891
0.222492
0.230184
0.21243
0.244293
0.249624
0.261489
0.265399
0.265332
0.120454
0.0944174
0.0458569
0.109031
0.223925
0.207097
0.235796
0.157597
0.255796
0.224738
0.222313
0.230089
0.212246
0.244283
0.249578
0.261363
0.265354
0.265288
0.120472
0.0942837
0.0457005
0.108781
0.22378
0.206731
0.2357
0.15711
0.255616
0.224584
0.222133
0.229992
0.212059
0.244272
0.249532
0.261237
0.265309
0.265243
0.12049
0.0941529
0.045546
0.108533
0.223633
0.206363
0.235604
0.156621
0.255435
0.224429
0.221951
0.229894
0.211871
0.244261
0.249485
0.26111
0.265264
0.265198
0.120509
0.094025
0.0453931
0.108287
0.223484
0.205993
0.235506
0.156131
0.255253
0.224272
0.221767
0.229795
0.21168
0.24425
0.249439
0.260984
0.265219
0.265153
0.120529
0.0939
0.045242
0.108043
0.223334
0.20562
0.235408
0.15564
0.255071
0.224114
0.221582
0.229695
0.211488
0.244239
0.249392
0.260857
0.265173
0.265108
0.12055
0.0937778
0.0450927
0.107801
0.223183
0.205246
0.235309
0.155147
0.254887
0.223954
0.221394
0.229593
0.211294
0.244228
0.249345
0.260729
0.265128
0.265063
0.120572
0.0936585
0.0449451
0.10756
0.223029
0.204869
0.235209
0.154652
0.254703
0.223792
0.221204
0.229491
0.211098
0.244217
0.249298
0.260602
0.265083
0.265018
0.120595
0.0935421
0.0447992
0.107322
0.222875
0.20449
0.235108
0.154157
0.254517
0.223629
0.221013
0.229387
0.2109
0.244206
0.249251
0.260475
0.265038
0.264973
0.120619
0.0934285
0.0446551
0.107085
0.222719
0.204109
0.235007
0.153659
0.254331
0.223465
0.220819
0.229282
0.2107
0.244195
0.249203
0.260347
0.264993
0.264928
0.120644
0.0933177
0.0445126
0.10685
0.222561
0.203726
0.234905
0.153161
0.254143
0.223299
0.220624
0.229175
0.210497
0.244184
0.249156
0.260219
0.264948
0.264883
0.120671
0.09321
0.0443718
0.106617
0.222402
0.203341
0.234802
0.152661
0.253955
0.223131
0.220426
0.229067
0.210293
0.244173
0.249108
0.260091
0.264902
0.264838
0.120697
0.0931049
0.0442327
0.106386
0.222242
0.202954
0.234698
0.15216
0.253766
0.222962
0.220226
0.228958
0.210087
0.244162
0.249059
0.259962
0.264857
0.264793
0.120725
0.0930029
0.0440954
0.106157
0.22208
0.202564
0.234594
0.151658
0.253575
0.22279
0.220024
0.228847
0.209878
0.244151
0.249011
0.259833
0.264812
0.264748
0.120754
0.0929037
0.0439597
0.10593
0.221916
0.202173
0.234489
0.151155
0.253384
0.222618
0.21982
0.228735
0.209667
0.24414
0.248962
0.259705
0.264767
0.264703
0.120784
0.0928073
0.0438257
0.105704
0.221751
0.201779
0.234383
0.15065
0.253192
0.222443
0.219614
0.228622
0.209454
0.244129
0.248913
0.259575
0.264721
0.264657
0.120815
0.0927137
0.0436932
0.105481
0.221585
0.201383
0.234276
0.150144
0.252999
0.222267
0.219405
0.228507
0.209239
0.244118
0.248864
0.259446
0.264676
0.264612
0.120846
0.0926231
0.0435625
0.105259
0.221417
0.200985
0.234168
0.149637
0.252805
0.222089
0.219195
0.228391
0.209022
0.244107
0.248814
0.259317
0.26463
0.264567
0.120879
0.0925352
0.0434334
0.105039
0.221247
0.200585
0.23406
0.149128
0.25261
0.221909
0.218982
0.228273
0.208802
0.244095
0.248765
0.259187
0.264585
0.264522
0.120912
0.0924503
0.043306
0.104822
0.221076
0.200183
0.233951
0.148619
0.252413
0.221728
0.218766
0.228154
0.20858
0.244084
0.248715
0.259057
0.26454
0.264476
0.120947
0.0923682
0.0431801
0.104606
0.220903
0.199779
0.233841
0.148108
0.252216
0.221544
0.218549
0.228033
0.208356
0.244073
0.248664
0.258927
0.264494
0.264431
0.120982
0.092289
0.043056
0.104392
0.220729
0.199373
0.23373
0.147597
0.252018
0.221359
0.218329
0.227911
0.208129
0.244061
0.248614
0.258796
0.264449
0.264386
0.121018
0.0922126
0.0429334
0.10418
0.220554
0.198965
0.233618
0.147084
0.251819
0.221172
0.218106
0.227787
0.2079
0.24405
0.248563
0.258665
0.264403
0.26434
0.121055
0.0921391
0.0428124
0.103969
0.220377
0.198555
0.233506
0.14657
0.25162
0.220983
0.217882
0.227661
0.207669
0.244039
0.248512
0.258535
0.264358
0.264295
0.121092
0.0920684
0.0426931
0.103761
0.220198
0.198142
0.233393
0.146055
0.251419
0.220792
0.217654
0.227534
0.207435
0.244027
0.24846
0.258403
0.264312
0.26425
0.121131
0.0920006
0.0425754
0.103554
0.220018
0.197728
0.233279
0.145539
0.251217
0.220599
0.217425
0.227405
0.207198
0.244016
0.248408
0.258272
0.264266
0.264204
0.12117
0.0919355
0.0424592
0.10335
0.219837
0.197312
0.233164
0.145022
0.251014
0.220404
0.217192
0.227275
0.206959
0.244004
0.248356
0.25814
0.264221
0.264159
0.12121
0.0918734
0.0423446
0.103147
0.219654
0.196894
0.233048
0.144505
0.25081
0.220208
0.216957
0.227143
0.206717
0.243992
0.248304
0.258008
0.264175
0.264113
0.121251
0.091814
0.0422316
0.102946
0.219469
0.196473
0.232931
0.143986
0.250605
0.220009
0.21672
0.227009
0.206473
0.243981
0.248251
0.257876
0.264129
0.264068
0.121293
0.0917575
0.0421201
0.102747
0.219284
0.196051
0.232814
0.143466
0.250399
0.219808
0.21648
0.226873
0.206226
0.243969
0.248198
0.257744
0.264084
0.264022
0.121335
0.0917038
0.0420102
0.10255
0.219096
0.195627
0.232696
0.142946
0.250193
0.219605
0.216237
0.226735
0.205977
0.243958
0.248144
0.257611
0.264038
0.263976
0.121379
0.091653
0.0419019
0.102355
0.218907
0.195201
0.232576
0.142424
0.249985
0.2194
0.215991
0.226596
0.205725
0.243946
0.24809
0.257478
0.263992
0.263931
0.121423
0.0916051
0.0417952
0.102162
0.218717
0.194772
0.232457
0.141902
0.249776
0.219193
0.215743
0.226455
0.20547
0.243934
0.248036
0.257345
0.263946
0.263885
0.121467
0.0915599
0.04169
0.10197
0.218525
0.194342
0.232336
0.141379
0.249567
0.218983
0.215492
0.226312
0.205212
0.243922
0.247982
0.257211
0.2639
0.263839
0.121513
0.0915176
0.0415863
0.101781
0.218332
0.19391
0.232214
0.140855
0.249356
0.218771
0.215238
0.226166
0.204951
0.24391
0.247927
0.257077
0.263855
0.263794
0.121559
0.091478
0.0414841
0.101593
0.218138
0.193476
0.232091
0.14033
0.249144
0.218558
0.214982
0.226019
0.204688
0.243898
0.247871
0.256943
0.263809
0.263748
0.121606
0.0914414
0.0413836
0.101408
0.217941
0.193041
0.231968
0.139805
0.248932
0.218342
0.214722
0.22587
0.204422
0.243886
0.247816
0.256809
0.263763
0.263702
0.121654
0.0914075
0.0412845
0.101224
0.217744
0.192603
0.231844
0.139279
0.248718
0.218123
0.214459
0.225719
0.204152
0.243874
0.24776
0.256674
0.263717
0.263656
0.121702
0.0913764
0.0411869
0.101042
0.217545
0.192163
0.231719
0.138752
0.248504
0.217903
0.214194
0.225566
0.20388
0.243862
0.247703
0.256539
0.263671
0.26361
0.121751
0.0913483
0.0410909
0.100862
0.217345
0.191722
0.231593
0.138224
0.248288
0.21768
0.213925
0.225411
0.203605
0.24385
0.247646
0.256404
0.263624
0.263564
0.121801
0.0913229
0.0409964
0.100684
0.217143
0.191279
0.231466
0.137696
0.248072
0.217454
0.213654
0.225254
0.203327
0.243838
0.247589
0.256269
0.263578
0.263518
0.121851
0.0913003
0.0409034
0.100507
0.21694
0.190834
0.231338
0.137168
0.247854
0.217226
0.213379
0.225095
0.203045
0.243826
0.247531
0.256133
0.263532
0.263472
0.121902
0.0912805
0.0408118
0.100333
0.216735
0.190387
0.231209
0.136639
0.247636
0.216996
0.213101
0.224933
0.202761
0.243814
0.247473
0.255997
0.263486
0.263426
0.121954
0.0912636
0.0407218
0.10016
0.216529
0.189938
0.23108
0.136109
0.247416
0.216764
0.21282
0.224769
0.202473
0.243801
0.247414
0.25586
0.263439
0.26338
0.122006
0.0912495
0.0406334
0.0999897
0.216322
0.189488
0.230949
0.135579
0.247196
0.216528
0.212536
0.224603
0.202182
0.243789
0.247355
0.255723
0.263393
0.263333
0.122058
0.0912381
0.0405463
0.099821
0.216113
0.189036
0.230818
0.135048
0.246975
0.216291
0.212249
0.224435
0.201888
0.243777
0.247295
0.255586
0.263347
0.263287
0.122112
0.0912296
0.0404608
0.0996541
0.215903
0.188582
0.230686
0.134516
0.246752
0.21605
0.211958
0.224264
0.201591
0.243764
0.247235
0.255449
0.2633
0.263241
0.122166
0.0912238
0.0403767
0.0994892
0.215692
0.188126
0.230552
0.133985
0.246529
0.215807
0.211664
0.224091
0.20129
0.243751
0.247175
0.255311
0.263254
0.263194
0.12222
0.0912209
0.0402942
0.0993261
0.215479
0.187669
0.230418
0.133453
0.246305
0.215562
0.211366
0.223915
0.200986
0.243739
0.247114
0.255173
0.263207
0.263148
0.122276
0.0912208
0.0402131
0.099165
0.215265
0.18721
0.230283
0.13292
0.24608
0.215314
0.211065
0.223737
0.200678
0.243726
0.247052
0.255034
0.26316
0.263101
0.122331
0.0912235
0.0401335
0.0990058
0.215049
0.186749
0.230148
0.132388
0.245854
0.215063
0.210761
0.223557
0.200367
0.243714
0.24699
0.254896
0.263114
0.263055
0.122388
0.0912289
0.0400553
0.0988484
0.214833
0.186287
0.230011
0.131855
0.245627
0.214809
0.210453
0.223374
0.200053
0.243701
0.246927
0.254756
0.263067
0.263008
0.122444
0.0912372
0.0399787
0.098693
0.214615
0.185823
0.229873
0.131321
0.245398
0.214553
0.210142
0.223188
0.199735
0.243688
0.246864
0.254617
0.26302
0.262961
0.122502
0.0912483
0.0399035
0.0985394
0.214395
0.185357
0.229734
0.130788
0.245169
0.214294
0.209827
0.223
0.199413
0.243675
0.2468
0.254477
0.262973
0.262914
0.122559
0.0912621
0.0398297
0.0983878
0.214175
0.18489
0.229595
0.130254
0.244939
0.214031
0.209508
0.222809
0.199088
0.243662
0.246736
0.254336
0.262926
0.262867
0.122618
0.0912787
0.0397575
0.0982381
0.213953
0.184422
0.229455
0.12972
0.244709
0.213766
0.209185
0.222616
0.198759
0.243649
0.246671
0.254196
0.262879
0.26282
0.122677
0.0912981
0.0396866
0.0980902
0.213729
0.183951
0.229313
0.129186
0.244477
0.213498
0.208859
0.22242
0.198426
0.243636
0.246605
0.254055
0.262832
0.262773
0.122736
0.0913202
0.0396172
0.0979443
0.213505
0.18348
0.229171
0.128652
0.244244
0.213228
0.208529
0.222221
0.19809
0.243623
0.246539
0.253913
0.262784
0.262726
0.122796
0.0913452
0.0395493
0.0978003
0.213279
0.183007
0.229028
0.128117
0.24401
0.212954
0.208196
0.222019
0.197749
0.243609
0.246473
0.253771
0.262737
0.262679
0.122856
0.091373
0.0394829
0.0976582
0.213052
0.182532
0.228884
0.127583
0.243775
0.212677
0.207858
0.221814
0.197405
0.243596
0.246405
0.253629
0.262689
0.262632
0.122917
0.0914035
0.0394179
0.097518
0.212824
0.182056
0.228739
0.127048
0.24354
0.212397
0.207516
0.221606
0.197057
0.243583
0.246337
0.253486
0.262642
0.262584
0.122978
0.0914367
0.0393542
0.0973798
0.212595
0.181578
0.228593
0.126514
0.243303
0.212114
0.207171
0.221396
0.196705
0.243569
0.246269
0.253343
0.262594
0.262537
0.123039
0.0914727
0.0392921
0.0972434
0.212365
0.181099
0.228446
0.12598
0.243066
0.211827
0.206821
0.221182
0.196348
0.243556
0.246199
0.253199
0.262546
0.262489
0.123101
0.0915115
0.0392314
0.097109
0.212133
0.180619
0.228298
0.125445
0.242827
0.211538
0.206467
0.220965
0.195988
0.243542
0.246129
0.253055
0.262499
0.262441
0.123163
0.091553
0.0391722
0.0969765
0.2119
0.180138
0.228149
0.124911
0.242588
0.211245
0.20611
0.220745
0.195624
0.243528
0.246059
0.252911
0.262451
0.262393
0.123226
0.0915973
0.0391144
0.0968458
0.211667
0.179655
0.227999
0.124377
0.242348
0.210949
0.205748
0.220522
0.195255
0.243515
0.245987
0.252766
0.262403
0.262345
0.123289
0.0916444
0.039058
0.0967171
0.211432
0.17917
0.227849
0.123843
0.242106
0.21065
0.205382
0.220296
0.194882
0.243501
0.245915
0.252621
0.262354
0.262297
0.123353
0.0916941
0.0390031
0.0965904
0.211195
0.178685
0.227697
0.12331
0.241864
0.210347
0.205011
0.220067
0.194505
0.243487
0.245842
0.252475
0.262306
0.262249
0.123416
0.0917467
0.0389495
0.0964655
0.210958
0.178198
0.227545
0.122776
0.241621
0.210041
0.204637
0.219834
0.194124
0.243473
0.245769
0.252328
0.262258
0.262201
0.12348
0.091802
0.0388975
0.0963427
0.21072
0.17771
0.227391
0.122243
0.241377
0.209731
0.204258
0.219598
0.193738
0.243459
0.245694
0.252182
0.262209
0.262152
0.123545
0.09186
0.0388469
0.0962217
0.21048
0.177221
0.227237
0.12171
0.241132
0.209418
0.203874
0.219358
0.193347
0.243445
0.24562
0.252034
0.262161
0.262104
0.12361
0.0919208
0.0387977
0.0961027
0.21024
0.176731
0.227081
0.121177
0.240887
0.209101
0.203486
0.219115
0.192953
0.243431
0.245544
0.251886
0.262112
0.262055
0.123675
0.0919842
0.0387499
0.0959856
0.209998
0.176239
0.226925
0.120645
0.24064
0.208781
0.203094
0.218869
0.192553
0.243416
0.245467
0.251738
0.262063
0.262006
0.123741
0.0920505
0.0387036
0.0958704
0.209756
0.175747
0.226768
0.120113
0.240393
0.208457
0.202697
0.218619
0.19215
0.243402
0.24539
0.251589
0.262014
0.261957
0.123806
0.0921194
0.0386587
0.0957573
0.209512
0.175253
0.22661
0.119581
0.240144
0.20813
0.202296
0.218365
0.191741
0.243388
0.245311
0.25144
0.261965
0.261908
0.123872
0.092191
0.0386152
0.095646
0.209268
0.174758
0.226451
0.11905
0.239895
0.207798
0.20189
0.218108
0.191328
0.243373
0.245232
0.25129
0.261915
0.261859
0.123939
0.0922654
0.0385731
0.0955368
0.209022
0.174263
0.226291
0.11852
0.239645
0.207463
0.201479
0.217847
0.19091
0.243359
0.245152
0.25114
0.261866
0.26181
0.124005
0.0923425
0.0385325
0.0954294
0.208776
0.173766
0.22613
0.11799
0.239394
0.207124
0.201063
0.217582
0.190487
0.243344
0.245072
0.250989
0.261816
0.26176
0.124072
0.0924222
0.0384933
0.095324
0.208528
0.173268
0.225968
0.11746
0.239142
0.206782
0.200643
0.217313
0.19006
0.243329
0.24499
0.250837
0.261766
0.26171
0.124139
0.0925047
0.0384555
0.0952204
0.20828
0.17277
0.225805
0.116931
0.238889
0.206435
0.200218
0.21704
0.189627
0.243314
0.244908
0.250685
0.261716
0.26166
0.124206
0.0925898
0.0384191
0.0951189
0.208031
0.17227
0.225641
0.116403
0.238635
0.206085
0.199788
0.216764
0.18919
0.243299
0.244824
0.250532
0.261666
0.26161
0.124274
0.0926776
0.0383842
0.0950194
0.207781
0.17177
0.225476
0.115875
0.238381
0.20573
0.199354
0.216483
0.188747
0.243284
0.24474
0.250379
0.261616
0.26156
0.124342
0.0927682
0.0383507
0.0949218
0.20753
0.171269
0.22531
0.115348
0.238125
0.205372
0.198914
0.216198
0.1883
0.243269
0.244654
0.250225
0.261565
0.26151
0.124409
0.0928613
0.0383186
0.0948261
0.207278
0.170767
0.225144
0.114822
0.237869
0.205009
0.198469
0.21591
0.187847
0.243254
0.244568
0.250071
0.261515
0.261459
0.124478
0.0929571
0.038288
0.0947325
0.207025
0.170264
0.224976
0.114296
0.237612
0.204642
0.19802
0.215617
0.187389
0.243239
0.244481
0.249915
0.261464
0.261409
0.124546
0.0930557
0.0382587
0.0946407
0.206772
0.169761
0.224808
0.113771
0.237354
0.204271
0.197565
0.215319
0.186926
0.243224
0.244393
0.24976
0.261413
0.261358
0.124614
0.0931568
0.0382309
0.094551
0.206517
0.169257
0.224638
0.113247
0.237096
0.203896
0.197105
0.215018
0.186458
0.243208
0.244304
0.249603
0.261362
0.261306
0.124683
0.0932606
0.0382046
0.0944632
0.206262
0.168752
0.224468
0.112724
0.236836
0.203517
0.19664
0.214712
0.185984
0.243193
0.244213
0.249446
0.26131
0.261255
0.124752
0.0933671
0.0381796
0.0943773
0.206006
0.168246
0.224296
0.112202
0.236576
0.203133
0.19617
0.214402
0.185505
0.243177
0.244122
0.249289
0.261259
0.261204
0.124821
0.0934762
0.038156
0.0942936
0.20575
0.16774
0.224124
0.11168
0.236315
0.202745
0.195695
0.214087
0.185021
0.243162
0.24403
0.24913
0.261207
0.261152
0.12489
0.0935879
0.0381339
0.0942117
0.205492
0.167234
0.223951
0.11116
0.236053
0.202352
0.195214
0.213768
0.184531
0.243146
0.243936
0.248971
0.261155
0.2611
0.124959
0.0937022
0.0381132
0.0941317
0.205234
0.166726
0.223777
0.11064
0.23579
0.201955
0.194728
0.213444
0.184036
0.24313
0.243842
0.248812
0.261103
0.261048
0.125028
0.0938191
0.038094
0.0940538
0.204976
0.166219
