0.333981
0.296487
0.292324
0.277939
0.246875
0.225777
0.217679
0.207057
0.198421
0.195164
0.191735
0.185958
0.180907
0.179531
0.17637
0.170776
0.162493
0.155312
0.151359
0.140545
0.131453
0.125266
0.118226
0.116473
0.113494
0.111039
0.109564
0.107034
0.101454
0.0971795
0.0971325
0.0963218
0.0936706
0.0925302
0.0886887
0.085929
0.0844066
0.0794789
0.073562
0.0717754
0.0704344
0.0695565
0.0681222
0.0663776
0.0639641
0.061033
0.0587306
0.0576737
0.0567032
0.0554559
0.0536883
0.0518136
0.0502648
0.0486845
0.0473501
0.0461293
0.0450113
0.0448112
0.0450648
0.0438595
0.0432355
0.0427407
0.0421748
0.0417378
0.0413805
0.0415279
0.040666
0.0401233
0.0401067
0.0397288
0.0395127
0.0388824
0.0384197
0.0376862
0.0397106
0.0383945
0.0381198
0.037631
0.0372455
0.0371037
0.0372189
0.0367651
0.036625
0.0363225
0.0362279
0.0361056
0.0354875
0.0345544
0.0340472
0.0338675
0.0335376
0.0339691
0.0334655
0.0331288
0.0332348
0.0332615
0.0345058
0.0332135
0.0326
0.0328223
0.0323098
0.0327554
0.0325101
0.0327786
0.0322445
0.0321375
0.0318149
0.0318131
0.0318732
0.0315613
0.0316751
0.0313793
0.0311765
0.0308347
0.0306027
0.0304723
0.030235
0.0302283
0.03
0.0298815
0.0299309
0.0301262
0.0297846
0.0296667
0.0293588
0.0291005
0.0289086
0.0297003
0.0287688
0.0286216
0.0284723
0.0283208
0.028314
0.0279241
0.0279983
0.0278556
0.027764
0.027712
0.0272029
0.0267183
0.0265377
0.0267255
0.0261224
0.0257996
0.0256366
0.0252423
0.0248308
0.024951
0.0250866
0.0244698
0.0252203
0.0242382
0.0239246
0.0236562
0.0235298
0.0233165
0.0232921
0.0232221
0.0231703
0.0226665
0.0228774
0.0229012
0.023152
0.022568
0.0227368
0.0225796
0.0228987
0.0230484
0.022778
0.0231916
0.0235628
0.0227079
0.0227171
0.0227111
0.0227513
0.0220114
0.0217742
0.0228626
0.0230606
0.0228038
0.022497
0.0228111
0.0226893
0.0228174
0.0226812
0.0226914
0.0227415
0.0225569
0.0225925
0.0215228
0.0224127
0.0224169
0.0223791
0.0223215
0.0219952
0.0228014
0.0221988
0.0223679
0.0219873
0.021875
0.0224712
0.0223951
0.0222936
0.0220071
0.0222853
0.0219525
0.022161
0.0226044
0.0223224
0.0213981
0.0222313
0.0221617
0.0219413
0.0222017
0.0220725
0.0220037
0.022046
0.0219994
0.0218894
0.0216658
0.0212973
0.0217973
0.0215426
0.021996
0.0219143
0.0217853
0.0216566
0.0221173
0.0222078
0.0219009
0.021886
0.0219943
0.0219332
0.021907
0.0218748
0.0218011
0.02196
0.0218973
0.0224875
0.0217464
0.021664
0.0214443
0.0213933
0.0213573
0.0213212
0.02127
0.0214994
0.0212629
0.0218732
0.0212013
0.0210749
0.020875
0.0209654
0.0208437
0.020897
0.0218925
0.0208317
0.020909
0.0217634
0.0208973
0.0206418
0.0209287
0.0207971
0.0209794
0.0208078
0.0207681
0.0207807
0.020606
0.0207534
0.0209451
0.020753
0.0208128
0.0206113
0.0194232
0.0207389
0.0207055
0.0207716
0.0212393
0.0206872
0.0206249
0.0223643
0.0205573
0.0201494
0.0208284
0.0205833
0.0206195
0.0206213
0.020576
0.0205919
0.020558
0.0213432
0.0205518
0.0207004
0.0205116
0.0204874
0.020512
0.0204445
0.0203696
0.0204432
0.0204292
0.0202946
0.0201792
0.0215671
0.0197526
0.0202758
0.0203547
0.0201481
0.0202136
0.0201744
0.0202254
0.0201157
0.0200584
0.0188204
0.0197439
0.0199887
0.0199377
0.0199647
0.0199305
0.0200463
0.0200126
0.0201622
0.0198213
0.0194702
0.019673
0.0204402
0.0198563
0.01984
0.0208344
0.0197528
0.019865
0.0199383
0.0200976
0.0198312
0.0197873
0.0197705
0.0197395
0.0197477
0.0198658
0.0196777
0.0197961
0.0196632
0.0191796
0.0210305
0.019532
0.0196909
0.0196181
0.0196306
0.0195018
0.0195724
0.020033
0.0199422
0.0194932
0.0196255
0.0195721
0.0195462
0.0197113
0.0195573
0.019562
0.0195367
0.0188427
0.0194597
0.0194807
0.0194178
0.0194417
0.0194519
0.0194284
0.019936
0.019503
0.0194017
0.0194559
0.0193369
0.0195383
0.0197584
0.0197086
0.019378
0.0195885
0.0194191
0.019445
0.0195843
0.0207166
0.019556
0.0194104
0.0194698
0.0195268
0.0195107
0.0217388
0.0193767
0.0194534
0.0193455
0.0193335
0.0194356
0.019328
0.0193113
0.01929
0.0194639
0.0193876
0.0193106
0.0192208
0.0192956
0.0192656
0.0192935
0.0192619
0.0192243
0.0200337
0.0192166
0.0192944
0.0193714
0.0192809
0.0197163
0.0190776
0.0192042
0.0192325
0.0193075
0.0192311
0.0200085
0.0192763
0.0191474
0.0191129
0.0191117
0.0190918
0.0191319
0.019039
0.0189948
0.0190131
0.0189727
0.0189203
0.0190263
0.0189118
0.0189415
0.0187927
0.0189003
0.0188825
0.0188625
0.0188045
0.0190269
0.0183878
0.0189054
0.0189057
0.0188173
0.0188184
0.0187834
0.0190718
0.0187692
0.0189102
0.0191298
0.0186288
0.0188192
0.0188676
0.0186767
0.018594
0.0187158
0.0187465
0.0188656
0.0188269
0.0186982
0.0187945
0.0188296
0.0187637
0.0188636
0.0187932
0.0191433
0.0193072
0.0188528
0.0187275
0.0187454
0.0188058
0.0187442
0.0187053
0.0187052
0.0186955
0.0186917
0.0186805
0.0187634
0.0186458
0.0186675
0.0186788
0.0185049
0.0187495
0.0186568
0.018697
0.0186408
0.0186587
0.0187389
0.0187036
0.0186953
0.0186277
0.0186957
0.0184864
0.0155032
0.0174216
0.016357
0.0186222
0.0186506
0.0186516
0.0186254
0.0184986
0.0186287
0.01866
0.0187865
0.0185826
0.0186767
0.0186296
0.0187915
0.0187117
0.0186221
0.0186855
0.0184193
0.0173923
0.0185937
0.0185636
0.0189285
0.0186016
0.0185669
0.0185455
0.018605
0.0185654
0.0184972
0.0189537
0.0192337
0.0173889
0.0173888
0.0185712
0.018556
0.0185433
0.0185153
0.0185154
0.0185235
0.0185371
0.0185059
0.0186248
0.0184104
0.0185543
0.0185056
0.0183949
0.0186234
0.018535
0.0185118
0.0185222
0.0184911
0.0184694
0.0185066
0.0184677
0.0184519
0.0185086
0.0186422
0.0188166
0.0182533
0.0183868
0.0183145
0.0178593
0.0179811
0.0183427
0.0186395
0.0185095
0.0184792
0.0190113
0.0185536
0.0184778
0.0184228
0.0180463
0.0179642
0.0179641
0.0184613
0.0182513
0.0184501
0.0182957
0.0184287
0.0183148
0.0185593
0.018352
0.0184118
0.0183591
0.0183952
0.018057
0.0184926
0.0182905
0.0182965
0.0182357
0.0179971
0.0180561
0.017997
0.0183327
0.0179147
0.0182104
0.0185058
0.0183904
0.0166941
0.0181621
0.0177921
0.0179137
0.0184117
0.0181805
0.0179912
0.0185967
0.0175884
0.0175884
0.0180945
0.0183428
0.0184807
0.0175879
0.0175879
0.0179904
0.0188479
0.0184368
0.0183688
0.018343
0.017907
0.0173832
0.0185944
0.0202878
0.0193022
0.0193021
0.0181271
0.0175861
0.019302
0.0197822
0.0184078
0.019772
0.0190711
0.0185165
0.0202772
0.0202771
0.0194806
0.0186581
0.0189843
0.0189241
0.0202769
0.01906
0.0194108
0.0186236
0.0187767
0.0183899
0.019045
0.0190449
0.0184202
0.0184623
0.0184229
0.0194636
0.0189071
0.0184691
0.0184017
0.0205258
0.0184597
0.0186158
0.0186731
0.0188227
0.0185354
0.0183891
0.0186245
0.0192703
0.0197505
0.0183963
0.0185533
0.0184197
0.0202545
0.0202544
0.0202544
0.0197489
0.0193882
0.0197488
0.0194578
0.0184144
0.0202538
0.0186484
0.0184805
0.0186806
0.0189605
0.0197477
0.0202532
0.0202532
0.0197477
0.0202531
0.0175521
0.0192674
0.0202531
0.0197476
0.020253
0.0194565
0.020253
0.020253
0.0184667
0.0194561
0.0190357
0.019456
0.019134
0.0192668
0.019747
0.0197493
0.0184062
0.0190346
0.0189588
0.019746
0.0202515
0.0183884
0.0202505
0.0189577
0.0184383
0.0184576
0.0180543
0.0184835
0.0202494
0.0194529
0.0202494
0.0184131
0.0177584
0.0181559
0.0185372
0.0197433
0.0194522
0.0177465
0.0202487
0.0175478
0.0197432
0.0202487
0.0202487
0.0178448
0.0186433
0.0193824
0.0182877
0.0184161
0.0197422
0.0181378
0.0185607
0.0185357
0.0194508
0.0202473
0.0181728
0.0197417
0.0191286
0.0186155
0.0194505
0.020247
0.0197415
0.020247
0.0186743
0.0185841
0.0177446
0.0184026
0.019029
0.0197404
0.0202459
0.0190388
0.0189531
0.0197403
0.0169614
0.0185456
0.0183581
0.0187688
0.0187142
0.0192597
0.0202454
0.0192597
0.0194488
0.0202454
0.0202453
0.0194488
0.0188923
0.0185515
0.0184896
0.0192591
0.0192591
0.0192591
0.0197393
0.019259
0.0205112
0.0186018
0.0202446
0.0197391
0.0192588
0.017853
0.018388
0.0202433
0.0197377
0.0186904
0.0192574
0.0179384
0.018624
0.0186001
0.0192571
0.017542
0.0202429
0.0202428
0.0202428
0.0202428
0.0197373
0.0194462
0.0194462
0.0197372
0.0197372
0.0185997
0.0185329
0.018364
0.0178553
0.0181533
0.0183855
0.0184198
0.0183585
0.0191217
0.0191217
0.0184157
0.0197344
0.0197343
0.0197343
0.0202398
0.0183524
0.0185228
0.0184971
0.0187968
0.0184555
0.0190232
0.0188861
0.0183572
0.0176188
0.017982
0.0183989
0.0202382
0.0192524
0.0202382
0.0202382
0.0187321
0.0184193
0.0194413
0.0183594
0.0184098
0.0202361
0.0202361
0.0186578
0.0180579
0.0183878
0.0186816
0.0186621
0.018523
0.018437
0.0179357
0.0187918
0.0202344
0.0190173
0.0197288
0.0187574
0.0178615
0.0191155
0.0191155
0.0193677
0.0187572
0.0193676
0.0189411
0.0202339
0.0197284
0.0184662
0.0194371
0.0184427
0.0183533
0.0188803
0.0190163
0.0189404
0.0183964
0.0184128
0.0186788
0.0185077
0.0189185
0.0191133
0.0185889
0.0197263
0.0186784
0.0184856
0.0202315
0.0185687
0.0177294
0.0179915
0.0180751
0.0177206
0.0183502
0.0185141
0.0192452
0.020231
0.0192451
0.0202309
0.0181211
0.0183495
0.0178502
0.0192578
0.0194342
0.0193643
0.0192449
0.0183709
0.0185128
0.0183513
0.0175024
0.0185756
0.0183746
0.0188823
0.0194312
0.0197223
0.0190107
0.0202278
0.0167889
0.0188746
0.0197221
0.0194311
0.0183732
0.0182371
0.0191078
0.0175258
0.0197209
0.0202264
0.0202264
0.0213218
0.0186298
0.0183806
0.0202255
0.0184425
0.0202253
0.0183451
0.0194285
0.018333
0.0197192
0.0197191
0.0202247
0.0202247
0.0202247
0.0197191
0.0188225
0.0202246
0.0192513
0.0187183
0.0202245
0.0191467
0.0190073
0.0202244
0.018337
0.01854
0.0194276
0.0181335
0.0192383
0.0182346
0.0187178
0.0186511
0.0202239
0.0197183
0.0183403
0.0189102
0.0189309
0.0202237
0.0197182
0.0186923
0.0190076
0.0191049
0.019718
0.019718
0.0202235
0.0202235
0.0174272
0.0183612
0.0197186
0.0194253
0.0183347
0.0185283
0.019236
0.0175213
0.0197162
0.0190047
0.0193553
0.0194251
0.019103
0.0182684
0.0183597
0.018359
0.0192328
0.0197131
0.0197152
0.0193521
0.0190025
0.019713
0.0183524
0.0197115
0.0194204
0.0185454
0.0197114
0.0197113
0.0202169
0.0202169
0.0184304
0.0190979
0.019711
0.019711
0.0202165
0.0194199
0.0191387
0.0188304
0.0197109
0.019243
0.0186303
0.0166135
0.0202163
0.0192305
0.0192304
0.0183337
0.0190975
0.0197106
0.0197106
0.0186627
0.0202161
0.0202161
0.0190081
0.0194194
0.020216
0.020216
0.0183311
0.0183311
0.0185842
0.016613
0.0175154
0.0143488
0.0183261
0.0185506
0.0189206
0.0184046
0.0179733
0.0202131
0.0202131
0.0202131
0.0197075
0.018175
0.0183732
0.0202124
0.0194157
0.0189952
0.0182906
0.0197065
0.0181021
0.0183414
0.0181702
0.0181857
0.0183395
0.0179667
0.019703
0.0197009
0.0197009
0.0202065
0.0202064
0.0177045
0.0186748
0.0181876
0.0194096
0.0194096
0.018804
0.0187692
0.0186159
0.0202061
0.0189889
0.0202061
0.0194093
0.0197004
0.0197004
0.0188037
0.0175056
0.01922
0.0193393
0.0194091
0.0183244
0.0188597
0.0186055
0.0129794
0.018327
0.0185337
0.0196998
0.0202054
0.0194086
0.0204715
0.0183246
0.0183262
0.0188189
0.0183729
0.0197011
0.0189874
0.019699
0.019699
0.019699
0.0202046
0.0183174
0.0202045
0.0197009
0.0185004
0.0184231
0.0183255
0.0183248
0.0185408
0.0196982
0.0196982
0.019085
0.0189875
0.0178713
0.0188504
0.019698
0.0202036
0.0202036
0.0202036
0.0202036
0.0190848
0.0194068
0.0196979
0.0196979
0.0194068
0.0196978
0.0202034
0.0202034
0.0179047
0.0190846
0.0196978
0.0177015
0.0194066
0.018995
0.0181828
0.0188895
0.0182394
0.0185025
0.0194062
0.0184637
0.0196971
0.0184362
0.0185969
0.0183489
0.018338
0.0192145
0.0189829
0.0189841
0.0178199
0.0202004
0.0183804
0.0183683
0.0187225
0.0185368
0.0187223
0.0187223
0.0187971
0.0196937
0.0178188
0.0184928
0.0192132
0.018536
0.0183451
0.0187959
0.018625
0.020198
0.0194013
0.020198
0.0187957
0.0201979
0.0186248
0.0183108
0.0201978
0.0174976
0.0189806
0.0201978
0.0201978
0.0185921
0.0183744
0.018811
0.0196916
0.0196916
0.0201972
0.0201972
0.0201972
0.0201972
0.0178985
0.0179573
0.0194004
0.0201971
0.0188832
0.0196914
0.020197
0.020197
0.020197
0.0190782
0.0165935
0.0196913
0.0201969
0.0196913
0.0183098
0.0192109
0.018106
0.0178803
0.0179446
0.0174547
0.0183278
0.0188413
0.0184676
0.0196888
0.0193976
0.0201944
0.0201944
0.0192084
0.0182762
0.0183101
0.0201935
0.0196879
0.0196898
0.0201935
0.0174932
0.0201934
0.0201934
0.0196878
0.0201934
0.0189761
0.0190745
0.0178128
0.0184468
0.0190743
0.0183253
0.0183816
0.0183552
0.0171237
0.0185584
0.0201904
0.0186371
0.0193935
0.0201903
0.0196846
0.0186671
0.0182901
0.0196841
0.018636
0.0190708
0.0185177
0.0174894
0.0201895
0.017809
0.0196838
0.0174893
0.0201894
0.0201894
0.0201894
0.0171057
0.018683
0.0196837
0.0192149
0.0189806
0.0201893
0.0176876
0.0201893
0.0201893
0.0196836
0.0201892
0.0201892
0.0188359
0.0196835
0.018896
0.0184461
0.020189
0.0174888
0.0196833
0.0197011
0.0192145
0.0192029
0.0201889
0.0196832
0.0201889
0.0201888
0.0174887
0.0196832
0.0196832
0.019322
0.0201888
0.0196831
0.0201887
0.0201887
0.0174886
0.0196831
0.0183088
0.0180167
0.0188353
0.0180884
0.0182286
0.0151245
0.0183191
0.0193892
0.0189686
0.0189771
0.0193891
0.0174858
0.0193891
0.0178871
0.018305
0.0183126
0.0183039
0.018372
0.0183056
0.0187001
0.0190992
0.0184081
0.0185138
0.0196714
0.0181161
0.0196713
0.0183541
0.0193798
0.0193798
0.0201766
0.0193797
0.0184073
0.0180156
0.0187899
0.0201763
0.0201763
0.0189589
0.0201763
0.0181379
0.0173278
0.0193793
0.0187897
0.0183188
0.0196695
0.0187321
0.0188819
0.019189
0.0193782
0.0188282
0.0182289
0.0201749
0.0201749
0.0174749
0.019378
0.0181683
0.0201748
0.0201748
0.0201748
0.0193779
0.0186208
0.0196709
0.019669
0.0193778
0.0185113
0.0193777
0.0200449
0.0170932
0.0181521
0.0177976
0.0175353
0.0182731
0.0184565
0.0196703
0.0183288
0.0186961
0.0188199
0.0201734
0.0190543
0.0196676
0.0188198
0.0187301
0.0196675
0.0186205
0.0196675
0.0193763
0.0183938
0.0185725
0.0196674
0.0184029
0.0193761
0.0191868
0.0201729
0.0196672
0.0191979
0.0196672
0.0201729
0.0196672
0.0180537
0.0196671
0.0176712
0.0201728
0.0193759
0.0196671
0.0189563
0.0188794
0.0201727
0.0185188
0.0187294
0.0186227
0.0185186
0.0183365
0.0184253
0.0201718
0.0191857
0.0184127
0.0188181
0.0201716
0.0191965
0.0191854
0.0196658
0.0201715
0.0174716
0.0201715
0.0196677
0.0196658
0.0191964
0.0201714
0.0201714
0.0201714
0.0201714
0.0204373
0.0173756
0.0182207
0.0182425
0.018491
0.0191849
0.0183085
0.0182981
0.0182946
0.0201649
0.0196591
0.0182844
0.0182911
0.0185417
0.0182937
0.0183985
0.0181468
0.0196544
0.0189425
0.0193631
0.0201601
0.0193631
0.0196543
0.02016
0.018302
0.0201592
0.0188118
0.0189415
0.0182906
0.0186254
0.0186506
0.0201574
0.0191711
0.0201573
0.0191817
0.0193603
0.0196515
0.0201573
0.0201573
0.0204232
0.0180636
0.0182593
0.020157
0.0196512
0.0201569
0.0188635
0.0183714
0.0177762
0.0182768
0.0182938
0.0189457
0.0190363
0.0201555
0.0201555
0.018712
0.0182707
0.0201554
0.0201554
0.0201554
0.0201554
0.0201554
0.0184197
0.019169
0.0181915
0.0182848
0.0183584
0.0184254
0.0193558
0.0191665
0.0187659
0.0184108
0.0196469
0.0174528
0.0182855
0.0182762
0.0196425
0.0196425
0.018424
0.0186705
0.0187943
0.0191618
0.0186412
0.020148
0.019351
0.019644
0.0187046
0.0182882
0.0177666
0.0184035
0.0182841
0.0188523
0.0185666
0.0180355
0.0190265
0.0182659
0.0187979
0.0196416
0.0201456
0.0196416
0.0201456
0.0188312
0.017908
0.0182659
0.0183581
0.0182711
0.0181036
0.0182706
0.0191639
0.0193431
0.0186374
0.0183468
0.0182806
0.0182864
0.0201385
0.0196327
0.0187846
0.0183601
0.0185473
0.018358
0.0186946
0.0187842
0.018547
0.0193409
0.0188443
0.0182779
0.01934
0.0196312
0.0184242
0.0184356
0.0182818
0.0182729
0.0189182
0.0201352
0.019338
0.019631
0.0182533
0.0191487
0.0201351
0.0191586
0.0196292
0.0201351
0.0193379
0.0196292
0.0183547
0.0182387
0.0187804
0.01858
0.0190149
0.0196284
0.0184269
0.0191477
0.018291
0.0182943
0.0181264
0.018359
0.0182639
0.0182901
0.0186282
0.0178324
0.0187772
0.018413
0.0196269
0.0182482
0.0185987
0.0184255
0.0182575
0.0187258
0.0187747
0.0182539
0.0186021
0.0184379
0.0183368
0.0184127
0.0185932
0.0184814
0.018508
0.0183163
0.0182291
0.0182542
0.0182794
0.0183751
0.0185312
0.0181842
0.018478
0.0182551
0.020121
0.020121
0.020121
0.020121
0.0189101
0.0184793
0.0186137
0.0191439
0.0191344
0.019615
0.0191439
0.0196149
0.0201209
0.0196149
0.0174213
0.0182755
0.0191339
0.0186131
0.0193231
0.0182733
0.0183662
0.0189091
0.0182334
0.0182352
0.0182333
0.018436
0.0183393
0.0193225
0.018502
0.0182397
0.0183627
0.0187709
0.0196135
0.0193222
0.0201194
0.018499
0.0196151
0.0196129
0.0183407
0.0187707
0.0182987
0.0183151
0.0191322
0.0191416
0.0201187
0.0196127
0.0201186
0.0182922
0.0201185
0.0201185
0.0191414
0.0196126
0.0196125
0.0193212
0.0183862
0.0196141
0.0189989
0.0183432
0.0179224
0.0186744
0.0181307
0.0183017
0.0184735
0.0184245
0.0185665
0.018231
0.0178651
0.0186739
0.0191404
0.0155387
0.0182406
0.0188955
0.0186742
0.019246
0.0201134
0.0201134
0.0191268
0.0193162
0.0196074
0.0201134
0.0189938
0.0189023
0.0201133
0.0181345
0.0187102
0.0182453
0.0201121
0.0201121
0.0189009
0.0191255
0.0182492
0.0182562
0.0182313
0.0187606
0.0201093
0.0184763
0.0186699
0.0189897
0.0196032
0.0201092
0.0201092
0.0182245
0.0191317
0.0191226
0.0186018
0.0181383
0.020109
0.0188929
0.018891
0.0184646
0.018436
0.0182563
0.0181347
0.018294
0.0182442
0.0182276
0.0182525
0.0187034
0.0196006
0.0193092
0.0183933
0.0184859
0.018895
0.0186283
0.0183317
0.0183255
0.0185263
0.0183796
0.0191193
0.0193087
0.0182425
0.0183173
0.0193077
0.019599
0.0189854
0.0186268
0.0191273
0.0184096
0.0184031
0.0195988
0.0183029
0.0195986
0.0188106
0.0192369
0.0195985
0.0183536
0.0187502
0.0196
0.0184027
0.0183275
0.018247
0.0191172
0.0201038
0.018336
0.0184228
0.0201036
0.0183175
0.0182404
0.0186245
0.0182507
0.0182528
0.0188078
0.0193044
0.0189821
0.0186984
0.0183612
0.01801
0.0182397
0.0182307
0.0191134
0.0201001
0.018882
0.0185964
0.0188819
0.0182487
0.019232
0.0185448
0.0187452
0.0184927
0.0182544
0.0183391
0.0193016
0.0184368
0.0187446
0.0182394
0.0184047
0.0193009
0.0186543
0.0187491
0.0181673
0.0182328
0.0183705
0.0184422
0.0182523
0.0181003
0.0185449
0.0188783
0.0192991
0.0183698
0.0191097
0.0188024
0.0168079
0.0182922
0.0200962
0.0195902
0.0192988
0.0185887
0.0185219
0.0184754
0.0188786
0.0182157
0.0190169
0.0182774
0.0192984
0.0186077
0.0181971
0.0182736
0.0182324
0.018205
0.0192976
0.0186916
0.018205
0.0188009
0.0188832
0.0175935
0.0182149
0.0181612
0.0191074
0.0183771
0.0189744
0.0200941
0.0200941
0.0192967
0.020094
0.019588
0.0192263
0.0191073
0.020094
0.019588
0.0186158
0.0180123
0.0187065
0.0192966
0.0195879
0.0200939
0.0185696
0.0175924
0.0191158
0.018439
0.0191071
0.0200937
0.0200937
0.0185051
0.0200937
0.0192964
0.0179602
0.0200937
0.0181995
0.0182135
0.0181147
0.0182128
0.0181925
0.0182124
0.0186139
0.0200921
0.018798
0.0189724
0.0192243
0.0182368
0.0181762
0.0178512
0.0181804
0.0179551
0.0200911
0.0182763
0.0195864
0.0195849
0.0173916
0.0183281
0.0170089
0.0181751
0.0182104
0.018212
0.0179535
0.0185321
0.017951
0.0189672
0.0185794
0.0192895
0.0184953
0.0182054
0.0182091
0.0183918
0.0170037
0.0179495
0.0200855
0.0200855
0.0195809
0.0195809
0.0190987
0.0173862
0.0195809
0.0181109
0.0184042
0.0195793
0.0192879
0.0200853
0.0200853
0.0200853
0.019107
0.0200853
0.0191069
0.0183584
0.0184228
0.0195791
0.0192878
0.0186817
0.0200851
0.0177862
0.0181868
0.0182865
0.0195786
0.0195786
0.0186812
0.0200846
0.0195785
0.0188663
0.0200846
0.0200845
0.0185296
0.0183284
0.0200845
0.0189647
0.0195784
0.0200844
0.0184827
0.0166451
0.0195783
0.0182703
0.0195781
0.0182154
0.0181953
0.0188703
0.0192146
0.0195892
0.0182002
0.0195763
0.0185274
0.0185274
0.0187278
0.0181976
0.0195762
0.0200822
0.0200822
0.0192848
0.0200822
0.0183095
0.0182258
0.0187874
0.018386
0.0185071
0.0185739
0.018727
0.0190946
0.0183861
0.0190946
0.0186413
0.0187269
0.0200813
0.0181966
0.017884
0.0182339
0.0183717
0.0195735
0.017665
0.0192821
0.0189597
0.0186354
0.0182344
0.0195731
0.0182677
0.0182277
0.0190917
0.0180922
0.0186348
0.0178095
0.018225
0.0189582
0.0183892
0.0184863
0.0195718
0.0187837
0.018958
0.0188595
0.0192804
0.0187626
0.0185258
0.0187233
0.0182089
0.018358
0.0181845
0.0190966
0.0192778
0.0200753
0.0200753
0.0195692
0.0190884
0.0190884
0.0186311
0.0183865
0.0184861
0.0183687
0.0190882
0.0200751
0.0200751
0.019569
0.020075
0.0192776
0.0192072
0.0187205
0.0185707
0.0190882
0.0190881
0.0188627
0.0192775
0.0188566
0.0184679
0.0181994
0.0195685
0.0189534
0.0183999
0.0181892
0.019274
0.0195667
0.0185193
0.0190845
0.0182704
0.0169958
0.0185191
0.0190924
0.0200712
0.0200712
0.0181996
0.0189504
0.0185819
0.0182453
0.0189502
0.0200701
0.0200701
0.0185817
0.02007
0.0192726
0.0195639
0.0195639
0.0187758
0.02007
0.02007
0.0195639
0.0189501
0.018217
0.0183251
0.0188518
0.0182697
0.0185143
0.0187195
0.0190824
0.0189899
0.0181803
0.0182732
0.0183514
0.0192713
0.0192009
0.0195627
0.0195627
0.0195627
0.0183954
0.0182079
0.0183948
0.0176876
0.0186645
0.0192706
0.0186645
0.0195619
0.0185434
0.020068
0.0190811
0.017769
0.0179343
0.0186237
0.0188495
0.0183613
0.0200678
0.019081
0.0184492
0.0192703
0.0184469
0.0182264
0.0183916
0.01927
0.0200674
0.0195613
0.0184603
0.0192699
0.0182088
0.0182162
0.0189469
0.0190878
0.0188542
0.0200667
0.0190798
0.0182108
0.0183378
0.0195601
0.0195601
0.0189463
0.0190793
0.0200662
0.0195601
0.018511
0.0190871
0.0189462
0.0181036
0.0185583
0.020066
0.019087
0.0187161
0.0175647
0.020066
0.019572
0.0185582
0.0188534
0.0188475
0.0185614
0.0169956
0.0181962
0.0200649
0.0183204
0.0200648
0.0203301
0.0181839
0.0181832
0.0179698
0.015483
0.018181
0.0180727
0.0181885
0.0185071
0.0200619
0.0182281
0.0183073
0.0183247
0.018707
0.0182261
0.018281
0.0185535
0.0192638
0.0200613
0.018096
0.0183965
0.0185534
0.0188427
0.0186169
0.018195
0.0181934
0.0192621
0.0190727
0.0179977
0.0200596
0.0190803
0.0188468
0.019262
0.0200595
0.0200595
0.0195534
0.0181899
0.0183452
0.018326
0.0182399
0.0187644
0.0195526
0.0200587
0.0182418
0.0182801
0.0184667
0.0189386
0.0188457
0.0195524
0.0200585
0.0195523
0.0195523
0.0184838
0.0183517
0.0182618
0.018764
0.0181607
0.0195532
0.0195519
0.020058
0.0195532
0.0195519
0.018938
0.0178965
0.018268
0.0192603
0.0186542
0.0181796
0.0183199
0.0185479
0.0184484
0.018652
0.0184004
0.0190687
0.0182413
0.0182544
0.0181912
0.0178146
0.0181743
0.0182388
0.0141897
0.0188362
0.0181851
0.0186098
0.0187593
0.0181952
0.0181851
0.0190659
0.0181913
0.0190652
0.0192546
0.0187578
0.018259
0.0189321
0.0184309
0.0186973
0.019065
0.0183329
0.018544
0.0185732
0.0189319
0.0186075
0.0195457
0.0182519
0.0185185
0.0186479
0.0182809
0.0188331
0.0181672
0.0200509
0.0200509
0.0181648
0.0190639
0.0190713
0.0200509
0.0200509
0.0200509
0.0184435
0.0182491
0.0182088
0.0183546
0.018756
0.0187001
0.0180711
0.0192528
0.0200504
0.0186467
0.0183385
0.0184053
0.0189303
0.0183559
0.0181615
0.0181683
0.0179741
0.0195438
0.0184973
0.0195437
0.0200499
0.0189703
0.0185712
0.0189299
0.0195437
0.0195437
0.0179389
0.0182016
0.0195434
0.0183221
0.0190625
0.0195433
0.0184748
0.0183695
0.0189294
0.0173505
0.0189294
0.0183604
0.0184574
0.0173035
0.0183057
0.0180958
0.0181718
0.0184914
0.0184127
0.0181695
0.0195365
0.0184899
0.0183625
0.0186878
0.0189225
0.018692
0.0195364
0.017542
0.0184677
0.0181817
0.0185978
0.0200423
0.0195361
0.0195361
0.018829
0.019536
0.019536
0.0192446
0.0186384
0.0192446
0.0181598
0.0182338
0.0181915
0.0185338
0.0181572
0.0191736
0.0182485
0.0182369
0.018347
0.0195354
0.0192439
0.0200415
0.0182262
0.0182274
0.0177423
0.0181766
0.0181999
0.0184067
0.0183668
0.0186366
0.0190533
0.0181593
0.0182887
0.0183379
0.0182176
0.01892
0.019053
0.0181369
0.0182221
0.018994
0.0183946
0.0189196
0.0189196
0.0180165
0.0182478
0.0200396
0.0176456
0.01826
0.0195333
0.0183839
0.0186355
0.0183323
0.0192417
0.0190522
0.0186512
0.0181415
0.0181661
0.0182901
0.017736
0.0195322
0.0200384
0.0190584
0.0181571
0.0195322
0.0200384
0.0200384
0.0200384
0.0181766
0.0183418
0.018293
0.0192401
0.0179756
0.0181601
0.0181504
0.0200364
0.0200364
0.0192387
0.0192387
0.0190493
0.0187418
0.0185283
0.0185918
0.0181054
0.0180759
0.0181689
0.0186848
0.0192378
0.0195293
0.0183903
0.0195292
0.0184606
0.0200354
0.0195292
0.0183393
0.0192377
0.0182175
0.0184453
0.019529
0.0181492
0.0190481
0.0181539
0.0181611
0.0184784
0.0195277
0.0182606
0.0181571
0.0182951
0.0185868
0.0192336
0.0195251
0.0180436
0.0195251
0.0186764
0.0180495
0.0181887
0.0188122
0.01868
0.0192332
0.0200309
0.0192332
0.0177318
0.018676
0.01827
0.0185862
0.0184558
0.0189106
0.0200308
0.0200308
0.019233
0.0183855
0.019233
0.0190435
0.0195245
0.0200307
0.018817
0.0190435
0.0180582
0.0181814
0.0181401
0.0181841
0.0190427
0.0190427
0.0188162
0.0178144
0.0185216
0.0195248
0.0188111
0.0195236
0.0185885
0.0181609
0.0181071
0.0190485
0.0191605
0.0192311
0.0190484
0.0192311
0.0190416
0.0195225
0.0200288
0.0181753
0.0188097
0.0182431
0.0192307
0.0200284
0.0200284
0.0200283
0.0192306
0.0184383
0.0200283
0.0183025
0.0183141
0.019522
0.019522
0.0181461
0.0182637
0.0195202
0.0185475
0.0175252
0.019046
0.0189062
0.0200264
0.0190459
0.018241
0.0185474
0.0187316
0.0183121
0.0183922
0.01952
0.0184927
0.0186752
0.0180384
0.0183235
0.0183367
0.0186711
0.018145
0.0182846
0.0183703
0.0195196
0.0178642
0.0179232
0.0181311
0.0181683
0.0188066
0.0183305
0.0183618
0.0184697
0.0200253
0.0190381
0.0192275
0.0190381
0.0187305
0.0183433
0.0184351
0.0185805
0.0182034
0.018435
0.01952
0.0183797
0.0181869
0.0182127
0.0181627
0.0181486
0.0186189
0.0184153
0.0188041
0.0176424
0.0180649
0.0185439
0.0195166
0.0182177
0.0177752
0.0181382
0.018241
0.0190354
0.0188044
0.0184201
0.0183263
0.0186185
0.0181718
0.01796
0.0181502
0.0181835
0.018468
0.0183872
0.0186662
0.0185765
0.0182702
0.0192234
0.0186661
0.0189009
0.0181388
0.0183068
0.0184133
0.0184874
0.0188022
0.0195147
0.0182845
0.0185762
0.018326
0.0185419
0.0187262
0.0184652
0.0188069
0.018705
0.0192231
0.0195146
0.0195145
0.0184873
0.0184872
0.019223
0.0181519
0.0192224
0.0180918
0.018616
0.0192223
0.0187253
0.018616
0.0182232
0.0181383
0.0182249
0.0192221
0.0182158
0.0181235
0.0181461
0.0183979
0.0186642
0.0176387
0.0195129
0.019032
0.0195129
0.0200192
0.0195129
0.0195129
0.0185744
0.0195129
0.0185109
0.0186151
0.018138
0.0181491
0.0183733
0.0195124
0.0190314
0.0188984
0.0182095
0.0181364
0.0192208
0.0181679
0.0181391
0.0190289
0.0200161
0.0195098
0.0176356
0.0181357
0.0186095
0.0186623
0.0186623
0.0182107
0.0192157
0.0181298
0.0181307
0.0177757
0.0181276
0.0181289
0.0169421
0.0181276
0.0181582
0.0178513
0.0181585
0.0183787
0.0200128
0.0186577
0.0192149
0.0192149
0.0192149
0.0187179
0.0192626
0.0180249
0.0178191
0.0181415
0.0181261
0.0177129
0.0181304
0.0149791
0.0181274
0.0184585
0.0181309
0.01813
0.0181757
0.018131
0.0186565
0.0181305
0.0181307
0.018419
0.0181353
0.018336
0.0181746
0.0185655
0.0181934
0.0181559
0.0181969
0.0200095
0.0200095
0.0187906
0.0184758
0.018297
0.0185304
0.0190284
0.0158959
0.0192116
0.0181332
0.0183738
0.0182883
0.018789
0.0190206
0.0200079
0.0195016
0.0190267
0.0190267
0.0188875
0.0181296
0.0182194
0.0200067
0.0185648
0.0190193
0.0200066
0.0179128
0.0181655
0.0188861
0.0195001
0.0173079
0.0180399
0.0181458
0.0183982
0.0181241
0.0181512
0.0182053
0.0186506
0.0184305
0.0187868
0.0182426
0.0182111
0.0200056
0.0200056
0.0190244
0.0194993
0.0190183
0.0194993
0.0181211
0.0200056
0.0177065
0.0182166
0.0194992
0.0192076
0.0175043
0.0182049
0.0194991
0.0192075
0.018178
0.0173067
0.0183974
0.0186501
0.0190179
0.0200052
0.019024
0.0121689
0.0181378
0.0190235
0.0194984
0.0194984
0.0190174
0.0200047
0.0194984
0.0141404
0.0192068
0.0190173
0.0186004
0.0194983
0.0200046
0.0200046
0.0194983
0.018125
0.0188816
0.020002
0.0192041
0.0176101
0.0194957
0.0187875
0.0176215
0.0194956
0.0180148
0.0181302
0.0187867
0.0190139
0.0181755
0.0183811
0.0163915
0.0184258
0.0200011
0.0194947
0.0174391
0.0195039
0.0182764
0.0192031
0.0187864
0.0194946
0.0181152
0.0190136
0.0194946
0.020001
0.018706
0.018139
0.0184082
0.0180348
0.0194944
0.0185965
0.018649
0.018276
0.0186489
0.0187057
0.0194943
0.0194943
0.0200006
0.0200006
0.0176985
0.0194943
0.0200006
0.0192027
0.018786
0.0187057
0.0200006
0.0202655
0.0181188
0.0182083
0.0181351
0.0181336
0.0187807
0.0185551
0.0185205
0.0187807
0.0192018
0.0185954
0.0181351
0.018118
0.0190119
0.0184907
0.0188788
0.0182547
0.0173007
0.0183912
0.0199992
0.0187802
0.0184435
0.0187042
0.0173006
0.0192012
0.0190177
0.0199991
0.0187845
0.0194927
0.0199991
0.0169189
0.0185199
0.0169233
0.0173005
0.0180119
0.0184905
0.0183168
0.0183534
0.0177584
0.01803
0.0181619
0.0185945
0.0194924
0.0188783
0.0199987
0.0185195
0.0185566
0.0186435
0.0183178
0.0184234
0.0194923
0.0185566
0.0176181
0.0192007
0.0220012
0.018188
0.0194922
0.0186433
0.019017
0.0185942
0.0192006
0.0187839
0.0177579
0.0178021
0.0180186
0.0183162
0.0181422
0.0194929
0.0184057
0.0183541
0.0188777
0.0186464
0.0183781
0.0194918
0.0199981
0.0199982
0.0172996
0.0199981
0.0190167
0.0192003
0.0177996
0.0194918
0.0178337
0.0181078
0.0181201
0.0179202
0.0194902
0.0199965
0.0187775
0.0181449
0.0180936
0.0186444
0.0191983
0.018158
0.0184035
0.0181596
0.0181542
0.0181274
0.0181387
0.0182872
0.0177545
0.0194887
0.0194897
0.0190077
0.0185501
0.018286
0.0183748
0.0179325
0.0187764
0.0182702
0.0183869
0.0183606
0.018643
0.0187758
0.019197
0.0194885
0.0177963
0.0181235
0.0181341
0.0191252
0.0185146
0.018372
0.0182202
0.0182908
0.0182424
0.0185488
0.0199938
0.0184011
0.0199937
0.0186988
0.0199937
0.0184682
0.0186775
0.0187751
0.0191958
0.0182599
0.0184183
0.0188731
0.0181079
0.0180751
0.0184007
0.0180591
0.0181102
0.0181718
0.0181093
0.0180701
0.0181111
0.0194842
0.0188701
0.0194842
0.0199906
0.0199906
0.0191927
0.0184844
0.0183264
0.0186386
0.018369
0.018338
0.0183524
0.0185012
0.0183979
0.0163806
0.0183344
0.0180603
0.0182319
0.0181093
0.0185826
0.0178251
0.0181773
0.019189
0.0183788
0.0187678
0.0183342
0.0188663
0.0184329
0.0187677
0.0199868
0.0199868
0.0187719
0.0194804
0.0176063
0.0191889
0.0191889
0.0194814
0.0188663
0.0185417
0.0185417
0.0183213
0.0182544
0.0185823
0.0194813
0.0194803
0.0181514
0.0187675
0.0191886
0.0191886
0.0183957
0.0189991
0.0182676
0.0180815
0.0181127
0.0184767
0.0199854
0.0181133
0.0190028
0.01811
0.0199838
0.0194774
0.0184499
0.0198544
0.0199838
0.0182467
0.0183756
0.0158693
0.0182939
0.0199837
0.0185793
0.0199837
0.0190017
0.018122
0.018044
0.0199835
0.0194771
0.0183377
0.0179434
0.0191855
0.0187684
0.0183925
0.0185383
0.018541
0.0191855
0.0185383
0.0183489
0.0190014
0.0184273
0.019477
0.019477
0.0199834
0.0199834
0.019477
0.0181177
0.018688
0.018688
0.0186277
0.0180517
0.0183268
0.0186307
0.0182351
0.0181004
0.0181022
0.0180064
0.0145234
0.0181742
0.0172802
0.0189911
0.0184446
0.0183581
0.0180942
0.0188952
0.0184
0.0188549
0.0199756
0.0181173
0.0181719
0.0199753
0.0199753
0.0183096
0.0178895
0.0180934
0.0182659
0.0189876
0.0182926
0.0186227
0.0194687
0.0189928
0.0184956
0.0199751
0.0189875
0.0175425
0.019177
0.0181386
0.019975
0.019975
0.019975
0.0194685
0.019975
0.017919
0.0171852
0.0184408
0.0180929
0.0182791
0.0181779
0.0194684
0.0181522
0.0181036
0.018755
0.0185316
0.0178122
0.0181065
0.0186575
0.0183517
0.0178812
0.0184943
0.018352
0.0179196
0.0180962
0.0189902
0.0185837
0.018568
0.0175921
0.0185273
0.0191745
0.0191745
0.0182526
0.0184163
0.0194661
0.0199725
0.0184163
0.0180948
0.0191733
0.0182744
0.0199713
0.0194648
0.0199713
0.0199713
0.0183956
0.0199713
0.0186157
0.0185262
0.0180996
0.0191727
0.0181672
0.0183048
0.0199706
0.0183794
0.0181988
0.018491
0.018988
0.018618
0.0191725
0.0199706
0.0191725
0.018161
0.0184145
0.0184446
0.0176712
0.0183483
0.0182323
0.0191015
0.0182061
0.0194648
0.0186752
0.0182932
0.0191723
0.0182889
0.0199703
0.0183482
0.0199703
0.0189878
0.0199703
0.0199703
0.0187518
0.0180873
0.0199703
0.0181985
0.0187547
0.0199702
0.0199702
0.0199702
0.0191722
0.0199702
0.0186177
0.0187547
0.0194638
0.0194646
0.0177717
0.0180869
0.0184614
0.0183242
0.0194637
0.0182013
0.0189825
0.0180864
0.0183355
0.0182251
0.0178761
0.0181632
0.0180906
0.0189808
0.0191704
0.0182103
0.0183771
0.0199684
0.0174673
0.0179457
0.0189808
0.0194619
0.0194619
0.0191703
0.0189858
0.0180839
0.0185793
0.0180595
0.0187527
0.0182715
0.0184594
0.0199682
0.0191702
0.0189806
0.0181918
0.0191701
0.0183752
0.0199682
0.0191701
0.0194694
0.0187489
0.0174671
0.0194617
0.0194617
0.0176183
0.018434
0.0183474
0.0182231
0.0173238
0.0199681
0.0199681
0.0194616
0.0199681
0.0199681
0.0188876
0.0180679
0.0185633
0.0188472
0.0176425
0.0229636
0.0180892
0.0181532
0.0183909
0.0199666
0.018611
0.0194601
0.0190976
0.0187473
0.0199665
0.0194601
0.0194601
0.0191685
0.0184597
0.0189839
0.0194601
0.0199665
0.0186139
0.0189789
0.0189838
0.0199665
0.0188458
0.0186138
0.0185236
0.0158514
0.0182172
0.0183735
0.0187471
0.0166215
0.0184868
0.0183005
0.0185618
0.0181617
0.018521
0.0187507
0.018747
0.018671
0.0191682
0.0183099
0.0177176
0.0173468
0.0180841
0.0182176
0.0199628
0.018387
0.0187434
0.0172691
0.0187438
0.0181507
0.0180813
0.0181274
0.0189796
0.0199625
0.0199625
0.018198
0.0181767
0.0179959
0.0189747
0.0186067
0.0181881
0.0180806
0.0180816
0.0180887
0.0187388
0.0186021
0.0183544
0.018292
0.0194521
0.0183013
0.0183116
0.0191596
0.0194512
0.0183493
0.0199577
0.019452
0.01897
0.0174601
0.0190886
0.0180744
0.0181307
0.0183601
0.0183131
0.018964
0.0194461
0.0187323
0.0182689
0.0199518
0.018596
0.0186563
0.0180758
0.0199511
0.0185462
0.018069
0.012706
0.0180749
0.0191438
0.0199421
0.0199421
0.0184965
0.0199421
0.0191438
0.0185862
0.0181362
0.0183333
0.0182853
0.0187225
0.0187256
0.0182034
0.0194354
0.0183194
0.0191437
0.017701
0.0177467
0.017951
0.0182149
0.0185525
0.0190726
0.0184074
0.0185525
0.018954
0.0199419
0.0188209
0.0183332
0.0177434
0.018954
0.0194352
0.0187223
0.0199418
0.0185885
0.0187229
0.0181963
0.0176424
0.0179328
0.018954
0.0171472
0.0184964
0.0194359
0.0180896
0.0176401
0.0189538
0.0194351
0.0180457
0.0184324
0.0186461
0.019435
0.0199416
0.019435
0.0172433
0.0204752
0.0181086
0.0181168
0.0174403
0.0194349
0.0199414
0.0189578
0.0186459
0.0168621
0.0179642
0.0180085
0.0180637
0.0176321
0.0199337
0.0174295
0.0177977
0.0188126
0.0174295
0.0180095
0.0182514
0.0190642
0.0183769
0.0180505
0.0181189
0.018812
0.0191347
0.018812
0.0181655
0.0187133
0.0179348
0.018577
0.0182761
0.0180553
0.0180481
0.0180505
0.01805
0.0181185
0.0188115
0.0199325
0.0177341
0.0199325
0.0194265
0.0199325
0.0199325
0.0199325
0.0189486
0.0199325
0.0194258
0.0177977
0.0179788
0.0177964
0.0191341
0.0189485
0.0181798
0.0182661
0.0187127
0.0199323
0.0187127
0.019063
0.0182233
0.0180674
0.0191338
0.018297
0.0194255
0.0189482
0.0194255
0.0180451
0.0199321
0.017428
0.0189482
0.0183975
0.0177337
0.0177337
0.0183769
0.0168536
0.0191338
0.0199321
0.0199321
0.0189482
0.0194255
0.0199321
0.0199321
0.0190627
0.0181621
0.017957
0.0179968
0.017183
0.0187129
0.0180464
0.0181328
0.0172374
0.0182966
0.0186361
0.0199317
0.0199317
0.0177333
0.0179967
0.0183383
0.0184241
0.018328
0.018712
0.0199317
0.0185757
0.0189477
0.0186147
0.0189438
0.0183751
0.0182748
0.0179857
0.0165854
0.0185422
0.0189477
0.0199316
0.0179857
0.0180575
0.0182661
0.0183495
0.0187148
0.0194249
0.0199315
0.0199315
0.0199315
0.0194249
0.0191332
0.0181138
0.0189475
0.0182058
0.0171406
0.0180643
0.017233
0.0180484
0.0177322
0.0199305
0.0189466
0.0199305
0.0176291
0.0194239
0.0187112
0.0181718
0.017629
0.0174264
0.0189465
0.0180435
0.0194246
0.018284
0.0194239
0.0194299
0.0194239
0.0194239
0.0187108
0.0187137
0.0188094
0.0194238
0.0172323
0.0189426
0.0199305
0.0199305
0.0187137
0.0168513
0.0187108
0.0191321
0.0178149
0.0179323
0.0194245
0.0168513
0.0176312
0.0180479
0.018002
0.0180802
0.0189424
0.0181603
0.0181326
0.0181578
0.0185252
0.0180476
0.0194236
0.0189462
0.0191319
0.0188092
0.0189423
0.0199302
0.0199302
0.0194242
0.0194236
0.0189423
0.0185407
0.0182551
0.0191319
0.0191319
0.0183736
0.0187134
0.0191318
0.0199301
0.0183086
0.0187108
0.0180458
0.0189461
0.0185742
0.0187134
0.0180469
0.0194235
0.0189422
0.0184225
0.0187105
0.0189461
0.0189422
0.0184501
0.0183539
0.0194235
0.0183481
0.0187133
0.0186132
0.0184224
0.0191318
0.0184501
0.0199301
0.0199301
0.0185764
0.0181532
0.018525
0.0182094
0.01993
0.0183733
0.018043
0.0180471
0.0180462
0.0180448
0.0186344
0.0182093
0.0176285
0.0191317
0.0194233
0.0183735
0.0177348
0.01993
0.0199299
0.0194233
0.018946
0.0199299
0.0199299
0.0186343
0.0181997
0.0199299
0.0175172
0.0180737
0.0180474
0.0180876
0.0183478
0.0181675
0.0199297
0.0194237
0.0183744
0.0199297
0.014893
0.0163178
0.0181685
0.018209
0.0180555
0.0194226
0.0188483
0.0181835
0.0182461
0.018044
0.0181835
0.0194226
0.0187095
0.0181806
0.0180755
0.0182317
0.0181099
0.0194224
0.019929
0.0194224
0.0184852
0.0181703
0.018808
0.0194224
0.019929
0.019929
0.0187122
0.0186121
0.018808
0.0181357
0.0181226
0.0189449
0.0194223
0.018941
0.0199289
0.0172308
0.018573
0.0189449
0.0191306
0.0194229
0.0191306
0.0201934
0.0184489
0.0194223
0.0176027
0.018941
0.0178221
0.0186332
0.0199289
0.0199289
0.0189448
0.0194222
0.0199288
0.0194229
0.0188078
0.01832
0.0199288
0.0194229
0.0180588
0.0180711
0.0185749
0.0199285
0.0183939
0.018282
0.0183718
0.0186116
0.0188075
0.018283
0.0194219
0.0194219
0.0194219
0.0163166
0.0183351
0.0189406
0.0189406
0.0194219
0.0163166
0.0191302
0.0178364
0.0188475
0.0185234
0.0184827
0.0180727
0.0185388
0.0180782
0.0181075
0.0181896
0.0183716
0.018352
0.0179713
0.0182618
0.0199281
0.0183461
0.0185744
0.0180449
0.0194215
0.0187113
0.0163162
0.0194215
0.0199281
0.0185721
0.0194221
0.0184824
0.0190587
0.0181632
0.0179904
0.0176308
0.0180559
0.0180271
0.0181133
0.0180438
0.0185716
0.0190582
0.0185226
0.019421
0.0188066
0.0180145
0.0180437
0.0180498
0.0194206
0.0199272
0.0176258
0.0184195
0.0180445
0.0194206
0.0184194
0.0183183
0.0194205
0.0189431
0.0199271
0.0199272
0.0194205
0.0175771
0.0189392
0.018437
0.0186315
0.0188061
0.0183718
0.0177647
0.0179811
0.0194205
0.0199271
0.0183183
0.0194205
0.0191288
0.0185711
0.0184194
0.0180553
0.0185218
0.0191285
0.0184468
0.0186311
0.0189389
0.0182362
0.0194201
0.0184467
0.0191284
0.0186311
0.0178853
0.017363
0.0194201
0.0182603
0.0180643
0.0194199
0.0179532
0.0185728
0.0189386
0.0199265
0.0180413
0.0190572
0.0175459
0.0180931
0.0194199
0.0176855
0.0163145
0.0178604
0.0180471
0.0181264
0.0184797
0.018332
0.0180894
0.018043
0.0199253
0.0187057
0.0180431
0.018102
0.0182787
0.0199253
0.0194187
0.0180577
0.0184797
0.0180423
0.0191197
0.0180382
0.018037
0.0177183
0.0177807
0.01941
0.0168433
0.0148678
0.0180891
0.0180344
0.0179693
0.0185983
0.0191171
0.0180917
0.0199154
0.0185102
0.0187942
0.0179171
0.0181148
0.0199154
0.019117
0.019117
0.0194087
0.018339
0.0186196
0.0199154
0.0199154
0.017614
0.0185613
0.0199154
0.0182935
0.0194087
0.0186196
0.0189273
0.0194093
0.0182935
0.0176693
0.0187942
0.0191169
0.0194086
0.0172172
0.0180891
0.0186955
0.0187941
0.0184694
0.0187941
0.0181687
0.0176139
0.0199153
0.0199153
0.0199153
0.018698
0.0178381
0.0180871
0.0178211
0.0177527
0.0186954
0.0180329
0.0182933
0.0177184
0.0179627
0.0199152
0.0199152
0.0199152
0.0189306
0.0194085
0.0199152
0.0184071
0.0178296
0.0181619
0.0180349
0.0194075
0.018029
0.0184683
0.0194075
0.0194075
0.0186947
0.0179787
0.0179846
0.0178726
0.0191157
0.0174103
0.0184046
0.0180381
0.0191153
0.0191153
0.018125
0.0194076
0.0179193
0.0160447
0.0180276
0.0183553
0.0178169
0.019911
0.0185568
0.0191126
0.019911
0.0180259
0.0180473
0.0185567
0.0185567
0.0199109
0.0199109
0.0184027
0.017901
0.02102
0.0180263
0.0180326
0.0182062
0.0178162
0.0199103
0.0179367
0.0180676
0.0180406
0.0199101
0.0199101
0.0199101
0.0177741
0.0185558
0.0185559
0.018085
0.0175225
0.0175058
0.0184021
0.0194035
0.0190407
0.0199102
0.0191117
0.0199102
0.0166164
0.0194035
0.0194035
0.0199102
0.0199102
0.018025
0.0190406
0.0180333
0.0194037
0.0185045
0.0162973
0.0178998
0.0181132
0.0186902
0.0187885
0.0184295
0.0185536
0.0199097
0.0199098
0.018353
0.0199098
0.0185555
0.0181668
0.0199097
0.0194036
0.0180258
0.019403
0.019403
0.0199097
0.0191113
0.0199097
0.018925
0.0176686
0.019403
0.0189216
0.0182877
0.0180253
0.0191112
0.0172117
0.0184001
0.0186923
0.018316
0.0187885
0.0174086
0.0199097
0.0191112
0.0199097
0.0199097
0.0194036
0.0199097
0.0199097
0.0177748
0.0180867
0.0194029
0.0183332
0.0194029
0.0194029
0.0175289
0.0185534
0.0194029
0.0199096
0.0199096
0.0194029
0.0180847
0.0175289
0.0178558
0.0178611
0.0194029
0.0194029
0.0194029
0.0199096
0.0189248
0.0186922
0.0180503
0.0194027
0.0180268
0.0199095
0.0189247
0.019111
0.0186896
0.0186896
0.018333
0.0187882
0.0199094
0.0199094
0.0189247
0.0199094
0.0199094
0.0172114
0.0176616
0.0185532
0.0179253
0.0181009
0.0183998
0.0189246
0.0199094
0.0185532
0.0199094
0.0199094
0.0186895
0.0189246
0.017608
0.0194026
0.0199094
0.0194026
0.0191109
0.0182634
0.0182259
0.018025
0.0189246
0.0186919
0.0185551
0.0194026
0.0189246
0.0189246
0.018465
0.0199093
0.0199093
0.0194032
0.0181241
0.0181172
0.0199093
0.0199093
0.0194031
0.0180892
0.016835
0.0194025
0.0178852
0.0179538
0.0194025
0.0181413
0.0183996
0.0199092
0.0189244
0.0182632
0.0179058
0.0182425
0.0181786
0.0199091
0.0199091
0.0186917
0.0199091
0.019403
0.0180829
0.0199091
0.0194024
0.0199091
0.0199091
0.0194024
0.0186892
0.0189243
0.0186892
0.0199091
0.019403
0.0184633
0.0185193
0.0180947
0.0185529
0.0189243
0.0194029
0.0199091
0.0194029
0.0199091
0.018212
0.0185038
0.0194029
0.0177134
0.0171177
0.0180268
0.0180258
0.0199089
0.0194021
0.0190392
0.0194021
0.0180237
0.0183518
0.0182629
0.0184285
0.0157916
0.0177105
0.0180262
0.0187867
0.0199079
0.0199079
0.0189198
0.0185517
0.0186905
0.0178137
0.0184619
0.0180553
0.0183508
0.0189197
0.0183077
0.0179266
0.0178662
0.0186879
0.0180648
0.0178135
0.0199077
0.0176064
0.0186118
0.0183728
0.0187865
0.0189229
0.0199077
0.019401
0.0199077
0.019401
0.0186902
0.0187864
0.0189229
0.019401
0.0199077
0.0177093
0.0176064
0.0199077
0.0181511
0.017712
0.0186118
0.0178916
0.018398
0.0186118
0.0199076
0.0199076
0.0186882
0.0183036
0.0187864
0.0189228
0.0191092
0.0194015
0.0194009
0.0194009
0.0191092
0.0194015
0.0194009
0.0199076
0.0199076
0.0199076
0.0180687
0.0186117
0.0184617
0.0185023
0.0191091
0.0189227
0.0199076
0.017984
0.0199075
0.0194008
0.0189194
0.0184617
0.0187863
0.0199075
0.0199075
0.0191091
0.0171578
0.0182538
0.0182321
0.0182033
0.0194013
0.019109
0.0189194
0.0185532
0.0180585
0.0177449
0.0183725
0.0199074
0.0189226
0.0194007
0.0176061
0.0187862
0.0199074
0.0157516
0.0180348
0.0189224
0.0183989
0.0194005
0.0199072
0.0191087
0.0199072
0.0189191
0.019401
0.0194004
0.0182245
0.0184612
0.0199072
0.0199072
0.0174061
0.0185509
0.0194004
0.0180529
0.0180523
0.0174033
0.0126604
0.0168328
0.0179413
0.0180217
0.0175257
0.0180598
0.0181375
0.0185001
0.0184251
0.0199054
0.0199054
0.0199054
0.0201698
0.0180218
0.0199054
0.0199054
0.0189205
0.0193987
0.018115
0.0182387
0.0199054
0.0199054
0.0191069
0.0182833
0.0199054
0.0185491
0.0182481
0.0199054
0.0186094
0.0179444
0.0180609
0.0199052
0.0199053
0.0199052
0.0193991
0.0193985
0.0193985
0.0193985
0.0185509
0.0181666
0.0182822
0.0181894
0.0182393
0.0180914
0.0181101
0.0193984
0.0183968
0.0199051
0.018917
0.018022
0.0199051
0.0199051
0.0193984
0.0199051
0.0199051
0.0184593
0.0181301
0.0181841
0.0186854
0.0180464
0.0180821
0.0180471
0.018088
0.0181083
0.0180701
0.0181433
0.0182071
0.0184588
0.0199049
0.0199048
0.0193981
0.0199048
0.0180217
0.0183952
0.0199048
0.0193981
0.0182693
0.0177993
0.018459
0.0181275
0.0199048
0.0186872
0.0193981
0.0199048
0.0191063
0.0186849
0.019398
0.0164648
0.0187835
0.0181657
0.0189166
0.0189166
0.0193986
0.0175864
0.0181006
0.0180938
0.0199047
0.0199047
0.0174011
0.019035
0.0193985
0.0187834
0.0181213
0.0182691
0.0182955
0.0180927
0.0184993
0.018395
0.0184586
0.0183005
0.0184992
0.0176033
0.0182954
0.0184992
0.0177062
0.0179549
0.0185873
0.0189164
0.0180137
0.0180599
0.0186846
0.018078
0.0181468
0.0185482
0.0180208
0.0187832
0.0199045
0.0193977
0.019106
0.017964
0.018022
0.0180066
0.0199044
0.0180193
0.0179468
0.0180304
0.0199043
0.0193981
0.0181651
0.0174006
0.0181507
0.0189193
0.0189161
0.0199042
0.0179236
0.0184582
0.0199042
0.0199042
0.0186083
0.0180255
0.0193972
0.019904
0.0199039
0.0199039
0.0199039
0.0193977
0.0199039
0.018684
0.0186864
0.0184579
0.0176628
0.0187826
0.0199039
0.0193977
0.0189158
0.0193972
0.0189158
0.0186863
0.0199039
0.0199039
0.0199039
0.0199039
0.0193972
0.0190342
0.018347
0.0187826
0.0190342
0.0186863
0.0199039
0.0181834
0.0176026
0.0189189
0.0191054
0.0199039
0.0193977
0.0189157
0.0199039
0.0183468
0.0193971
0.0180316
0.0172057
0.0183213
0.0183109
0.0189155
0.0193969
0.0189187
0.0183213
0.0176625
0.0183213
0.0199036
0.019034
0.0185474
0.0193974
0.0191051
0.0199036
0.018002
0.0181831
0.0191051
0.0183212
0.0182815
0.0184575
0.0193974
0.0199036
0.0199036
0.018686
0.0199036
0.0199036
0.0189154
0.0199036
0.0174025
0.0186839
0.0187823
0.0189186
0.0189186
0.0199036
0.0199036
0.0193973
0.0182944
0.0193968
0.0189154
0.0193973
0.0179539
0.0182064
0.0186076
0.0187822
0.0199035
0.0193968
0.0199035
0.0199035
0.0199035
0.0199035
0.0184131
0.0180595
0.0187822
0.0181069
0.018133
0.0183465
0.0185861
0.0182462
0.0189153
0.0186835
0.0199034
0.0199034
0.0174023
0.0188222
0.0182367
0.0199034
0.0180953
0.0191049
0.0186834
0.0188567
0.0182374
0.0189152
0.0186074
0.0193966
0.0193966
0.0178399
0.0181329
0.0199033
0.0193966
0.0199033
0.0199033
0.0199033
0.0181031
0.0189151
0.0180736
0.0183474
0.018822
0.0180091
0.0180423
0.0189181
0.0189181
0.0179966
0.0185486
0.0193963
0.0199031
0.0189181
0.0189149
0.019903
0.019903
0.0193963
0.0193963
0.0182195
0.0193963
0.019903
0.0189181
0.0191045
0.0187817
0.0190333
0.0193963
0.0186835
0.0187817
0.0180198
0.016395
0.0191045
0.0228992
0.0180197
0.0180267
0.019901
0.0191024
0.0189128
0.0187796
0.019901
0.018681
0.0191024
0.0179273
0.0177026
0.0179273
0.0181015
0.0190312
0.0184205
0.0184955
0.0191024
0.0184955
0.0184955
0.0175996
0.0172411
0.0199009
0.0199009
0.0175996
0.0177025
0.0175139
0.0184205
0.0178908
0.0178943
0.0178747
0.0179996
0.0179331
0.0193945
0.0199008
0.0189157
0.0191023
0.0193945
0.0185109
0.0177647
0.0173972
0.0179072
0.0183079
0.019394
0.0187794
0.0182252
0.0173031
0.0191022
0.0199007
0.0199007
0.0199007
0.0199007
0.0199007
0.019394
0.017859
0.0181085
0.0199007
0.0178365
0.0177024
0.0185462
0.018391
0.0182785
0.0175994
0.0184953
0.0173971
0.0184953
0.0189125
0.0199007
0.0180156
0.0180708
0.0193939
0.0193939
0.0180167
0.0199006
0.0193939
0.0199006
0.0199006
0.0193944
0.0186807
0.0199006
0.017859
0.0186047
0.0184101
0.0180064
0.0193937
0.0199004
0.017014
0.0187791
0.0193937
0.0175992
0.0173969
0.0186827
0.0189122
0.0191019
0.0199004
0.0199004
0.0193937
0.0161166
0.0199004
0.0180381
0.0184949
0.0186826
0.0171059
0.0199003
0.0279512
0.0180341
0.0199002
0.0173966
0.0181843
0.0185439
0.0193934
0.0189151
0.0187788
0.0199002
0.0193934
0.0199002
0.0175989
0.0187788
0.0191016
0.0199002
0.0199002
0.0185828
0.0178901
0.0187788
0.0180166
0.0189098
0.0188167
0.018602
0.0185417
0.0193918
0.0184519
0.0183883
0.019898
0.0193918
0.019898
0.019898
0.019898
0.0189128
0.019898
0.0193918
0.0189128
0.019898
0.019898
0.018013
0.0187766
0.0193918
0.0193912
0.0180116
0.0171036
0.0181096
0.018005
0.0179546
0.0193912
0.0184533
0.0182937
0.0190994
0.0186019
0.0198979
0.0198979
0.0198979
0.0186802
0.0185416
0.0187765
0.0193917
0.0180299
0.0186801
0.0198978
0.0180128
0.0189126
0.0173943
0.0198978
0.0198978
0.0180128
0.0198978
0.0186778
0.0173943
0.0198978
0.0189096
0.0198978
0.0175966
0.0193916
0.0189096
0.0175982
0.0198978
0.0189126
0.01868
0.0183407
0.0180143
0.0188165
0.0189126
0.0198978
0.0189126
0.0184531
0.0188165
0.0198978
0.0184924
0.0189096
0.0198978
0.019391
0.0185414
0.0189096
0.0189126
0.0180143
0.0180151
0.019391
0.0180146
0.0198978
0.0126505
0.0187764
0.019028
0.0189126
0.0185432
0.0193915
0.0198978
0.0198978
0.0183407
0.0183417
0.019391
0.0188164
0.018678
0.0186777
0.0198977
0.0193915
0.0187764
0.0193915
0.0193915
0.0185431
0.0198977
0.0198977
0.0198977
0.0198977
0.0193915
0.0185414
0.0198977
0.0198977
0.0198977
0.0180127
0.0198977
0.0181142
0.0183626
0.0176993
0.0176571
0.0175186
0.0166036
0.0180418
0.0181669
0.0171996
0.0186016
0.0189124
0.0193913
0.0193908
0.0193913
0.0181544
0.0186776
0.0186778
0.0193908
0.0204315
0.0189094
0.0198976
0.0189124
0.0177615
0.0193908
0.0178033
0.0185802
0.0126503
0.0126503
0.0126503
0.0209956
0.0133113
0.0193908
0.0180151
0.0198975
0.0198975
0.0193908
0.0189123
0.0182505
0.0178041
0.0181769
0.0190278
0.0193907
0.0189093
0.0185075
0.0185411
0.0190989
0.0198975
0.0193907
0.0162846
0.0188162
0.0198975
0.0181407
0.0180124
0.0180135
0.0154602
0.0176519
0.0180322
0.0180137
0.0198973
0.0193906
0.0182
0.0193905
0.0198973
0.0193911
0.0193906
0.0193906
0.0198973
0.0190988
0.0183875
0.0168187
0.0189121
0.0189121
0.0175961
0.0185427
0.0198973
0.0175961
0.019391
0.0183622
0.0193905
0.0178031
0.0190987
0.0180123
0.01265
0.0168228
0.0193905
0.0189121
0.019391
0.0193905
0.0186775
0.0183888
0.017833
0.0198973
0.0198973
0.0189121
0.0193905
0.0184511
0.0198973
0.0171993
0.0183622
0.0198973
0.0198973
0.017596
0.0178872
0.0190987
0.0187759
0.0193905
0.0185427
0.0186772
0.0190987
0.018912
0.0198973
0.0198972
0.0173937
0.0193905
0.0198973
0.0188159
0.0185409
0.019391
0.0190987
0.0179707
0.0179219
0.0180606
0.018912
0.0198972
0.0193909
0.01808
0.0182879
0.0173936
0.0180121
0.0193903
0.0157794
0.0198971
0.0186793
0.0189089
0.0182398
0.0183032
0.0198971
0.0180121
0.0186011
0.0176988
0.0189119
0.0186793
0.0198971
0.0198971
0.0171991
0.0181668
0.0189089
0.0173936
0.0198971
0.0171991
0.0184166
0.0171991
0.0185407
0.0198971
0.0198971
0.0198971
0.0175958
0.0193903
0.0193908
0.0175958
0.0198971
0.0189119
0.0193908
0.0178328
0.0186793
0.0190985
0.0173936
0.0189118
0.0193903
0.0183886
0.0190273
0.0190985
0.0175958
0.0180933
0.0178328
0.0176987
0.019897
0.019897
0.0173935
0.0176987
0.0181992
0.0190985
0.018601
0.0185796
0.0180704
0.0180119
0.0188157
0.019897
0.0148588
0.019897
0.0168225
0.0126497
0.019897
0.0189118
0.0126497
0.019897
0.0193907
0.0178553
0.019897
0.019897
0.0189088
0.0193902
0.0190272
0.0178869
0.0181758
0.0185406
0.0189087
0.0186769
0.018243
0.0189087
0.0189087
0.0173934
0.0198969
0.0189087
0.0198969
0.01939
0.0179825
0.0178027
0.0189087
0.0193901
0.0198969
0.0198969
0.0188156
0.0180304
0.0182139
0.0190983
0.0189087
0.0180795
0.0201611
0.0193901
0.0182875
0.0189086
0.0184507
0.01939
0.0186768
0.0189116
0.0175956
0.0178551
0.01939
0.0198968
0.0198968
0.0190983
0.0198968
0.0181692
0.0186768
0.018679
0.0184509
0.018387
0.0198968
0.018679
0.0189086
0.0198968
0.0198968
0.0189086
0.0198968
0.0198968
0.0171988
0.0180143
0.018542
0.0190269
0.0198966
0.0198966
0.0198966
0.0190981
0.0180127
0.0193898
0.0198966
0.0198966
0.0193898
0.0198966
0.0193898
0.0186788
0.0180434
0.0180655
0.0180983
0.0180713
0.0193897
0.0198965
0.0180115
0.0193902
0.0186767
0.0198965
0.0189113
0.0198965
0.0198965
0.0180101
0.018388
0.0190979
0.0180126
0.0198965
0.0166023
0.0183867
0.0181985
0.0209945
0.0182135
0.0198965
0.0180114
0.0198965
0.0193897
0.0186764
0.0177841
0.0180358
0.0190978
0.0193896
0.0198964
0.0184517
0.0186764
0.0193901
0.0193901
0.01854
0.0186004
0.0198964
0.0198964
0.0193901
0.0193896
0.0184502
0.0171984
0.0190978
0.0251668
0.0180039
0.018176
0.0169778
0.019892
0.0190222
0.0184865
0.0182449
0.019892
0.0189066
0.0187706
0.0190934
0.019892
0.0189037
0.0190934
0.019892
0.0185372
0.019892
0.0178277
0.0175908
0.0184114
0.0193852
0.0179767
0.0201563
0.0185959
0.0193852
0.0173885
0.0161078
0.0187705
0.0189066
0.0180937
0.018225
0.0182082
0.0181292
0.0179241
0.0181611
0.0180091
0.0180118
0.0186732
0.0178269
0.0180075
0.0180001
0.0180048
0.0180873
0.0198912
0.0188097
0.0180061
0.0180048
0.0198912
0.0180061
0.0175899
0.0179273
0.0171931
0.0180048
0.0180048
0.0179801
0.0180061
0.0193848
0.0198911
0.0175111
0.0180112
0.0184104
0.019891
0.0180046
0.0193885
0.0190923
0.0175897
0.0180079
0.0177541
0.0176918
0.0178258
0.0176918
0.0185337
0.0180075
0.0186704
0.0178915
0.0175889
0.0180058
0.027942
0.0180061
0.0173833
0.015449
0.0193799
0.0198867
0.0198867
0.0173833
0.0180005
0.0173833
0.0183295
0.019088
0.0188984
0.0182993
0.0181761
0.0180017
0.0188983
0.0161022
0.0171799
0.0180022
0.0162726
0.0181947
0.0173327
0.0193791
0.0180009
0.0186677
0.0198859
0.0190873
0.0182501
0.0184803
0.018376
0.0198859
0.0193791
0.0193791
0.0175847
0.0198859
0.0173826
0.0193796
0.0180009
0.0190873
0.0188976
0.0179997
0.0171355
0.0175847
0.0193791
0.0186657
0.0189002
0.0188976
0.0181595
0.0188976
0.019379
0.0198859
0.0198859
0.0193791
0.0193791
0.0193791
0.0180019
0.0198859
0.0185897
0.0180009
0.0188044
0.0198859
0.0198859
0.0198859
0.019379
0.0180009
0.0198859
0.019379
0.0198859
0.0198859
0.019379
0.0198859
0.0193795
0.019379
0.0201502
0.0180015
0.0177428
0.019379
0.0126378
0.0181388
0.0193795
0.0180008
0.0198858
0.0189002
0.0186657
0.0198858
0.019379
0.0198858
0.0186676
0.019379
0.019379
0.0198858
0.0190872
0.0184408
0.0184395
0.0186657
0.0198858
0.0185293
0.019379
0.0198858
0.0175846
0.018377
0.0185682
0.0157642
0.0126377
0.018002
0.0188975
0.0184394
0.0180034
0.0157641
0.0126375
0.0209838
0.0209838
0.0140226
0.0198857
0.0181811
0.0180163
0.0198855
0.0173822
0.0175843
0.0176871
0.0190869
0.0188998
0.017268
0.0184799
0.0198855
0.0201498
0.0183767
0.0184049
0.0193787
0.0176871
0.0180673
0.0181754
0.0185305
0.0193787
0.018764
0.0188998
0.0182313
0.0179778
0.0176126
0.0198855
0.0185305
0.0198855
0.0185893
0.0186673
0.0188971
0.0198855
0.0152941
0.0173821
0.0148467
0.0193786
0.0176871
0.0193786
0.0126373
0.022882
0.0180058
0.0179109
0.0152934
0.0187633
0.019378
0.019378
0.0179986
0.018209
0.0180016
0.0179333
0.0193765
0.0198833
0.0190846
0.0190846
0.0198833
0.0190846
0.0179998
0.0193765
0.0184776
0.0193769
0.0182474
0.0188975
0.0187617
0.0198833
0.0181527
0.0198833
0.0198833
0.018665
0.0184369
0.0193764
0.0180074
0.0188948
0.0193763
0.0190845
0.016805
0.0185655
0.0198832
0.0198832
0.0190845
0.0193763
0.0187616
0.0177895
0.0183479
0.0182599
0.0171771
0.0183267
0.0193763
0.0181234
0.0180632
0.0184024
0.0188947
0.0188947
0.0178412
0.0183742
0.0193763
0.0190844
0.0186631
0.0183742
0.0198831
0.0188016
0.0185869
0.0148442
0.0126348
0.0126348
0.0251544
0.0179848
0.0198795
0.0183228
0.0193726
0.0190095
0.0185832
0.0187979
0.0183025
0.018661
0.0186592
0.0193726
0.018661
0.0179944
0.0185832
0.0198794
0.0198794
0.0198794
0.0198794
0.0198794
0.0190807
0.0198794
0.0169445
0.0198794
0.0198794
0.0198794
0.0198794
0.0198794
0.0181402
0.0193725
0.0179956
0.0126309
0.0126309
0.017899
0.0178782
0.0193725
0.0193725
0.0186609
0.0175807
0.0126308
0.0175781
0.0186609
0.0140163
0.0180642
0.0179976
0.0193755
0.0179957
0.0183432
0.0187569
0.0198786
0.0188901
0.0185823
0.0198785
0.0188901
0.0184728
0.0188901
0.0198785
0.0185608
0.0198785
0.0198785
0.0188901
0.0183431
0.0193716
0.0180272
0.0184322
0.0179935
0.0179952
0.0179935
0.018054
0.0181
0.0179959
0.0175487
0.017953
0.0126274
0.0179434
0.0176919
0.0126274
0.0126274
0.0140131
0.0169614
0.0126274
0.0144158
0.0177399
0.0148369
0.0185798
0.018366
0.0183186
0.0181658
0.0183186
0.0179926
0.0193692
0.017178
0.0198761
0.0193696
0.0193692
0.0179193
0.0188876
0.0181076
0.0179684
0.0148368
0.0179757
0.0126271
0.0126271
0.0179711
0.012627
0.0165274
0.0209741
0.0157295
0.0179906
0.0184297
0.0180006
0.0181091
0.0193684
0.0180341
0.018018
0.017992
0.0180736
0.018025
0.0179881
0.0180699
0.0180654
0.0180341
0.0126258
0.0132865
0.0181206
0.0198747
0.0174937
0.0140116
0.0179897
0.018318
0.0198747
0.0179945
0.0179949
0.0179932
0.0179904
0.0182962
0.0180503
0.0179969
0.0181747
0.0180246
0.0180345
0.0180789
0.018025
0.0187514
0.019873
0.018296
0.0190743
0.0174934
0.019873
0.0157276
0.0180043
0.0181814
0.019366
0.0197436
0.0179926
0.0180082
0.0184666
0.0173693
0.0181745
0.0198724
0.0175713
0.0179223
0.0180885
0.0185157
0.0184666
0.0184666
0.018156
0.0182146
0.017848
0.018315
0.0180674
0.0181676
0.0183622
0.0182781
0.0173693
0.018576
0.0180537
0.0185157
0.0180295
0.018652
0.018652
0.0193658
0.0184258
0.0140093
0.0188862
0.0198723
0.0198723
0.0126233
0.0171669
0.0176143
0.0190736
0.0193654
0.0198723
0.0198723
0.0187507
0.0198723
0.0198723
0.0179874
0.0180944
0.0173727
0.017889
0.0188838
0.017989
0.0180052
0.0178941
0.0179892
0.0182049
0.0180708
0.0198722
0.0201363
0.0179881
0.0179883
0.017571
0.0120265
0.0181456
0.0180346
0.018118
0.0180075
0.0184256
0.0184663
0.0198721
0.0198721
0.0198721
0.0190733
0.0180606
0.0181061
0.0179144
0.0186517
0.0188858
0.019872
0.0186534
0.0183912
0.0185153
0.0186517
0.012623
0.012623
0.019872
0.0188858
0.019872
0.012623
0.0193651
0.0218773
0.0180463
0.0180227
0.0188858
0.019872
0.0193651
0.01783
0.018174
0.0178082
0.0179887
0.0180551
0.0180009
0.0188834
0.0185152
0.0185152
0.0184661
0.0198719
0.0188857
0.0187502
0.0171372
0.0181615
0.0176735
0.0183617
0.019365
0.0198719
0.0198719
0.019365
0.0198718
0.0188856
0.0193649
0.0180721
0.0193649
0.0188834
0.0187902
0.0180314
0.0198718
0.0179869
0.0176303
0.016613
0.0179442
0.0181033
0.0186515
0.0181362
0.019073
0.0198718
0.0193649
0.0175706
0.0179652
0.0185754
0.0176734
0.0187501
0.0198718
0.0193652
0.0179881
0.0180274
0.0185754
0.0198717
0.0198717
0.0198717
0.0198717
0.0187501
0.0185163
0.0179848
0.0180023
0.0198715
0.0175704
0.0198715
0.0193646
0.0198715
0.0198715
0.0190014
0.0177353
0.0179874
0.0126224
0.0190727
0.0193646
0.0175704
0.0187498
0.0181115
0.0185751
0.0188853
0.0198715
0.0198715
0.0190727
0.0182618
0.0198715
0.0179865
0.0198715
0.0198715
0.0171734
0.0157527
0.0171659
0.0179213
0.0179608
0.0182041
0.0193645
0.0179884
0.0126223
0.0154331
0.014832
0.0140084
0.0209697
0.0140084
0.0198714
0.0198714
0.017673
0.0126223
0.0126223
0.0126223
0.0198714
0.0157527
0.0175703
0.0126223
0.0198714
0.0193645
0.0120257
0.0180194
0.018
0.0179853
0.0157526
0.0178725
0.0144108
0.0176308
0.0148319
0.0126223
0.0126223
0.0126223
0.0178725
0.0175702
0.0190726
0.0198713
0.0177352
0.0178902
0.0180825
0.0174115
0.0179953
0.0181925
0.0179881
0.0180738
0.0179882
0.0126219
0.0175699
0.017937
0.0184256
0.017981
0.0179971
0.0181729
0.0178289
0.0198709
0.0177765
0.0181312
0.0179423
0.0180462
0.0193639
0.0198708
0.0173678
0.0198708
0.0180711
0.0182479
0.0182773
0.0198708
0.0182473
0.0182234
0.0181442
0.0180736
0.0180951
0.0179859
0.0185154
0.0179867
0.0193639
0.0175709
0.0198708
0.0193639
0.0193639
0.0198708
0.0198708
0.0182347
0.0173712
0.0179673
0.0179239
0.0184649
0.0179126
0.0175696
0.0178966
0.0179877
0.0178114
0.0179783
0.0126214
0.0126214
0.0179861
0.0126214
0.0209688
0.0171746
0.0126214
0.0178357
0.0126214
0.0140075
0.0190717
0.0193636
0.0193636
0.0198705
0.0190717
0.0188842
0.0173674
0.0190717
0.0157517
0.0198705
0.0188842
0.0179861
0.0190717
0.0179274
0.0179875
0.0177932
0.0184646
0.0183603
0.0186503
0.0175428
0.0171648
0.0198704
0.0165754
0.0180907
0.0198704
0.0188841
0.017987
0.0182761
0.0179817
0.0209684
0.0167952
0.0171646
0.0179884
0.0183115
0.0179944
0.01799
0.0182214
0.0198689
0.019362
0.0181774
0.0179899
0.01907
0.0188803
0.0177743
0.0186484
0.0198688
0.0173657
0.0198688
0.0193618
0.0198688
0.0193618
0.0181406
0.0179617
0.0180887
0.0179699
0.0181494
0.0182561
0.0179296
0.0193589
0.0182183
0.0185091
0.0179828
0.0175648
0.0198659
0.017981
0.0209642
0.01846
0.0173646
0.0209642
0.0198659
0.0178675
0.0179718
0.0126162
0.0126162
0.0177033
0.0140027
0.0140027
0.0190669
0.0175646
0.0198657
0.0184598
0.0198657
0.0188793
0.0181263
0.0179246
0.0184192
0.0179827
0.0179827
0.0182559
0.0190669
0.0193587
0.0198657
0.0188792
0.0188771
0.0179818
0.0178733
0.0180999
0.0198656
0.0187439
0.0126161
0.0179917
0.0180199
0.0183846
0.0198655
0.0193618
0.0175644
0.0251376
0.0179844
0.0179213
0.0180577
0.0182181
0.0179646
0.0179905
0.0179975
0.0179816
0.018568
0.0179015
0.0177583
0.01798
0.0193579
0.0179973
0.0179924
0.0179814
0.0198643
0.0198643
0.0198643
0.0183833
0.0179804
0.0193605
0.0179827
0.0188748
0.0180539
0.0193564
0.0188768
0.0184574
0.0175622
0.0184574
0.0198634
0.0184574
0.0188768
0.0198633
0.0198634
0.0180312
0.0179784
0.0188768
0.0193564
0.0193564
0.0193564
0.0193564
0.0198633
0.0182535
0.0198633
0.0185454
0.0182396
0.0185077
0.0187815
0.0198633
0.0179802
0.0186429
0.0180738
0.0182157
0.0182232
0.0180107
0.0189931
0.0185668
0.0182401
0.0182802
0.0185668
0.0185076
0.0179793
0.0193563
0.0193566
0.0185064
0.0201273
0.0182157
0.0126136
0.0179939
0.0193565
0.0198632
0.0179402
0.0180582
0.0198632
0.0179749
0.0198631
0.0181715
0.0179128
0.0186427
0.0190643
0.0190643
0.0198631
0.0187813
0.0184174
0.0188746
0.0188766
0.0188746
0.0179798
0.0176647
0.0198631
0.0193562
0.0198631
0.0198631
0.0193562
0.0174821
0.0185666
0.0187413
0.0198631
0.0190643
0.0198631
0.0193565
0.0184174
0.0193561
0.0198631
0.0198631
0.0188766
0.0193565
0.0188745
0.0182693
0.0184164
0.0180922
0.0198631
0.0198631
0.0198631
0.0198631
0.0188765
0.0186427
0.0198631
0.0193561
0.0188765
0.0183821
0.0198631
0.0173601
0.0182268
0.0180496
0.0193561
0.0188745
0.0180012
0.0188765
0.0181956
0.0185062
0.019863
0.0179789
0.019863
0.0193561
0.0193561
0.0193561
0.0182692
0.0181231
0.0188765
0.0184571
0.019863
0.019863
0.0180642
0.0188764
0.0179798
0.019356
0.0179781
0.0180306
0.019863
0.019356
0.0188744
0.0189928
0.0182154
0.019863
0.0182531
0.01736
0.018457
0.0178384
0.0126133
0.0174779
0.0160775
0.0180364
0.019356
0.019356
0.0182685
0.0183526
0.0190641
0.0198629
0.0198629
0.0185664
0.0184163
0.0175618
0.0183354
0.0209613
0.0198629
0.0148165
0.0179875
0.019064
0.019064
0.0184569
0.0179794
0.019064
0.019064
0.0193559
0.0188743
0.0183534
0.0183525
0.0184569
0.0176645
0.0184162
0.0193559
0.018506
0.0198628
0.0186424
0.017202
0.0181643
0.0186439
0.019064
0.0198628
0.0198628
0.0198628
0.0185664
0.0179779
0.0184723
0.0193559
0.0187411
0.0198628
0.0193559
0.0188763
0.019064
0.0198628
0.0198628
0.0198628
0.0198628
0.0198628
0.0198628
0.0178208
0.0183058
0.0175617
0.0193559
0.0175617
0.0182152
0.019064
0.0198628
0.0173615
0.0179891
0.0182856
0.0198628
0.0176644
0.0176996
0.0179745
0.0184162
0.0183524
0.0179087
0.017979
0.0198627
0.0198627
0.0198627
0.0218682
0.0181084
0.0190639
0.0180204
0.0181152
0.0180129
0.0185058
0.0190638
0.0198626
0.0182151
0.0181087
0.0183715
0.0181645
0.0180239
0.0188761
0.0181952
0.0179843
0.0183815
0.0183047
0.0179215
0.0183815
0.0173595
0.0198624
0.0179528
0.0172639
0.0179793
0.0171654
0.0209608
0.0179869
0.0188737
0.0187805
0.0189921
0.0179782
0.0179774
0.0198623
0.0193553
0.0185658
0.0157432
0.0190635
0.0198623
0.0126126
0.0209607
0.0198623
0.0198623
0.0198623
0.0126126
0.0190635
0.0198623
0.0181309
0.018005
0.0181513
0.0201263
0.0178729
0.0193557
0.0179791
0.0178977
0.0180766
0.0184148
0.0179771
0.0188719
0.0177964
0.0181688
0.0179771
0.0193535
0.0188719
0.0185048
0.0179772
0.0175594
0.0184139
0.0190616
0.0198605
0.0187387
0.0188738
0.0188719
0.0193538
0.0179763
0.0179756
0.01864
0.0190616
0.0179799
0.0176617
0.0188716
0.0177239
0.0188716
0.017559
0.0183791
0.0182369
0.0177239
0.0190613
0.0186411
0.0188716
0.0187383
0.0186411
0.0188716
0.0180215
0.0179795
0.0179921
0.0190603
0.0177229
0.0186387
0.0184686
0.0188725
0.0198592
0.0188706
0.0185023
0.0198592
0.0188706
0.0193522
0.0175581
0.0179757
0.0187368
0.0193516
0.0184118
0.018562
0.0198586
0.0185017
0.0184438
0.0185017
0.0186381
0.0198586
0.0198586
0.0198586
0.0188718
0.0190597
0.0189883
0.0198586
0.0193516
0.0198586
0.0193516
0.0187767
0.0190597
0.0193516
0.0198586
0.0193516
0.0198586
0.0198586
0.0179737
0.0193516
0.0188718
0.0198586
0.0188718
0.0179767
0.0157363
0.0179741
0.0179743
0.019858
0.019351
0.0179451
0.019858
0.019351
0.0179869
0.019059
0.0182216
0.019059
0.0177217
0.020122
0.0279127
0.017975
0.0126067
0.0198568
0.0179585
0.0179737
0.0193494
0.0190575
0.0182985
0.0179305
0.0181982
0.0179808
0.0185004
0.0193493
0.0178457
0.01772
0.0185597
0.0184993
0.0198563
0.0182623
0.0193493
0.0198563
0.0185382
0.0193493
0.0198563
0.0179419
0.0198563
0.018006
0.0186357
0.0173533
0.0188676
0.0180289
0.0184094
0.0193492
0.018637
0.017997
0.0193492
0.0184501
0.0179718
0.0189859
0.0183751
0.0180802
0.0175551
0.0198562
0.0198562
0.0190573
0.0180361
0.0193492
0.0181575
0.016507
0.0189859
0.0183458
0.0198562
0.0185003
0.0187343
0.0179352
0.012606
0.0157345
0.0180199
0.0179597
0.0183204
0.0198561
0.0187343
0.0180801
0.0182461
0.0176577
0.0180496
0.0184991
0.018198
0.0187342
0.0185595
0.0152631
0.0176591
0.0177814
0.0198561
0.0179716
0.0173532
0.0198561
0.0179712
0.0193494
0.0190572
0.0178417
0.0163465
0.0190572
0.0193491
0.0198561
0.0198561
0.0193491
0.0190572
0.0178026
0.0179932
0.018262
0.0190571
0.0188692
0.019856
0.019349
0.0179715
0.019856
0.0179718
0.0189857
0.0180898
0.0173547
0.019349
0.019856
0.019856
0.019856
0.0175549
0.019349
0.0185379
0.019349
0.0184101
0.019856
0.0188691
0.019856
0.019856
0.0193493
0.0187741
0.018499
0.019349
0.0185001
0.0188691
0.0179702
0.0169204
0.018246
0.019856
0.019856
0.019349
0.019856
0.019856
0.019856
0.019856
0.019856
0.0193493
0.0179722
0.0183455
0.019856
0.0173531
0.0190571
0.0180956
0.0186356
0.0184092
0.0182196
0.019856
0.019856
0.019349
0.0189857
0.0181488
0.0186368
0.019856
0.0179715
0.0175329
0.0190571
0.019856
0.019856
0.019349
0.01841
0.0180386
0.0179719
0.0198559
0.0188691
0.0176575
0.0175548
0.0193489
0.0198559
0.0193489
0.0198559
0.0188691
0.0185
0.0188673
0.0198559
0.017971
0.0175782
0.0126058
0.0157138
0.0179718
0.0179564
0.0184987
0.0193487
0.0193487
0.0188671
0.018867
0.0178895
0.0179761
0.017866
0.0184087
0.0178449
0.0184087
0.0179688
0.0176575
0.0198552
0.012605
0.012605
0.0179473
0.0182973
0.0175053
0.0171509
0.0179531
0.0193481
0.0157357
0.0193481
0.0198551
0.0198551
0.0171571
0.0181567
0.0184981
0.0186345
0.018374
0.0186358
0.0198551
0.0188682
0.0172076
0.0180947
0.0198551
0.0198551
0.0188682
0.0190562
0.0182777
0.0179227
0.0180278
0.0179762
0.0177353
0.0126047
0.0126047
0.0126047
0.0179673
0.0162399
0.0187325
0.0126041
0.0148141
0.0176204
0.0185578
0.0198544
0.0126041
0.0126041
0.0126041
0.0126041
0.0126041
0.0182443
0.0177598
0.0175045
0.0126041
0.0126041
0.0193473
0.0175958
0.0126041
0.0184075
0.0179667
0.0179667
0.0164134
0.0179696
0.0177465
0.0179649
0.0179633
0.0179651
0.0179685
0.0181731
0.0193425
0.0182255
0.0198495
0.0193425
0.0187276
0.0188624
0.0184934
0.0193425
0.0193425
0.0179646
0.0186301
0.0179683
0.0175482
0.0179656
0.0188606
0.0198493
0.0198493
0.0198493
0.0179644
0.0179825
0.0179272
0.0180778
0.0179823
0.0184922
0.0179644
0.0188621
0.0179086
0.0193422
0.0198492
0.0188621
0.0198492
0.0187273
0.0178655
0.0179592
0.0198492
0.0193422
0.0182545
0.0186286
0.0198492
0.0193422
0.0179643
0.0198492
0.0198492
0.0184931
0.0193422
0.0184031
0.0180946
0.0180915
0.0198492
0.0175481
0.0179779
0.0186297
0.0185525
0.0188604
0.0185525
0.0179651
0.0181271
0.0165534
0.0179737
0.0188604
0.0187271
0.0190501
0.0198491
0.0190501
0.018492
0.0190501
0.019342
0.0186296
0.0198491
0.019342
0.0198491
0.0190501
0.0186296
0.0176506
0.0180945
0.0186296
0.0186296
0.0186284
0.0179646
0.0179826
0.0198488
0.0198488
0.0186282
0.0184019
0.0187268
0.0190498
0.0188601
0.0193418
0.0186282
0.0193418
0.0183389
0.0180007
0.0198488
0.0184426
0.0188616
0.0198488
0.0179639
0.0198488
0.0198488
0.0198488
0.0198488
0.0193418
0.0198488
0.0198488
0.0160626
0.0188616
0.0193418
0.0198488
0.0198488
0.0180106
0.0190498
0.0189784
0.0180022
0.0180643
0.0190498
0.0190498
0.0179662
0.0198483
0.0198483
0.0182541
0.0175473
0.0193413
0.0198483
0.017712
0.0179648
0.0188612
0.0198483
0.0198483
0.0198483
0.0198483
0.0198483
0.0198483
0.0187264
0.0188596
0.0193413
0.0186288
0.0198483
0.0198483
0.0198483
0.0179634
0.0125976
0.015409
0.0193415
0.0188612
0.0173456
0.0175472
0.0188596
0.0172823
0.0198483
0.0186278
0.0193413
0.0179638
0.0193413
0.0198483
0.0190493
0.0188612
0.0179638
0.0185516
0.0177537
0.0177836
0.0177537
0.0182903
0.0179677
0.0198482
0.0187262
0.0193411
0.0167702
0.0193411
0.0193411
0.0175471
0.0179646
0.0193411
0.0183382
0.0182242
0.0185515
0.0179741
0.0198481
0.0185299
0.0180549
0.0198481
0.0188609
0.0190491
0.019341
0.0182116
0.0173453
0.0198481
0.0198481
0.0198481
0.0188593
0.0186286
0.0184919
0.0198481
0.0189777
0.0176496
0.0176496
0.0193413
0.0182647
0.0189777
0.0180636
0.0198481
0.0198481
0.019341
0.0173453
0.0173453
0.0179632
0.0178374
0.019848
0.0177117
0.0182245
0.017547
0.0198481
0.0182906
0.0172938
0.0182245
0.019848
0.0148074
0.0171449
0.0179066
0.0173453
0.019848
0.019341
0.0178439
0.0179648
0.0179651
0.0180717
0.0190487
0.0160615
0.0198477
0.0173449
0.0179628
0.018627
0.0186271
0.018551
0.0164072
0.0125969
0.0125969
0.0171445
0.0180931
0.0176909
0.0198477
0.0180254
0.0184906
0.0183118
0.0179232
0.0125969
0.0125969
0.0179866
0.0185509
0.0183664
0.0175465
0.0184414
0.0193406
0.0180815
0.0125968
0.0198476
0.0179627
0.0190486
0.018119
0.0179076
0.0179642
0.0125968
0.0125968
0.0173871
0.0193405
0.0176491
0.0186281
0.0193405
0.0179631
0.0175465
0.0185509
0.0188589
0.0179639
0.0193405
0.0183663
0.0198476
0.0188588
0.0198476
0.0198476
0.0173475
0.0174133
0.0186281
0.0157278
0.0198476
0.0188604
0.0193408
0.0198476
0.0279032
0.0179701
0.0181422
0.0179626
0.0198475
0.0188603
0.0193405
0.0198475
0.0198475
0.017963
0.0179673
0.0180168
0.0179199
0.0180142
0.0186267
0.0190484
0.0182893
0.0189769
0.0182899
0.0188601
0.0182699
0.0193403
0.0187254
0.0157276
0.0182372
0.0193403
0.0190483
0.0198473
0.0198473
0.0184011
0.0187653
0.0181071
0.0177527
0.0177527
0.0125965
0.0125965
0.0183661
0.0125965
0.0125965
0.0154079
0.0184911
0.0181112
0.0180468
0.0180868
0.0184902
0.0181112
0.0193402
0.0180929
0.0183114
0.0189769
0.0186266
0.0198473
0.018366
0.0187032
0.0180069
0.0198473
0.0186277
0.0198473
0.018189
0.0186266
0.0198473
0.0179628
0.0173868
0.0187253
0.0198472
0.0198473
0.0198473
0.0183558
0.0187253
0.018529
0.0186277
0.0171444
0.0181251
0.01886
0.01886
0.0198472
0.0176061
0.0125964
0.0125964
0.0148066
0.0125964
0.0125964
0.0198472
0.0170542
0.0175478
0.0177442
0.0180039
0.0198472
0.0198472
0.0193404
0.0181251
0.0193402
0.0189768
0.0188585
0.0188585
0.0180351
0.0198472
0.0179951
0.0188585
0.0198472
0.0188585
0.01886
0.0179493
0.0198472
0.01886
0.0198472
0.0171422
0.0180467
0.018441
0.0181707
0.0198472
0.0185505
0.0181483
0.0172929
0.0125963
0.0125963
0.0180083
0.0179746
0.0190482
0.0185504
0.0189767
0.0193401
0.0198471
0.017769
0.0125963
0.0148065
0.0125963
0.0125963
0.0132566
0.017994
0.0193403
0.0179623
0.0179622
0.0198471
0.0173444
0.017546
0.0198471
0.0198471
0.017546
0.0179622
0.0125963
0.0125963
0.0193401
0.0186265
0.0189767
0.0187651
0.0185504
0.0193401
0.0201111
0.0176487
0.0167691
0.0198471
0.0186265
0.0173444
0.0198471
0.0198471
0.0198471
0.0193403
0.0198471
0.0179622
0.0198471
0.0179622
0.0188599
0.0179626
0.0193401
0.017546
0.0179623
0.0198471
0.0198471
0.0190481
0.0179622
0.0179966
0.01934
0.0198471
0.0198471
0.0201111
0.0175473
0.0179614
0.0187251
0.01934
0.0125963
0.0198471
0.0198471
0.0162296
0.0179958
0.0198471
0.017546
0.01934
0.0188599
0.0188599
0.0198471
0.0198471
0.0187251
0.0190481
0.0177524
0.0186265
0.0183658
0.0176486
0.0188599
0.017546
0.0177344
0.0179634
0.0198467
0.0173439
0.0176026
0.0180805
0.0182887
0.0183998
0.0179467
0.0173439
0.0178923
0.0179632
0.0179631
0.0179852
0.0178219
0.0178652
0.0177819
0.018626
0.0180676
0.0179686
0.0179432
0.0170949
0.0198465
0.0198465
0.0184903
0.01787
0.0183366
0.0198465
0.0179617
0.0198465
0.0188593
0.0184894
0.018627
0.0190476
0.0181545
0.0179617
0.0175455
0.0198465
0.0162318
0.0175455
0.0198465
0.0198465
0.0193397
0.0188593
0.0180828
0.0198465
0.0188593
0.0193395
0.0198465
0.0175455
0.0188593
0.0198465
0.0198465
0.0198465
0.0198465
0.0193397
0.0193395
0.0179023
0.0198465
0.0171485
0.0183996
0.0193397
0.0176481
0.0193397
0.0183359
0.0179617
0.0198465
0.0198465
0.0193397
0.0184903
0.0198465
0.0188593
0.0193395
0.0198465
0.0198465
0.0193397
0.0180355
0.0125956
0.0171433
0.0183106
0.0188578
0.0190475
0.0189761
0.0180265
0.0190475
0.0198465
0.0198465
0.0198465
0.0193394
0.0188592
0.0193394
0.0198465
0.0198465
0.0179616
0.0198465
0.0198465
0.0193394
0.0125956
0.0172804
0.0139837
0.0125956
0.0125956
0.0125956
0.0125956
0.0198465
0.0193394
0.0125956
0.0198465
0.0179616
0.0148008
0.0179711
0.0184893
0.0179616
0.0179616
0.0198464
0.0179616
0.0175454
0.0198464
0.017345
0.0198464
0.0174616
0.0177604
0.017963
0.0193393
0.0183358
0.0193393
0.0176479
0.0139836
0.0193393
0.0179852
0.0193393
0.0198464
0.0174588
0.0182516
0.0193396
0.02095
0.0179627
0.019846
0.019846
0.019047
0.019846
0.019846
0.019846
0.019846
0.0175449
0.0179611
0.0179621
0.0179617
0.0188572
0.0188587
0.0179611
0.019846
0.018399
0.0188572
0.019846
0.019846
0.019846
0.019846
0.019846
0.0186264
0.0176118
0.0188587
0.019846
0.019846
0.019846
0.019846
0.018724
0.019846
0.019846
0.0193389
0.0188587
0.019846
0.0125951
0.0139832
0.0179661
0.0198451
0.0183989
0.0178979
0.0193381
0.0179617
0.0198451
0.0181659
0.0198451
0.0193381
0.0198451
0.0175441
0.0198451
0.0198451
0.0209437
0.0182211
0.0193381
0.0198451
0.0179603
0.0193381
0.0154056
0.0180736
0.0190461
0.0181282
0.0193381
0.0183982
0.018488
0.0193381
0.0160588
0.0179603
0.0125941
0.0125941
0.0184889
0.0125941
0.0181972
0.0198451
0.0198451
0.0193381
0.0176466
0.0186244
0.0198451
0.0190461
0.0198451
0.0198451
0.0198451
0.0193383
0.0181398
0.0198451
0.0188578
0.0193383
0.0182211
0.0181229
0.0198451
0.019338
0.0190461
0.0188578
0.0198451
0.0198451
0.0198451
0.0179602
0.0185484
0.0178866
0.017544
0.0198451
0.0190461
0.017544
0.0198451
0.019338
0.0189747
0.0180079
0.0179602
0.0198451
0.0190461
0.0193383
0.0180187
0.0172264
0.0132543
0.0183345
0.0181776
0.0178272
0.0181048
0.0186254
0.019845
0.0179602
0.0186243
0.012594
0.0125941
0.019845
0.0171213
0.0179617
0.018118
0.0198451
0.0198451
0.0198451
0.0184888
0.019338
0.0176466
0.0187231
0.0184388
0.019845
0.019338
0.019338
0.019845
0.0182675
0.0193382
0.019845
0.019338
0.0186254
0.019046
0.019845
0.019845
0.019338
0.019845
0.019845
0.019845
0.019338
0.019338
0.0179605
0.019845
0.017544
0.0162275
0.0173447
0.017544
0.019845
0.0179605
0.0186243
0.019338
0.0193379
0.0175439
0.0188562
0.019845
0.0193379
0.019845
0.019845
0.0193382
0.019845
0.0183981
0.0182507
0.019046
0.0183344
0.0179605
0.0193379
0.019845
0.019046
0.019845
0.019845
0.0188577
0.0186243
0.0193379
0.019845
0.0179605
0.019845
0.019845
0.0189746
0.0186244
0.0186243
0.0193379
0.019845
0.0188577
0.019845
0.0193379
0.0193379
0.0193382
0.0182084
0.0179601
0.0179605
0.0179594
0.0179601
0.0179613
0.0181179
0.012594
0.0147993
0.0179757
0.017961
0.019046
0.0180842
0.019845
0.0181135
0.0193379
0.0179601
0.019845
0.0198449
0.019845
0.0175439
0.019845
0.0198449
0.019845
0.019845
0.0188577
0.0193379
0.019845
0.019845
0.0193379
0.0198449
0.0188577
0.0184878
0.0198449
0.0188576
0.0198449
0.0187229
0.019845
0.019845
0.0186254
0.019845
0.0188577
0.019845
0.0193379
0.0193379
0.0179601
0.0171469
0.0165491
0.0175439
0.019845
0.0173422
0.0193379
0.0160586
0.0193379
0.0188577
0.0179601
0.0193381
0.0173422
0.0198449
0.0198449
0.0198449
0.0193379
0.0187629
0.0190459
0.0193379
0.0179605
0.0179605
0.0198449
0.0188576
0.0193379
0.0198449
0.0183636
0.0193379
0.0188576
0.0183987
0.0198449
0.0198449
0.0189745
0.0184387
0.0198449
0.0198449
0.0198449
0.0198449
0.0198449
0.0179601
0.0179605
0.0186242
0.0188576
0.0198449
0.0152513
0.0162301
0.0183636
0.0132541
0.0209435
0.0162301
0.0174607
0.0179593
0.0188558
0.017671
0.0187225
0.0188572
0.0185263
0.0179607
0.0198445
0.0183632
0.0185478
0.018287
0.0188558
0.0198445
0.0198445
0.0193375
0.0198445
0.0180981
0.018064
0.0190455
0.0147989
0.0180045
0.0188557
0.0187225
0.0188557
0.01806
0.0179144
0.0180683
0.0188571
0.0186248
0.0193374
0.0186238
0.0193374
0.0184536
0.0193374
0.0193374
0.0190454
0.0187225
0.0193374
0.0193374
0.0193374
0.0198444
0.0179596
0.0180128
0.0201085
0.0179604
0.0182669
0.0187224
0.0193374
0.0175434
0.0180064
0.0179411
0.0179602
0.0179609
0.0178452
0.0179902
0.0180133
0.0183974
0.0183974
0.0186237
0.0183338
0.0181601
0.0181127
0.0181602
0.0193373
0.0198444
0.0198444
0.0183631
0.0182342
0.0184381
0.0185476
0.017961
0.0186248
0.0183084
0.0179608
0.0180682
0.0184535
0.0178196
0.0179609
0.0193375
0.0193373
0.0198444
0.0179595
0.0183343
0.0186237
0.0179001
0.0186237
0.0179595
0.0180638
0.018044
0.0179599
0.0183084
0.0198444
0.0198443
0.0193373
0.0181598
0.0193373
0.0179609
0.0198443
0.0186236
0.0179606
0.0198443
0.0179605
0.0182496
0.0198443
0.018857
0.0179644
0.0190452
0.0183335
0.0186245
0.0179784
0.0198441
0.0198441
0.0182037
0.0180542
0.0198441
0.0198441
0.0182339
0.018762
0.0190451
0.0198441
0.0193371
0.0188554
0.0184878
0.0198441
0.0193371
0.0198441
0.0198441
0.0198441
0.0198441
0.0193371
0.0198441
0.017146
0.0179596
0.0177078
0.0198441
0.0198441
0.0198441
0.0188568
0.0181272
0.0198441
0.0198441
0.018762
0.0184379
0.0177918
0.0179625
0.0182598
0.0182484
0.0198432
0.0193362
0.0184861
0.0209419
0.0180587
0.0182857
0.0188559
0.0193362
0.0189728
0.0190442
0.0197139
0.0179683
0.0180885
0.0179594
0.0198432
0.0193363
0.0179583
0.0198432
0.0198432
0.0198432
0.0193361
0.0193361
0.0193361
0.0186235
0.0198432
0.0198432
0.0193361
0.0193361
0.018031
0.0188558
0.0190442
0.0198432
0.0188558
0.0179583
0.0193361
0.0198432
0.0198432
0.0179597
0.0198432
0.0182851
0.0188544
0.0188544
0.0193361
0.0183969
0.0187211
0.0198431
0.0193361
0.0179589
0.0198431
0.0193363
0.0188544
0.0198432
0.0193361
0.0190441
0.0198431
0.0190441
0.0193363
0.0179834
0.0179021
0.0176446
0.012592
0.012592
0.0148022
0.0190441
0.0198431
0.012592
0.0177943
0.0183961
0.0190441
0.0188558
0.0198431
0.0198431
0.019336
0.019336
0.019336
0.0184522
0.0174427
0.0165833
0.0181952
0.0179593
0.0193363
0.0190441
0.0198431
0.0188543
0.0190441
0.0189726
0.0188543
0.0183961
0.0179583
0.0180769
0.0180272
0.0180281
0.0193362
0.018285
0.0198431
0.0188557
0.0190441
0.0180124
0.0179008
0.0125919
0.0125919
0.019336
0.0125919
0.019044
0.019336
0.0165471
0.0148022
0.0147974
0.0179847
0.0189726
0.018396
0.0185463
0.0184867
0.019843
0.0187609
0.019843
0.0183617
0.0179586
0.0188557
0.019843
0.017542
0.0186234
0.0188542
0.018721
0.0188542
0.019336
0.019044
0.019843
0.0182655
0.0186223
0.0184522
0.0176453
0.019044
0.0181115
0.0183324
0.0179075
0.0125919
0.0139802
0.0148021
0.0173403
0.0176973
0.0177895
0.017884
0.0180208
0.0183961
0.0178642
0.0186223
0.0177066
0.0181847
0.0193359
0.0171449
0.0188542
0.0179581
0.0125918
0.0188542
0.0187209
0.0139801
0.0186222
0.019843
0.019843
0.0171233
0.019336
0.0125919
0.0198431
0.0148022
0.0125919
0.0186234
0.0180103
0.0176795
0.0125918
0.0184367
0.0185462
0.0186224
0.0190439
0.0175196
0.018195
0.0183959
0.018396
0.0180044
0.0193359
0.0188556
0.0187608
0.0182486
0.0180821
0.0181587
0.0178923
0.0193359
0.0182486
0.0178011
0.0179625
0.0182848
0.0184866
0.0198429
0.0188555
0.0186232
0.018315
0.0178436
0.0193358
0.0198429
0.0183616
0.0189724
0.0186222
0.0193358
0.0188555
0.0185246
0.0174621
0.0179593
0.0183959
0.0198429
0.0198429
0.0198429
0.0182192
0.0181845
0.0181586
0.0178006
0.0183616
0.0190439
0.0188541
0.0193358
0.0174272
0.0180436
0.0178646
0.0183959
0.0198429
0.017959
0.0178685
0.0179668
0.0179591
0.0179593
0.0187208
0.0177064
0.0184865
0.0180511
0.0182062
0.0193357
0.018854
0.0179585
0.0198428
0.0198428
0.0184864
0.017832
0.0186231
0.0193357
0.0193357
0.0193357
0.0183958
0.0179708
0.0198427
0.0188553
0.0182593
0.0183327
0.0190437
0.018623
0.0181581
0.0180449
0.0193356
0.0177069
0.0179799
0.0187207
0.0188553
0.0198427
0.0175986
0.0179955
0.0188539
0.0198426
0.0182186
0.016493
0.0188553
0.0185459
0.0182478
0.0198426
0.0198427
0.0198426
0.0190436
0.0188553
0.0176442
0.0198426
0.0198426
0.0193358
0.0198426
0.0188553
0.0181947
0.0193356
0.0189722
0.0125915
0.018623
0.0179587
0.0198424
0.0198424
0.020941
0.0187203
0.0190433
0.0179579
0.0198424
0.018855
0.0182058
0.0185456
0.0198424
0.0198424
0.0198424
0.0198424
0.018855
0.0193353
0.0198424
0.0179575
0.0179581
0.0198424
0.0198424
0.0198424
0.0198424
0.0198423
0.0179568
0.0198424
0.0193353
0.0179575
0.0198424
0.0190433
0.0193353
0.0190433
0.018855
0.0198424
0.0198423
0.0198424
0.0198424
0.0193355
0.018855
0.0193353
0.0198424
0.0198424
0.0179568
0.0189719
0.0198424
0.0193353
0.0198424
0.0180024
0.0198423
0.0190433
0.0198423
0.0193353
0.018855
0.0198423
0.0148014
0.0179583
0.018486
0.0181434
0.0165464
0.0125911
0.0187203
0.0157224
0.0193353
0.0164926
0.0180969
0.0176446
0.0181503
0.0198423
0.0186227
0.0179744
0.0173396
0.0184852
0.018006
0.0193352
0.0179578
0.0179578
0.0175413
0.0193352
0.0198423
0.0198423
0.0190433
0.0198423
0.0190433
0.0198423
0.0198423
0.0198423
0.0193355
0.0193352
0.0188535
0.0188535
0.0193352
0.0198423
0.0198423
0.0193352
0.0181943
0.0193352
0.0198423
0.0193355
0.0198423
0.0193354
0.0179589
0.0198423
0.0193352
0.0179816
0.0180039
0.0186226
0.0198422
0.0186215
0.0198422
0.0198422
0.0175412
0.0186226
0.0179517
0.018014
0.0198422
0.0188548
0.0193354
0.0188548
0.0186215
0.0198422
0.0188548
0.0181744
0.0181576
0.0182056
0.0193351
0.0186225
0.0187202
0.0198422
0.0193351
0.0198422
0.0193354
0.0193351
0.0180219
0.018115
0.0198422
0.0198422
0.0181838
0.0179587
0.0198422
0.0193351
0.0186225
0.0193351
0.0184513
0.0188534
0.0190432
0.0179573
0.0180708
0.0188548
0.0179588
0.0185454
0.0182473
0.0182055
0.0198421
0.0179581
0.0183608
0.0193351
0.0198421
0.0188534
0.0169265
0.0125909
0.0171454
0.0162272
0.0125909
0.0148012
0.0198421
0.0190431
0.0193351
0.0193351
0.0198421
0.0187201
0.0188547
0.0190431
0.0172223
0.0167649
0.0125909
0.0183951
0.0157203
0.0139793
0.0251156
0.0179305
0.0179576
0.0183947
0.0190426
0.0180778
0.0184844
0.0180551
0.0183953
0.0198416
0.0198416
0.018284
0.0160551
0.0198416
0.0198416
0.0198416
0.0180024
0.0187196
0.0176431
0.0183946
0.0180009
0.0198416
0.0198416
0.0181015
0.0181737
0.0198416
0.0176431
0.0179578
0.0148006
0.0167655
0.0182467
0.0173956
0.0179869
0.0179908
0.0218475
0.0228387
0.0179581
0.0183942
0.0184849
0.0183052
0.0187591
0.0188524
0.0182464
0.0187192
0.0172868
0.0180496
0.0190422
0.0190422
0.0188524
0.0198412
0.0179688
0.0185444
0.0193341
0.0177048
0.0198412
0.0198412
0.0198412
0.0193343
0.0179563
0.0180721
0.0188538
0.0198412
0.0183942
0.0179499
0.0180627
0.0198411
0.0182468
0.0198412
0.0188537
0.0198411
0.0198411
0.0190421
0.0188537
0.0177988
0.0125899
0.0125899
0.0184349
0.0177324
0.0179755
0.0198411
0.0188537
0.0198411
0.017957
0.018038
0.017956
0.0186199
0.0186201
0.0188532
0.0184344
0.0193336
0.0188532
0.0198407
0.0198407
0.0198407
0.0198407
0.0188532
0.0193336
0.0188519
0.0190417
0.0198407
0.0175396
0.0198407
0.0198407
0.0188519
0.0193336
0.0193338
0.0193336
0.0179562
0.0190417
0.0187186
0.0188519
0.0190417
0.0186199
0.0185439
0.0193336
0.0193338
0.0179835
0.0193336
0.0179558
0.0186199
0.0198407
0.0187186
0.0188532
0.0183491
0.0181563
0.0183128
0.0181641
0.0186209
0.0188518
0.0177758
0.0179739
0.0182462
0.0181927
0.0198406
0.0180861
0.0193336
0.0169522
0.0193336
0.0193336
0.0188532
0.0198406
0.0181292
0.0198406
0.0198406
0.0179571
0.0125893
0.0177523
0.0125893
0.0125893
0.0198406
0.0174598
0.0193335
0.0119926
0.0179693
0.0175396
0.0198406
0.0179558
0.0125893
0.0193335
0.0190416
0.0193335
0.0175396
0.0198406
0.0198406
0.0198406
0.0193335
0.0193335
0.0188532
0.0186209
0.0201046
0.0183593
0.0179649
0.0183935
0.0198406
0.0179563
0.0198406
0.0189701
0.0190415
0.0178413
0.0179567
0.0193335
0.0190415
0.0177458
0.0193335
0.0179557
0.0198405
0.016223
0.0179391
0.0175395
0.0190415
0.0193335
0.0198405
0.0201045
0.0187185
0.0193335
0.0185437
0.0198405
0.0198405
0.0173379
0.0183942
0.0198405
0.0198405
0.0179232
0.0125892
0.0181133
0.0182825
0.0186198
0.0188517
0.0179557
0.0198405
0.0183935
0.0193334
0.0185437
0.0152466
0.0182457
0.0183298
0.0179557
0.0183591
0.018853
0.0186197
0.0183044
0.0181821
0.0190414
0.0185436
0.0190414
0.0198404
0.018853
0.018246
0.0186207
0.0198404
0.017642
0.018853
0.0193334
0.0188516
0.0183298
0.0190414
0.0188516
0.0177981
0.0198404
0.0179886
0.0198404
0.0182823
0.0183303
0.0198404
0.0198404
0.0198404
0.0193333
0.018853
0.0193333
0.0183935
0.0193335
0.0186197
0.0183044
0.0181234
0.0182628
0.0190414
0.0181927
0.0184341
0.0188516
0.0160538
0.0179565
0.0179559
0.0179556
0.0184341
0.0179563
0.0198404
0.0179202
0.0193335
0.018484
0.0193333
0.0193333
0.0179559
0.0198404
0.0198404
0.0186206
0.0198404
0.0198404
0.018246
0.0187183
0.018359
0.0193335
0.0190413
0.0193333
0.0193333
0.017704
0.0193333
0.0198404
0.0190413
0.0193333
0.0179559
0.0175393
0.0188529
0.0190413
0.0198404
0.0198404
0.0186206
0.0184832
0.0188529
0.0193333
0.0190413
0.0187183
0.0188516
0.0179563
0.0193333
0.0179561
0.0198404
0.0188529
0.0188529
0.0186196
0.0179559
0.0190413
0.0193335
0.0193333
0.0193333
0.0188516
0.0193335
0.0183934
0.0188516
0.018246
0.018484
0.0180461
0.0179839
0.0179526
0.0125887
0.0125887
0.019333
0.0180209
0.0188513
0.019333
0.0179546
0.0198401
0.0198401
0.0179556
0.0198401
0.0188526
0.0188526
0.0181558
0.0181921
0.0189696
0.0180924
0.0181921
0.0175167
0.0125887
0.0177716
0.0172213
0.017675
0.0180156
0.0183587
0.0198401
0.019333
0.0188526
0.0198401
0.0198401
0.0188512
0.0180356
0.0178408
0.017539
0.01984
0.017539
0.0180033
0.0182824
0.01984
0.0188526
0.01713
0.0180638
0.0179552
0.019333
0.019333
0.0198401
0.01984
0.019333
0.01984
0.0188526
0.0173374
0.0176416
0.0183294
0.0188526
0.0186193
0.0188526
0.01984
0.0173374
0.0184828
0.01984
0.0171433
0.01984
0.019333
0.0173374
0.01984
0.0178443
0.0181924
0.01984
0.0169243
0.018718
0.0193329
0.01984
0.0173374
0.017539
0.0193329
0.0179558
0.017539
0.01984
0.0178995
0.0179559
0.0182159
0.018393
0.019041
0.0188526
0.0188512
0.01984
0.01984
0.01984
0.01984
0.0193329
0.0182624
0.0173386
0.0179565
0.0179564
0.0193329
0.019041
0.0188525
0.0183294
0.0193331
0.0189695
0.0179562
0.0183299
0.0185432
0.0179552
0.021846
0.0180709
0.0183587
0.0171348
0.01984
0.0171426
0.0139772
0.01984
0.0209387
0.01984
0.01984
0.0125886
0.0172543
0.0193329
0.01984
0.0174587
0.0179561
0.0157199
0.0139772
0.0178355
0.0179686
0.0179759
0.0181081
0.0185216
0.0182818
0.0125886
0.0125886
0.0182624
0.0184828
0.0188511
0.0188525
0.0171362
0.0179124
0.0198399
0.0173373
0.0198399
0.0198399
0.0170467
0.0125885
0.0181919
0.0188511
0.0180147
0.0183935
0.0180736
0.0193328
0.0181919
0.0198399
0.0182823
0.0193331
0.0198399
0.0162224
0.0182818
0.0198399
0.0198399
0.0198399
0.0188524
0.017451
0.0178554
0.0179616
0.017642
0.0190408
0.0180996
0.0182817
0.0198398
0.017909
0.0198398
0.0198398
0.0180919
0.0173372
0.0179543
0.0170453
0.0157197
0.0132486
0.0177035
0.022837
0.0178153
0.0183292
0.0179573
0.0198393
0.0125878
0.0187172
0.0188518
0.0198393
0.0193324
0.0193322
0.0183923
0.0190402
0.0185425
0.0176134
0.0179552
0.0179533
0.0193317
0.0179549
0.018127
0.0190394
0.0193313
0.0198384
0.0189679
0.0179542
0.018482
0.0188509
0.0193313
0.0198384
0.018357
0.0186186
0.0193313
0.0193313
0.0181541
0.0181538
0.0188509
0.0193313
0.0186177
0.0193313
0.0188496
0.0188509
0.0179536
0.0193316
0.0186186
0.0198384
0.0190394
0.0188509
0.0190394
0.0198384
0.0198384
0.0198384
0.0157183
0.0198384
0.0198384
0.0186186
0.0198384
0.0172186
0.0198384
0.0179549
0.0186186
0.0198384
0.0188509
0.0184812
0.0190394
0.0178878
0.0125869
0.0125869
0.0185416
0.0180252
0.0198384
0.0188496
0.0193313
0.0190393
0.0188496
0.0179536
0.0193313
0.0179536
0.0198384
0.0190393
0.0198384
0.0198384
0.0198384
0.0198384
0.0198384
0.0198384
0.0175374
0.0175374
0.0175374
0.0173358
0.0189679
0.0190393
0.0180182
0.0175946
0.0187163
0.0198384
0.0187562
0.0182802
0.0198384
0.0182142
0.0179682
0.0193313
0.0182807
0.0190393
0.0190393
0.0198383
0.0193315
0.0190393
0.0198383
0.0193312
0.0198383
0.0180082
0.0175373
0.0198383
0.0198383
0.0183913
0.0160517
0.0183913
0.0176729
0.0178086
0.0125868
0.0178543
0.0198383
0.0193312
0.0198383
0.0198383
0.0180093
0.0193312
0.0179535
0.0198383
0.0189678
0.0187162
0.018432
0.0187561
0.0190392
0.0178277
0.0178909
0.0188508
0.0188507
0.0175373
0.0193312
0.0186175
0.0193312
0.0188507
0.01676
0.0184811
0.0190392
0.0172185
0.0171304
0.0179868
0.0181902
0.0188495
0.0188495
0.0187561
0.0179544
0.0181462
0.0175372
0.0177436
0.0183281
0.0177648
0.0179538
0.0171402
0.0187561
0.017937
0.0179933
0.0198382
0.0188507
0.0186175
0.0188507
0.0198383
0.0184319
0.0198382
0.018481
0.0183912
0.0179692
0.0198382
0.0198382
0.0198382
0.0183912
0.0198382
0.0193311
0.0198382
0.0183912
0.0173369
0.0193311
0.0171401
0.0173378
0.0193311
0.0198382
0.0198382
0.0198382
0.0160515
0.0170449
0.0190392
0.0198382
0.0198382
0.0186175
0.0183568
0.0190392
0.0162207
0.0193311
0.0187161
0.0198382
0.0184818
0.0180717
0.0171401
0.0185414
0.0188507
0.0182801
0.0181905
0.0171902
0.0179534
0.0181461
0.0181703
0.0198382
0.0186174
0.0198382
0.0185414
0.017538
0.0181902
0.0190392
0.0198382
0.0174873
0.0179534
0.0179542
0.0198382
0.0180718
0.0179655
0.0188506
0.0188506
0.0186183
0.0198382
0.0188493
0.0182546
0.0190391
0.018481
0.0185413
0.0187161
0.0179534
0.0188506
0.0193311
0.0188506
0.0193313
0.0179541
0.0186174
0.0186174
0.0177958
0.0193311
0.0181109
0.0190391
0.0179544
0.0184817
0.0188506
0.0190391
0.0198381
0.0193311
0.0188506
0.0193311
0.0179537
0.0180516
0.0184318
0.0184318
0.0178435
0.0181158
0.017917
0.0185198
0.0182605
0.0184318
0.0184318
0.0184816
0.0188493
0.0190391
0.016223
0.0180064
0.019039
0.017973
0.0186183
0.0179538
0.0188506
0.0189676
0.0186173
0.01819
0.0175371
0.0179536
0.0187559
0.0180044
0.0179533
0.0175371
0.0198381
0.0198381
0.0198381
0.0198381
0.01714
0.0180312
0.0198381
0.0198381
0.0188505
0.0198381
0.0186173
0.0179544
0.0184318
0.0198381
0.0193312
0.0198381
0.0198381
0.0186182
0.0184809
0.0198381
0.0184317
0.019039
0.0182605
0.0180574
0.0198381
0.0198381
0.0188505
0.019331
0.0188492
0.019331
0.0198381
0.0179543
0.0198381
0.018391
0.0188505
0.0198381
0.0198381
0.0181831
0.0178132
0.0180195
0.019838
0.019838
0.019838
0.019838
0.019331
0.019838
0.019838
0.0179526
0.0185412
0.019838
0.0186182
0.019039
0.0188505
0.019838
0.0186182
0.0188505
0.0177017
0.0181326
0.0185412
0.019039
0.0193312
0.0175961
0.0139752
0.0188505
0.019838
0.0188505
0.0180068
0.019838
0.0186182
0.019838
0.019838
0.0179532
0.0179898
0.0186173
0.0179539
0.0181903
0.0188492
0.019838
0.0179542
0.0179921
0.0186182
0.019838
0.0181701
0.0193309
0.0193311
0.0170434
0.0179542
0.0176394
0.0176063
0.0198378
0.018849
0.0209365
0.0179542
0.0179542
0.0193307
0.0198378
0.0198378
0.0198378
0.0188503
0.0198378
0.0165417
0.0193307
0.0193307
0.0181531
0.0198378
0.018849
0.0198378
0.0187157
0.0198378
0.0175637
0.0193307
0.0188503
0.0180799
0.0175596
0.013975
0.017955
0.0198373
0.0180969
0.0188497
0.0182131
0.0193302
0.0173358
0.0179536
0.0186174
0.0193302
0.0193302
0.0198372
0.0186165
0.0179533
0.0181526
0.0193302
0.0198373
0.0198373
0.0198372
0.0198372
0.0179542
0.0198372
0.0198372
0.0179524
0.0188496
0.0198372
0.0179527
0.0198372
0.0183901
0.0198372
0.0180765
0.0190382
0.0180734
0.0180341
0.0198372
0.0198372
0.0193301
0.0193301
0.0184807
0.0186165
0.0188484
0.0190381
0.0183902
0.0172174
0.0186164
0.0183092
0.0188484
0.0180424
0.0182596
0.0180221
0.0180869
0.0193301
0.0179524
0.0193303
0.0181788
0.0193301
0.0179524
0.0193301
0.0179524
0.0198372
0.015717
0.0193303
0.0198372
0.0193301
0.0198372
0.0179532
0.0179666
0.0179522
0.0190379
0.0179533
0.0179641
0.0193299
0.0193298
0.0181448
0.0179572
0.0183008
0.0198369
0.017826
0.0190378
0.0179401
0.0183898
0.0178515
0.0125852
0.0177421
0.0183898
0.0180652
0.0181522
0.0184305
0.0190378
0.0190378
0.018848
0.0183898
0.0193298
0.018848
0.0183261
0.0183261
0.0193297
0.0189663
0.0181522
0.0193297
0.0188492
0.017952
0.0193297
0.0198368
0.0198368
0.0193299
0.018105
0.0198369
0.018848
0.021843
0.0180651
0.0193297
0.0198368
0.0193297
0.0176384
0.0171349
0.0172823
0.0180191
0.0198368
0.0125852
0.0183897
0.0171387
0.0180966
0.0188492
0.0198368
0.017952
0.0198368
0.022834
0.0179522
0.0180482
0.0228337
0.0179878
0.0184302
0.0179527
0.017954
0.0193287
0.0179573
0.0179938
0.0187136
0.0180915
0.0179602
0.0198357
0.0183886
0.0190366
0.0184293
0.0198357
0.017741
0.0175347
0.0176372
0.0186158
0.018848
0.012584
0.0147944
0.0147944
0.0198357
0.0198357
0.0198357
0.0198357
0.0198357
0.0178682
0.012584
0.018848
0.0193286
0.0190366
0.0190366
0.0193286
0.0193286
0.0198357
0.0198357
0.0193286
0.0193286
0.018848
0.0193286
0.0198357
0.0193288
0.0163951
0.0198357
0.0184784
0.0198357
0.0193286
0.0198357
0.0193286
0.0175347
0.0175347
0.0198357
0.0186158
0.0198357
0.0186158
0.0182411
0.0190366
0.018848
0.0190366
0.0186149
0.0198357
0.0189651
0.0198357
0.0183886
0.0182775
0.0125839
0.0183254
0.0188468
0.0198357
0.0193288
0.0179509
0.018848
0.0180423
0.0169198
0.018848
0.0193285
0.0188468
0.0186149
0.0198357
0.0198357
0.0178108
0.0169198
0.013244
0.0184784
0.017952
0.0198357
0.0179512
0.0179514
0.0198356
0.0198356
0.0184447
0.0184791
0.0184791
0.0251095
0.017952
0.0179511
0.0198355
0.0173342
0.0179664
0.0180655
0.0187134
0.0198355
0.0198355
0.0198355
0.0184292
0.0193284
0.0198355
0.0198355
0.0181367
0.0183541
0.0173809
0.0186147
0.0188479
0.0188467
0.0198355
0.0198355
0.018965
0.0180473
0.0183541
0.0180116
0.018051
0.018084
0.0172156
0.0179518
0.0179515
0.0185386
0.0185386
0.0198355
0.0184291
0.0193284
0.0198355
0.0198355
0.0198355
0.0198355
0.0193284
0.0193286
0.0175345
0.0179507
0.0187134
0.0188478
0.0179512
0.0190364
0.0188478
0.0188478
0.0198355
0.0198355
0.0198355
0.0147901
0.0179722
0.0188478
0.0190364
0.0198355
0.0198355
0.0198355
0.0198355
0.0187134
0.0198355
0.0186156
0.0198355
0.0193286
0.018151
0.0125837
0.0178938
0.0125837
0.0167572
0.0179143
0.0139727
0.0125837
0.0198355
0.0174517
0.0180042
0.0198354
0.018354
0.0198354
0.0178246
0.0190363
0.0179506
0.0198354
0.0179506
0.0184782
0.0193283
0.0181876
0.0182993
0.0198354
0.0179617
0.0198354
0.0193283
0.0165392
0.0179506
0.0193283
0.0179513
0.0190363
0.0188465
0.0180662
0.0198354
0.0189648
0.0188465
0.0181364
0.0187133
0.0190363
0.0190363
0.0190363
0.0183889
0.0179514
0.0180011
0.0193283
0.0183883
0.0198354
0.0183883
0.0182776
0.0190363
0.0198354
0.0193285
0.0180991
0.0187532
0.018354
0.0198354
0.0198354
0.01795
0.0182772
0.0190363
0.0139726
0.0125836
0.0190363
0.0139726
0.0198354
0.0171373
0.0178829
0.0180144
0.0180911
0.0180321
0.0193283
0.0182772
0.0198353
0.0188477
0.0193284
0.0190363
0.0193283
0.0190363
0.0184781
0.0198354
0.0181917
0.0179518
0.0179509
0.0193283
0.0180991
0.0179517
0.0193282
0.0198354
0.018429
0.0183246
0.0188477
0.0193282
0.0187531
0.0193282
0.0193282
0.0179505
0.0198353
0.0198353
0.0186145
0.0198353
0.0198353
0.0198353
0.0188477
0.0179517
0.0179534
0.0179495
0.0178356
0.019835
0.019835
0.0188473
0.0171369
0.0183879
0.0185381
0.019835
0.0184784
0.0183879
0.0209337
0.0179514
0.0139718
0.0139718
0.0189639
0.0179067
0.0171325
0.018129
0.0185376
0.0188468
0.0193275
0.0184281
0.0190354
0.0193275
0.0182763
0.0181867
0.0179502
0.0193273
0.0184779
0.0186145
0.0198344
0.0198345
0.0188456
0.0188456
0.0188468
0.0190354
0.0193273
0.0193273
0.0183428
0.0181027
0.0188468
0.0190354
0.0188468
0.0193273
0.0190354
0.0198344
0.0179497
0.0198344
0.0179496
0.0198344
0.0175334
0.0183873
0.0179503
0.0193273
0.0167565
0.0139717
0.0171363
0.017124
0.0177069
0.0125826
0.0165382
0.0139718
0.0198345
0.0125826
0.0198345
0.0228317
0.0179445
0.0176208
0.0179006
0.0177404
0.015714
0.0173882
0.0177214
0.0139717
0.0198344
0.0139716
0.0184771
0.0193273
0.0190353
0.015714
0.0190353
0.0198344
0.0186144
0.0190353
0.0179247
0.0179506
0.0178832
0.0176976
0.0188463
0.0193271
0.0193271
0.018239
0.0173315
0.015394
0.0180423
0.0193269
0.0183875
0.0187119
0.019834
0.017533
0.0190349
0.0187119
0.0179492
0.019834
0.019834
0.019834
0.019834
0.0188463
0.0193269
0.0193269
0.0193271
0.0187518
0.0179503
0.0179495
0.0179504
0.0179499
0.0174525
0.0179687
0.0181417
0.0173313
0.0193285
0.0182756
0.0198338
0.0179491
0.0193269
0.0198338
0.0198338
0.0198338
0.0198338
0.017949
0.0186139
0.0193267
0.0198339
0.0198338
0.0188461
0.0193267
0.0193269
0.0198338
0.0193269
0.0198338
0.0198338
0.017949
0.0198338
0.0198338
0.0184772
0.0175328
0.0193267
0.0198338
0.0198338
0.0177391
0.0190348
0.0175328
0.0193269
0.0179497
0.0193267
0.0190347
0.0162186
0.0171357
0.0251078
0.0179531
0.0179811
0.0181856
0.0182755
0.018033
0.0183229
0.0185368
0.0185369
0.0193266
0.0198337
0.0182095
0.0185368
0.0171356
0.0181859
0.0198337
0.0198337
0.018846
0.0175901
0.0184764
0.0182976
0.0198337
0.0193266
0.0198337
0.0193268
0.0188448
0.0186137
0.0188448
0.0181856
0.0182759
0.0193266
0.0188448
0.0193266
0.0198337
0.0189631
0.0187116
0.0198337
0.0180005
0.0179496
0.0179522
0.0179565
0.0179499
0.0185366
0.0193264
0.0179487
0.0139708
0.0139708
0.0180594
0.0180157
0.017949
0.0198335
0.0193264
0.0198335
0.0198335
0.0175325
0.0198335
0.0198335
0.0198335
0.0179487
0.0186127
0.0188446
0.0184762
0.0181655
0.0180755
0.0188446
0.0183055
0.0183864
0.0182753
0.0184762
0.018175
0.0198335
0.0198335
0.0198335
0.0198335
0.0179494
0.0193264
0.0180096
0.0180199
0.0180617
0.0188446
0.0198335
0.0198335
0.0186135
0.018515
0.0184769
0.0198335
0.0198334
0.0182757
0.0184762
0.0179487
0.0198334
0.0179487
0.0198334
0.0193263
0.0186126
0.0189629
0.0182092
0.01704
0.0139708
0.0125815
0.0125815
0.0179498
0.0179495
0.017332
0.0178341
0.0169175
0.0198334
0.0171353
0.0181163
0.0179072
0.0177741
0.0181111
0.0198334
0.0181853
0.018427
0.0181853
0.0187113
0.0198334
0.0181344
0.0186126
0.0181967
0.0180724
0.0183227
0.0183863
0.0179493
0.018427
0.0187113
0.0181489
0.0193263
0.0198334
0.0198334
0.0198334
0.017635
0.0198334
0.0187113
0.0182557
0.0182752
0.0182388
0.0193263
0.0198334
0.018427
0.0185365
0.0198334
0.0188445
0.0182498
0.0182385
0.0181489
0.0198334
0.018427
0.0193263
0.0193263
0.0181856
0.0182385
0.0180192
0.0179949
0.0193263
0.017948
0.018228
0.0188445
0.0183231
0.0198334
0.0198334
0.0198334
0.0198334
0.0179489
0.0190343
0.0193263
0.0198334
0.0198334
0.0184761
0.0179486
0.0179486
0.0198334
0.0188445
0.0180416
0.0198334
0.0193263
0.0193263
0.0198334
0.0180006
0.0198334
0.0181749
0.0182973
0.0186134
0.0188457
0.0176355
0.0179489
0.0188457
0.0183863
0.0198334
0.0139707
0.0190343
0.0186126
0.015239
0.0125815
0.0179486
0.0188457
0.0198334
0.0179486
0.0198334
0.018427
0.018014
0.0179661
0.0183862
0.0198334
0.0180786
0.0190343
0.0198334
0.0180785
0.0198334
0.0179486
0.0198334
0.0198334
0.0179315
0.0187112
0.0175324
0.0180162
0.0183863
0.0152389
0.0160464
0.0198333
0.0175323
0.0251073
0.0177599
0.0180198
0.0179667
0.0180669
0.0198333
0.0188456
0.017972
0.0190342
0.0198333
0.0188444
0.0193262
0.0198333
0.0198333
0.0181656
0.0193264
0.0176974
0.0179485
0.018476
0.0198333
0.0188456
0.0198333
0.0193264
0.0193262
0.0198333
0.0209321
0.0181852
0.018476
0.0193264
0.0193262
0.0188444
0.0193262
0.0193262
0.0193262
0.0175898
0.0198333
0.0177909
0.0198333
0.0188444
0.0175913
0.0188444
0.0183225
0.0186133
0.017887
0.0125813
0.0171198
0.0188445
0.0198333
0.0193262
0.0193262
0.0193262
0.0189628
0.0185364
0.0182755
0.0198333
0.0198333
0.0189627
0.0181486
0.0187111
0.0125813
0.016756
0.0147918
0.0179573
0.0188444
0.0198333
0.016218
0.0198333
0.0198333
0.0188455
0.0125813
0.0190342
0.0190342
0.0198333
0.0177549
0.0187111
0.0193261
0.0171281
0.0179642
0.0188455
0.0132413
0.0180505
0.0198332
0.0198332
0.0193261
0.0179903
0.0193263
0.0179487
0.0187111
0.0193263
0.0198332
0.0198332
0.0198332
0.0186124
0.017949
0.0179487
0.018476
0.0177388
0.018275
0.0178716
0.0185363
0.0198332
0.0193261
0.018275
0.0188443
0.0198332
0.0198332
0.0198332
0.0181217
0.0198332
0.0175322
0.0186132
0.0178083
0.0186132
0.0179478
0.0190341
0.0179484
0.0198332
0.020932
0.0147918
0.0125813
0.0178716
0.017999
0.0186132
0.0198332
0.0175322
0.0188455
0.0198332
0.0175329
0.0139705
0.0198332
0.0125813
0.0186132
0.0169817
0.0179715
0.0186132
0.0189626
0.0198332
0.0198332
0.0193263
0.0198332
0.0193261
0.0179492
0.0179489
0.0198332
0.0193261
0.0187111
0.0179494
0.0188443
0.0198332
0.0198332
0.0189626
0.0186124
0.0182754
0.0179494
0.0198332
0.0198332
0.0198332
0.0193261
0.0186132
0.0193261
0.0198332
0.0186132
0.0193261
0.0198332
0.0198332
0.0193262
0.0190341
0.016755
0.0179079
0.0193261
0.0198332
0.0198332
0.0198332
0.0198332
0.0180929
0.0179931
0.0198332
0.0198332
0.0186123
0.0175322
0.0198332
0.019326
0.0198332
0.0193262
0.0190341
0.0193262
0.0190341
0.0180785
0.0179487
0.0198332
0.0198332
0.0198331
0.0198332
0.0181747
0.0179989
0.0183517
0.018711
0.0186132
0.019326
