0.214953
0.227848
0.219512
0.179012
0.143296
0.142857
0.157959
0.359375
0.494297
0.552699
0.563177
0.570258
0.562738
0.550459
0.567686
0.570738
0.570985
0.568553
0.566292
0.639201
0.634921
0.661252
0.711864
0.708934
0.712757
0.709898
0.711864
0.713818
0.713973
0.707071
0.713896
0.711621
0.78445
0.776316
0.785311
0.780564
0.783019
0.794802
0.856646
0.856646
0.85582
0.85413
0.856714
0.856129
0.856549
0.856894
0.856423
0.85389
0.856714
0.856568
0.87128
0.928285
0.928219
0.928287
0.927876
0.928368
0.928012
0.923423
0.918182
0.928255
0.927586
0.927754
0.927822
0.92674
0.927879
0.917431
0.928108
0.926045
0.927891
0.926566
0.927928
0.928209
0.927345
0.912281
0.903846
0.924915
0.927666
0.92807
0.923077
0.928112
0.920863
0.928058
0.927056
0.926503
0.927579
0.926655
0.928331
0.928359
0.927875
0.927273
0.927555
0.921951
0.927507
0.925532
0.927052
0.924528
0.903846
0.924303
0.923567
0.928413
0.926056
0.924699
0.926746
0.913043
0.928052
0.923077
0.927063
0.927568
0.923767
0.928177
0.923387
0.926554
0.927996
0.928179
0.927162
0.928035
0.927365
0.927996
0.926121
0.923497
0.926027
0.92515
0.928224
0.926247
0.928273
0.926829
0.928129
0.9125
0.927785
0.922078
0.928249
0.927072
0.92515
0.92126
0.928423
0.927778
0.927359
0.925081
0.928446
0.928077
0.927345
0.924
0.928464
0.926295
0.927851
0.92849
0.927664
0.922156
0.921687
0.92851
0.909091
0.923445
0.928504
0.927805
0.928495
0.926209
0.925697
0.927336
0.928454
0.915493
0.924171
0.925424
0.918919
0.912281
0.919192
0.923567
0.928352
0.917526
0.926121
0.909091
0.888889
0.926136
0.924444
0.924444
0.926437
0.896552
0.915254
0.924731
0.921053
0.927007
0.917647
0.925729
0.927632
0.927007
0.928162
0.926606
0.926335
0.927959
0.928119
0.915254
0.923497
0.923858
0.925532
0.920354
0.906977
0.913043
0.915493
0.922581
0.906977
0.922414
0.928281
0.927821
0.928144
0.927224
0.928215
0.927273
0.926667
0.92053
0.92623
0.920455
0.927774
0.928282
0.925373
0.926471
0.927788
0.924686
0.927808
0.925697
0.92126
0.924731
0.896552
0.917647
0.906977
0.904762
0.926773
0.917647
0.912281
0.924303
0.923729
0.923077
0.922581
0.927611
0.925566
0.924686
0.923497
0.925373
0.927733
0.928444
0.916667
0.925094
0.928521
0.928461
0.927577
0.928139
0.92775
0.928411
0.92228
0.927136
0.91358
0.928173
0.928534
0.926882
0.928385
0.927724
0.928077
0.90566
0.928431
0.927199
0.913979
0.927199
0.927374
0.926493
0.927765
0.923954
0.926441
0.928
0.927466
0.927602
0.927711
0.923404
0.927572
0.925287
0.924686
0.911111
0.927669
0.927692
0.922652
0.911765
0.927178
0.928284
0.901961
0.925267
0.906977
0.92268
0.927711
0.928189
0.926499
0.927679
0.927933
0.928239
0.915888
0.926441
0.925134
0.927973
0.927505
0.927809
0.928417
0.927966
0.927471
0.927572
0.928518
0.927345
0.903846
0.92
0.927384
0.924925
0.927778
0.927683
0.927473
0.926934
0.928498
0.928299
0.916667
0.923077
0.928343
0.928198
0.928483
0.927806
0.926136
0.926686
0.924638
0.927431
0.925373
0.926893
0.920245
0.928227
0.926503
0.913979
0.926773
0.928123
0.926959
0.924342
0.928488
0.928372
0.928285
0.92842
0.927403
0.925676
0.928275
0.925414
0.928458
0.921739
0.903846
0.926714
0.927859
0.927767
0.928468
0.927632
0.928138
0.902439
0.92053
0.927665
0.927867
0.926407
0.928496
0.925
0.927184
0.927733
0.926606
0.925
0.928525
0.924731
0.928346
0.927136
0.926752
0.927684
0.911765
0.925
0.928187
0.927083
0.926916
0.923423
0.916667
0.918182
0.928281
0.924342
0.924731
0.926893
0.924342
0.903846
0.925408
0.927145
0.926316
0.925258
0.923423
0.891892
0.926499
0.926004
0.92832
0.92815
0.925843
0.92767
0.928385
0.928386
0.92268
0.925
0.927313
0.9275
0.927985
0.928251
0.927872
0.928112
0.928019
0.910448
0.928264
0.924731
0.925333
0.927581
0.917431
0.925197
0.928205
0.928202
0.926391
0.927294
0.910448
0.924528
0.928549
0.928146
0.927737
0.928275
0.927512
0.928535
0.92849
0.926554
0.92847
0.927817
0.927273
0.928551
0.926357
0.926778
0.926702
0.927681
0.928465
0.92629
0.923077
0.926087
0.926829
0.926791
0.928546
0.927928
0.928313
0.919355
0.928494
0.925847
0.921875
0.925532
0.926667
0.926078
0.927778
0.924779
0.927646
0.928254
0.925
0.924051
0.927825
0.927742
0.926009
0.928019
0.926421
0.927027
0.921348
0.915789
0.926078
0.927866
0.928348
0.926357
0.928298
0.928021
0.928551
0.928179
0.928207
0.928432
0.925641
0.92803
0.928415
0.928
0.926346
0.925743
0.928474
0.927027
0.928323
0.928079
0.925532
0.926621
0.926866
0.927969
0.926791
0.925
0.911765
0.9
0.875
0.92822
0.928088
0.927996
0.92851
0.925806
0.92831
0.927056
0.923077
0.928171
0.927044
0.927896
0.924399
0.926973
0.928191
0.926009
0.924242
0.911111
0.928531
0.928368
0.92233
0.927948
0.928264
0.926916
0.92772
0.928316
0.927454
0.916667
0.918519
0.922222
0.922222
0.928493
0.928492
0.928541
0.928251
0.928309
0.928503
0.928075
0.928406
0.926518
0.927577
0.927892
0.928507
0.926136
0.926657
0.927386
0.92767
0.927746
0.928515
0.927503
0.928044
0.928078
0.927723
0.927896
0.925764
0.918182
0.923077
0.92623
0.924528
0.913793
0.916667
0.925197
0.923729
0.927126
0.92851
0.911765
0.92616
0.928478
0.927481
0.918605
0.916667
0.916667
0.928521
0.923913
0.92855
0.925197
0.928546
0.926036
0.924242
0.926923
0.928361
0.927119
0.927984
0.92
0.927254
0.925532
0.925676
0.924242
0.918605
0.92
0.918605
0.92654
0.916667
0.923913
0.926591
0.927921
0.919355
0.922535
0.913793
0.916667
0.928484
0.923077
0.918605
0.925258
0.909091
0.909091
0.921053
0.926923
0.926415
0.909091
0.909091
0.918605
0.918699
0.927778
0.92757
0.926966
0.916667
0.923077
0.925258
0.894737
0.9125
0.9125
0.921875
0.909091
0.9125
0.903846
0.928516
0.903846
0.907407
0.926471
0.894737
0.894737
0.909091
0.923913
0.918033
0.919118
0.894737
0.916667
0.90566
0.924528
0.916667
0.928547
0.916667
0.916667
0.927752
0.927152
0.927852
0.909091
0.919118
0.927007
0.927943
0.88
0.926794
0.924342
0.919355
0.914634
0.925072
0.928359
0.924138
0.9125
0.903846
0.927992
0.92459
0.927804
0.894737
0.894737
0.894737
0.903846
0.90566
0.903846
0.909091
0.927711
0.894737
0.923664
0.926686
0.923077
0.918033
0.903846
0.894737
0.894737
0.903846
0.894737
0.909091
0.9125
0.894737
0.903846
0.894737
0.909091
0.894737
0.894737
0.926923
0.909091
0.916667
0.909091
0.914894
0.9125
0.903846
0.897436
0.928
0.916667
0.918033
0.903846
0.894737
0.928099
0.894737
0.918033
0.92739
0.927033
0.921053
0.926562
0.894737
0.909091
0.894737
0.926097
0.924138
0.927419
0.925581
0.903846
0.909091
0.913793
0.894737
0.909091
0.903846
0.894737
0.894737
0.916667
0.923664
0.90566
0.926606
0.927749
0.903846
0.923077
0.925134
0.925581
0.909091
0.894737
0.923913
0.903846
0.914894
0.924138
0.909091
0.894737
0.903846
0.894737
0.923077
0.924699
0.913793
0.927962
0.916667
0.903846
0.894737
0.907407
0.918033
0.903846
0.921053
0.925373
0.904762
0.921348
0.92233
0.9125
0.894737
0.9125
0.909091
0.894737
0.894737
0.909091
0.919118
0.925258
0.92637
0.9125
0.9125
0.9125
0.903846
0.9125
0.88
0.924342
0.894737
0.903846
0.9125
0.924855
0.928178
0.894737
0.903846
0.921212
0.9125
0.906977
0.923913
0.924342
0.9125
0.909091
0.894737
0.894737
0.894737
0.894737
0.903846
0.909091
0.909091
0.903846
0.903846
0.924342
0.924765
0.926786
0.926531
0.926471
0.928178
0.927548
0.918367
0.914894
0.914894
0.927363
0.903846
0.903846
0.903846
0.894737
0.904762
0.925676
0.926136
0.920732
0.926445
0.91358
0.919118
0.918367
0.917808
0.927052
0.927885
0.894737
0.9125
0.894737
0.894737
0.921875
0.92671
0.909091
0.928279
0.92765
0.894737
0.894737
0.921788
0.926966
0.92803
0.922727
0.923077
0.925581
0.926756
0.918605
0.920732
0.894737
0.916667
0.903846
0.921348
0.925926
0.914894
0.914894
0.90566
0.921348
0.90566
0.918033
0.894737
0.903846
0.926078
0.909091
0.927007
0.922619
0.919118
0.916667
0.918033
0.927829
0.927524
0.922727
0.923729
0.915789
0.914894
0.924342
0.903846
0.922727
0.926199
0.894737
0.924699
0.913793
0.92
0.927083
0.896552
0.920635
0.925676
0.9125
0.894737
0.9125
0.894737
0.923077
0.919643
0.916667
0.9
0.909091
0.90566
0.9125
0.928156
0.924925
0.927812
0.92517
0.924528
0.928142
0.911765
0.909091
0.903846
0.916667
0.894737
0.913043
0.919118
0.903846
0.909091
0.92814
0.925926
0.914894
0.909091
0.903846
0.894737
0.894737
0.875
0.92429
0.927985
0.894737
0.926862
0.894737
0.922619
0.909091
0.928248
0.903846
0.903846
0.894737
0.894737
0.894737
0.903846
0.92
0.894737
0.9
0.921875
0.894737
0.910448
0.916667
0.894737
0.904762
0.924188
0.909091
0.923529
0.9125
0.925926
0.921875
0.923077
0.894737
0.903846
0.914286
0.915789
0.918033
0.894737
0.903846
0.92233
0.91358
0.914894
0.903846
0.903846
0.894737
0.894737
0.915254
0.928279
0.897436
0.909091
0.904762
0.924399
0.9125
0.909091
0.903846
0.916667
0.90566
0.909091
0.914894
0.92827
0.928266
0.928173
0.9125
0.903846
0.897436
0.90566
0.91358
0.903846
0.928291
0.903846
0.909091
0.924855
0.903846
0.903846
0.894737
0.894737
0.926923
0.914894
0.903846
0.903846
0.894737
0.909091
0.910448
0.917431
0.903846
0.9
0.919355
0.919355
0.894737
0.9125
0.9125
0.916667
0.914894
0.903846
0.903846
0.922727
0.894737
0.894737
0.907407
0.909091
0.894737
0.894737
0.910714
0.910714
0.924138
0.919355
0.909091
0.888889
0.928465
0.924699
0.918033
0.927326
0.92
0.894737
0.894737
0.894737
0.903846
0.924779
0.927879
0.894737
0.909091
0.916667
0.927536
0.903846
0.923077
0.928417
0.927711
0.927126
0.9284
0.92
0.897436
0.903846
0.903846
0.894737
0.894737
0.913793
0.92233
0.925373
0.909091
0.909091
0.92
0.914634
0.923387
0.894737
0.916667
0.894737
0.909091
0.903846
0.903846
0.92
0.909091
0.9125
0.90566
0.909091
0.919643
0.911765
0.92228
0.9
0.926984
0.924855
0.903846
0.894737
0.909091
0.88
0.921429
0.925926
0.917431
0.927742
0.897436
0.916667
0.903846
0.903846
0.903846
0.894737
0.904762
0.894737
0.897436
0.923077
0.926829
0.92691
0.925466
0.924699
0.903846
0.903846
0.914894
0.91358
0.924051
0.919118
0.903846
0.894737
0.894737
0.894737
0.894737
0.914894
0.909091
0.903846
0.903846
0.909091
0.903846
0.894737
0.894737
0.918605
0.914894
0.903846
0.913793
0.909091
0.907407
0.925197
0.915789
0.92654
0.925373
0.909091
0.92607
0.903846
0.926562
0.923664
0.928123
0.92823
0.9125
0.918519
0.91358
0.916667
0.894737
0.927253
0.927734
0.921348
0.923695
0.921348
0.921348
0.92
0.903846
0.916667
0.925481
0.9125
0.924699
0.928129
0.92
0.923077
0.894737
0.909091
0.894737
0.92
0.894737
0.923077
0.904762
0.894737
0.909091
0.916667
0.894737
0.894737
0.923664
0.927581
0.917431
0.903846
0.903846
0.894737
0.894737
0.894737
0.894737
0.918605
0.92
0.909091
0.894737
0.915789
0.903846
0.894737
0.894737
0.894737
0.914894
0.919355
0.903846
0.894737
0.903846
0.904762
0.9125
0.923529
0.92623
0.926573
0.92233
0.928381
0.919118
0.925847
0.903846
0.909091
0.894737
0.894737
0.9125
0.928359
0.914286
0.894737
0.903846
0.897436
0.894737
0.909091
0.894737
0.894737
0.903846
0.894737
0.916667
0.914894
0.916667
0.926199
0.914894
0.928372
0.927017
0.927804
0.922222
0.924138
0.894737
0.921212
0.909091
0.894737
0.903846
0.92053
0.928053
0.903846
0.922727
0.914894
0.924855
0.909091
0.894737
0.916667
0.903846
0.909091
0.894737
0.894737
0.894737
0.9
0.921875
0.903846
0.9
0.907407
0.894737
0.913793
0.894737
0.894737
0.903846
0.894737
0.894737
0.919118
0.903846
0.918033
0.926136
0.894737
0.909091
0.903846
0.884615
0.9
0.9125
0.894737
0.903846
0.894737
0.894737
0.909091
0.903846
0.903846
0.90566
0.894737
0.903846
0.894737
0.894737
0.909091
0.903846
0.92381
0.921875
0.919118
0.927386
0.928245
0.882353
0.92839
0.909091
0.916667
0.907407
0.909091
0.909091
0.909091
0.918605
0.921429
0.928458
0.927891
0.927342
0.928491
0.921348
0.910448
0.926606
0.924699
0.903846
0.924242
0.903846
0.92757
0.909091
0.909091
0.894737
0.909091
0.926606
0.921875
0.917431
0.894737
0.894737
0.916667
0.894737
0.924779
0.918919
0.909091
0.917431
0.928183
0.903846
0.920732
0.918033
0.9125
0.909091
0.911765
0.926966
0.894737
0.894737
0.909091
0.909091
0.925532
0.894737
0.894737
0.894737
0.909091
0.922727
0.897436
0.903846
0.909091
0.924699
0.909091
0.901961
0.911111
0.92126
0.923611
0.923077
0.927409
0.925676
0.897436
0.92797
0.921348
0.919118
0.894737
0.914894
0.903846
0.919118
0.920732
0.903846
0.909091
0.903846
0.909091
0.922652
0.92228
0.903846
0.92515
0.909091
0.9125
0.894737
0.903846
0.9
0.903846
0.894737
0.903846
0.923077
0.903846
0.913793
0.894737
0.909091
0.903846
0.91358
0.918033
0.894737
0.924528
0.920732
0.918182
0.924528
0.927804
0.926199
0.894737
0.9125
0.926421
0.919118
0.894737
0.9
0.9125
0.903846
0.894737
0.909091
0.894737
0.897436
0.903846
0.9
0.894737
0.894737
0.894737
0.894737
0.88
0.915254
0.924901
0.927374
0.925
0.9125
0.928207
0.928432
0.928452
0.894737
0.903846
0.923077
0.928468
0.923913
0.928318
0.925926
0.925373
0.903846
0.916667
0.909091
0.894737
0.909091
0.903846
0.894737
0.92819
0.894737
0.911765
0.916667
0.928374
0.92233
0.921875
0.894737
0.9125
0.894737
0.9
0.909091
0.903846
0.894737
0.894737
0.88
0.917647
0.927597
0.894737
0.903846
0.894737
0.918033
0.926893
0.916667
0.924812
0.928277
0.907407
0.914894
0.894737
0.894737
0.921951
0.910714
0.894737
0.894737
0.894737
0.894737
0.894737
0.925333
0.9125
0.927725
0.928405
0.927059
0.925847
0.909091
0.9125
0.917431
0.924242
0.903846
0.909091
0.928344
0.928465
0.903846
0.903846
0.925072
0.921348
0.919118
0.9125
0.921875
0.894737
0.909091
0.897436
0.920732
0.928225
0.916667
0.926136
0.928274
0.918033
0.921788
0.923077
0.914894
0.925466
0.911765
0.897436
0.894737
0.897436
0.894737
0.915789
0.925
0.92602
0.926923
0.928471
0.924779
0.928422
0.9
0.909091
0.916667
0.926635
0.928214
0.928097
0.894737
0.903846
0.919118
0.926761
0.923387
0.926796
0.920732
0.919118
0.923387
0.909091
0.918033
0.928223
0.909091
0.903846
0.925581
0.925373
0.928138
0.928286
0.91358
0.894737
0.909091
0.897436
0.919643
0.9125
0.894737
0.9
0.903846
0.894737
0.909091
0.903846
0.926796
0.928164
0.919118
0.922727
0.914894
0.903846
0.925481
0.9125
0.927759
0.927858
0.925532
0.926686
0.928391
0.927895
0.916667
0.918605
0.919118
0.925676
0.897436
0.916667
0.92233
0.923077
0.928442
0.92
0.919118
0.92847
0.92053
0.925134
0.926952
0.925581
0.92233
0.924342
0.92029
0.926357
0.928485
0.928356
0.927759
0.926199
0.923387
0.925566
0.924342
0.92834
0.894737
0.894737
0.894737
0.894737
0.907407
0.921053
0.921875
0.9
0.9125
0.903846
0.9
0.903846
0.894737
0.903846
0.909091
0.927958
0.9125
0.921875
0.909091
0.927549
0.926316
0.907407
0.904762
0.910714
0.904762
0.925602
0.926796
0.909091
0.92029
0.926108
0.92637
0.911765
0.903846
0.909091
0.894737
0.923913
0.897436
0.907692
0.926761
0.911765
0.927512
0.927215
0.9125
0.9
0.894737
0.903846
0.894737
0.926901
0.894737
0.894737
0.9
0.903846
0.903846
0.909091
0.925926
0.897436
0.914894
0.926214
0.921053
0.920732
0.928139
0.927145
0.924342
0.92268
0.918182
0.904762
0.92
0.920732
0.9
0.909091
0.928507
0.916667
0.914634
0.90566
0.894737
0.894737
0.9125
0.909091
0.903846
0.894737
0.914894
0.907407
0.894737
0.923497
0.92
0.928355
0.894737
0.894737
0.907407
0.9125
0.928269
0.928018
0.928436
0.911765
0.894737
0.924138
0.914634
0.914894
0.903846
0.894737
0.894737
0.910714
0.9
0.9125
0.921875
0.926396
0.894737
0.888889
0.916667
0.924342
0.924855
0.928085
0.927632
0.927096
0.928286
0.92803
0.927778
0.92
0.903846
0.909091
0.925581
0.923913
0.907407
0.921348
0.926686
0.926796
0.921788
0.923729
0.9125
0.909091
0.92828
0.926923
0.909091
0.903846
0.914894
0.921348
0.9
0.925258
0.925373
0.903846
0.927174
0.903846
0.918033
0.90566
0.903846
0.926259
0.919118
0.897436
0.925373
0.926724
0.927867
0.9125
0.894737
0.926562
0.925
0.894737
0.926893
0.928275
0.921348
0.928074
0.928027
0.918033
0.909091
0.914894
0.92
0.92607
0.923529
0.928247
0.928268
0.9125
0.894737
0.916667
0.916667
0.916667
0.928063
0.90566
0.922727
0.919118
0.923664
0.92795
0.926421
0.909091
0.921687
0.919118
0.928209
0.92268
0.909091
0.920732
0.911765
0.92735
0.928314
0.923729
0.924528
0.927945
0.927948
0.918182
0.916667
0.909091
0.923729
0.9125
0.918033
0.921053
0.927215
0.894737
0.903846
0.909091
0.921875
0.923077
0.923913
0.91358
0.925595
0.910448
0.92719
0.909091
0.919708
0.927597
0.927536
0.928044
0.892857
0.909091
0.92
0.892857
0.918033
0.907407
0.913793
0.928283
0.9273
0.9125
0.923423
0.914894
0.894737
0.894737
0.909091
0.894737
0.903846
0.90566
0.9125
0.894737
0.903846
0.921348
0.923913
0.917431
0.909091
0.903846
0.894737
0.92053
0.913793
0.9
0.924528
0.9125
0.894737
0.894737
0.919355
0.894737
0.909091
0.922535
0.894737
0.928226
0.928212
0.92623
0.927273
0.928086
0.927381
0.921348
0.894737
0.918033
0.914894
0.90566
0.928127
0.927723
0.92
0.927826
0.915493
0.894737
0.927405
0.897436
0.903846
0.909091
0.926471
0.9
0.928428
0.928412
0.928477
0.922535
0.922727
0.915493
0.914894
0.921875
0.909091
0.923387
0.922078
0.928433
0.92268
0.9
0.915493
0.894737
0.894737
0.897436
0.897436
0.9125
0.909091
0.897436
0.926316
0.925
0.903846
0.909091
0.894737
0.894737
0.894737
0.9
0.894737
0.9
0.923729
0.921687
0.903846
0.909091
0.92
0.894737
0.918605
0.928131
0.927107
0.903846
0.903846
0.92
0.894737
0.903846
0.916667
0.894737
0.894737
0.922727
0.924658
0.894737
0.914894
0.903846
0.894737
0.92228
0.913043
0.903846
0.92739
0.903846
0.928366
0.928381
0.907407
0.90566
0.884615
0.919643
0.903846
0.922727
0.922727
0.919118
0.910714
0.903846
0.894737
0.894737
0.909091
0.894737
0.926647
0.928144
0.918033
0.925258
0.923077
0.921875
0.919118
0.9125
0.924399
0.9125
0.914634
0.919118
0.894737
0.928467
0.921053
0.927966
0.925481
0.903846
0.920792
0.909091
0.914894
0.920732
0.927945
0.903846
0.927342
0.928058
0.9125
0.926036
0.918699
0.925764
0.928095
0.914894
0.925134
0.923387
0.903846
0.918033
0.914894
0.916667
0.909091
0.915789
0.918182
0.919118
0.928357
0.925676
0.928508
0.9
0.909091
0.894737
0.894737
0.903846
0.9125
0.9125
0.920732
0.925134
0.919355
0.923077
0.9125
0.894737
0.894737
0.903846
0.894737
0.909091
0.90566
0.919118
0.916667
0.9125
0.9125
0.907407
0.909091
0.916667
0.923664
0.928459
0.897436
0.914894
0.924855
0.928494
0.909091
0.897436
0.918182
0.9125
0.927152
0.916667
0.918182
0.9
0.894737
0.894737
0.928378
0.914894
0.919708
0.926829
0.914894
0.894737
0.894737
0.919708
0.894737
0.909091
0.903846
0.903846
0.918033
0.894737
0.894737
0.903846
0.914894
0.928085
0.926136
0.91358
0.92713
0.922727
0.911765
0.9125
0.910448
0.928108
0.927059
0.923423
0.909091
0.90566
0.903846
0.903846
0.903846
0.924855
0.928228
0.924855
0.916667
0.92
0.909091
0.92
0.903846
0.92053
0.894737
0.9125
0.918605
0.922535
0.920732
0.916667
0.923077
0.894737
0.9125
0.92029
0.909091
0.923913
0.927879
0.923954
0.909091
0.894737
0.903846
0.923664
0.909091
0.927896
0.928049
0.914894
0.9
0.907407
0.894737
0.9125
0.928138
0.925847
0.903846
0.903846
0.914894
0.9125
0.894737
0.903846
0.922727
0.9
0.914894
0.926606
0.921875
0.894737
0.9
0.911765
0.913793
0.894737
0.884615
0.921875
0.907407
0.916667
0.916667
0.92381
0.928378
0.894737
0.926136
0.894737
0.88
0.92437
0.922078
0.927711
0.909091
0.928409
0.925926
0.928471
0.921212
0.894737
0.92711
0.926316
0.926
0.919118
0.927771
0.925414
0.921875
0.909091
0.894737
0.92654
0.924699
0.921875
0.916667
0.920732
0.92832
0.928338
0.909091
0.9125
0.924242
0.894737
0.9
0.907407
0.909091
0.894737
0.894737
0.903846
0.928247
0.925581
0.925926
0.927474
0.918033
0.903846
0.894737
0.926573
0.926276
0.923387
0.914894
0.907407
0.903846
0.894737
0.903846
0.903846
0.923077
0.923077
0.925926
0.918033
0.928155
0.897436
0.903846
0.894737
0.897436
0.903846
0.914894
0.921875
0.926952
0.909091
0.92
0.928488
0.924
0.921875
0.923664
0.92
0.924528
0.9125
0.92739
0.927152
0.928211
0.92
0.92619
0.927419
0.888889
0.916667
0.928379
0.918699
0.918033
0.928183
0.928188
0.9125
0.928289
0.9125
0.909091
0.918033
0.927007
0.914894
0.923913
0.919118
0.9125
0.925676
0.921875
0.921348
0.914894
0.920732
0.903846
0.92713
0.92233
0.92
0.926606
0.916667
0.928482
0.894737
0.894737
0.904762
0.9125
0.9
0.894737
0.894737
0.894737
0.923664
0.926087
0.927885
0.925258
0.918033
0.911765
0.923497
0.909091
0.894737
0.92
0.924765
0.924342
0.914894
0.92268
0.928135
0.922078
0.923913
0.903846
0.918182
0.903846
0.894737
0.910448
0.921348
0.914894
0.903846
0.903846
0.923077
0.927996
0.903846
0.923729
0.9125
0.903846
0.923077
0.922222
0.914894
0.909091
0.914894
0.925134
0.923387
0.92233
0.924242
0.928181
0.928508
0.921212
0.924138
0.928528
0.903846
0.918182
0.922222
0.919118
0.914894
0.911765
0.903846
0.91954
0.923077
0.927957
0.920732
0.894737
0.903846
0.903846
0.907407
0.903846
0.903846
0.909091
0.92
0.909091
0.919643
0.926295
0.928037
0.921875
0.910714
0.90566
0.927007
0.926864
0.92268
0.903846
0.909091
0.894737
0.927405
0.926471
0.918605
0.928289
0.927863
0.924138
0.924855
0.92
0.9125
0.924812
0.926259
0.925373
0.927536
0.914894
0.9125
0.928025
0.927448
0.915888
0.924342
0.914894
0.914894
0.92126
0.92698
0.894737
0.916667
0.926761
0.903846
0.924528
0.92
0.923077
0.909091
0.9125
0.917431
0.928153
0.928336
0.926199
0.906977
0.903846
0.894737
0.9
0.924107
0.903846
0.894737
0.894737
0.894737
0.928233
0.925258
0.926136
0.909091
0.924242
0.928466
0.904762
0.894737
0.894737
0.909091
0.909091
0.9125
0.918033
0.921875
0.920732
0.927835
0.926667
0.928331
0.911765
0.909091
0.903846
0.924342
0.903846
0.923077
0.894737
0.903846
0.925258
0.909091
0.927448
0.919355
0.903846
0.904762
0.9125
0.924107
0.928446
0.922727
0.903846
0.926647
0.928509
0.924
0.920732
0.909091
0.903846
0.923077
0.903846
0.919118
0.92803
0.92789
0.916667
0.911765
0.909091
0.894737
0.909091
0.918605
0.919118
0.926421
0.920732
0.923077
0.914894
0.894737
0.894737
0.909091
0.924342
0.909091
0.9125
0.903846
0.894737
0.907407
0.9125
0.923858
0.92801
0.928347
0.92795
0.9125
0.9125
0.907407
0.925234
0.921875
0.897436
0.916667
0.903846
0.914634
0.92836
0.92835
0.9
0.90566
0.909091
0.9
0.909091
0.9125
0.903846
0.894737
0.928085
0.916667
0.926862
0.909091
0.894737
0.894737
0.894737
0.909091
0.919355
0.894737
0.925072
0.925581
0.903846
0.903846
0.928511
0.924837
0.903846
0.921348
0.913793
0.9
0.914894
0.894737
0.9
0.926862
0.921348
0.918033
0.925581
0.924138
0.903846
0.92233
0.911765
0.923077
0.925373
0.925134
0.919118
0.925926
0.92607
0.924528
0.903846
0.921875
0.927386
0.927843
0.928155
0.916667
0.92268
0.921687
0.922727
0.894737
0.9125
0.909091
0.9125
0.918033
0.925
0.919355
0.920732
0.92671
0.919355
0.897436
0.924342
0.927811
0.927342
0.927984
0.928481
0.92
0.923664
0.916667
0.916667
0.926724
0.921348
0.903846
0.927215
0.925926
0.910714
0.926796
0.9125
0.91358
0.92228
0.925258
0.92
0.928033
0.924242
0.928407
0.927804
0.918182
0.924138
0.919118
0.920732
0.92446
0.909091
0.919118
0.914894
0.920635
0.925581
0.923664
0.92233
0.916667
0.903846
0.924
0.920732
0.92268
0.921348
0.918033
0.922727
0.907407
0.915789
0.909091
0.903846
0.903846
0.92233
0.92233
0.909091
0.928362
0.909091
0.926121
0.92
0.909091
0.918033
0.92
0.926677
0.923077
0.927033
0.909091
0.927195
0.928196
0.928151
0.922705
0.919118
0.916667
0.903846
0.9125
0.903846
0.894737
0.903846
0.903846
0.920732
0.903846
0.921875
0.92
0.925714
0.928237
0.924342
0.903846
0.9125
0.914894
0.924303
0.920635
0.909091
0.926789
0.928517
0.9125
0.894737
0.903846
0.916667
0.928519
0.92
0.911765
0.911765
0.927174
0.909091
0.914286
0.918367
0.926667
0.904762
0.910714
0.922222
0.904762
0.928182
0.921875
0.9281
0.924138
0.894737
0.919118
0.909091
0.909091
0.909091
0.918033
0.911392
0.923077
0.926316
0.928396
0.904762
0.918605
0.924107
0.911765
0.910714
0.918182
0.926641
0.922619
0.927161
0.928005
0.919118
0.926339
0.927114
0.923387
0.928479
0.924855
0.927548
0.918699
0.927121
0.92809
0.926415
0.894737
0.894737
0.916667
0.92233
0.924765
0.921348
0.9
0.916667
0.909091
0.928489
0.924138
0.925676
0.916667
0.9125
0.894737
0.903846
0.9
0.9
0.914894
0.928476
0.926893
0.894737
0.914634
0.9125
0.894737
0.917647
0.927858
0.914894
0.903846
0.909091
0.924171
0.928208
0.923664
0.922619
0.928107
0.926756
0.919118
0.923077
0.916667
0.924837
0.925837
0.894737
0.894737
0.9
0.903846
0.9125
0.903846
0.910714
0.894737
0.918605
0.926923
0.903846
0.909091
0.913793
0.92713
0.903846
0.909091
0.927612
0.909091
0.923664
0.919118
0.9125
0.894737
0.9
0.904762
0.928325
0.9
0.903846
0.903846
0.9125
0.894737
0.903846
0.888889
0.909091
0.9125
0.92
0.903846
0.894737
0.894737
0.903846
0.928526
0.914894
0.894737
0.909091
0.916667
0.903846
0.907407
0.916667
0.903846
0.926036
0.928407
0.907407
0.9125
0.927581
0.92029
0.919355
0.923077
0.894737
0.903846
0.923664
0.884615
0.925764
0.909091
0.907407
0.903846
0.904762
0.9125
0.903846
0.894737
0.918033
0.927975
0.923387
0.92654
0.903846
0.92
0.911765
0.925764
0.911765
0.918033
0.903846
0.903846
0.894737
0.894737
0.906977
0.903846
0.894737
0.909091
0.907407
0.918033
0.894737
0.88
0.92381
0.92698
0.928295
0.928245
0.916667
0.918699
0.921348
0.916667
0.909091
0.92
0.928276
0.925824
0.9125
0.921875
0.914894
0.924242
0.909091
0.923664
0.894737
0.916667
0.921212
0.918033
0.909091
0.909091
0.9
0.894737
0.907407
0.903846
0.894737
0.9
0.921348
0.916667
0.909091
0.926036
0.921875
0.925
0.924342
0.92
0.926471
0.927785
0.92
0.903846
0.914894
0.894737
0.921348
0.914634
0.919118
0.922222
0.923077
0.903846
0.914634
0.916667
0.909091
0.869565
0.927308
0.903846
0.919118
0.9
0.92
0.909091
0.907407
0.92
0.921053
0.927858
0.925
0.927785
0.897436
0.923387
0.921053
0.914894
0.911765
0.92029
0.903846
0.894737
0.894737
0.909091
0.894737
0.9
0.909091
0.912281
0.903846
0.927438
0.928345
0.928482
0.923913
0.903846
0.894737
0.916667
0.928046
0.927449
0.911765
0.909091
0.927804
0.923387
0.927161
0.927869
0.928345
0.928136
0.923077
0.92
0.903846
0.897436
0.9125
0.920732
0.925481
0.92029
0.924242
0.91358
0.925764
0.923664
0.924138
0.911765
0.916667
0.909091
0.903846
0.912281
0.928398
0.928199
0.90566
0.921348
0.923913
0.926148
0.925373
0.92446
0.920732
0.894737
0.923387
0.894737
0.918033
0.894737
0.92053
0.915789
0.91358
0.909091
0.925926
0.923077
0.914894
0.904762
0.928371
0.923387
0.9273
0.92846
0.927212
0.916667
0.927602
0.92852
0.903846
0.914894
0.903846
0.894737
0.894737
0.909091
0.916667
0.921687
0.911765
0.913043
0.923404
0.923077
0.919708
0.923387
0.919355
0.924528
0.927397
0.92637
0.928542
0.92
0.921875
0.927291
0.909091
0.923664
0.916667
0.923404
0.914894
0.918182
0.916667
0.894737
0.894737
0.907407
0.903846
0.916667
0.909091
0.909091
0.897436
0.914894
0.920732
0.920732
0.923695
0.925208
0.92
0.897436
0.903846
0.927749
0.916667
0.909091
0.909091
0.919355
0.9125
0.923423
0.928476
0.928436
0.921875
0.894737
0.928411
0.9
0.928462
0.894737
0.903846
0.92233
0.901961
0.894737
0.924
0.923664
0.916667
0.925134
0.894737
0.92
0.894737
0.9
0.927957
0.925566
0.894737
0.903846
0.924342
0.924779
0.909091
0.907407
0.919355
0.920732
0.914634
0.909091
0.920732
0.924138
0.9
0.922727
0.903846
0.903846
0.894737
0.894737
0.903846
0.928219
0.918033
0.918033
0.919118
0.928208
0.924528
0.911765
0.925558
0.928545
0.928475
0.926396
0.914286
0.927195
0.909091
0.9125
0.92233
0.92029
0.928558
0.910448
0.923077
0.914894
0.894737
0.928157
0.927174
0.894737
0.894737
0.923695
0.927481
0.924812
0.925481
0.9125
0.925
0.911765
0.903846
0.9
0.921348
0.894737
0.9125
0.923077
0.909091
0.92756
0.894737
0.894737
0.894737
0.903846
0.894737
0.926829
0.923729
0.92233
0.92381
0.92268
0.927059
0.903846
0.92671
0.928391
0.916667
0.914634
0.921875
0.928331
0.915789
0.923913
0.923529
0.921348
0.913043
0.924528
0.928496
0.9
0.917431
0.92
0.916667
0.920732
0.909091
0.909091
0.924925
0.922727
0.903846
0.894737
0.922727
0.928498
0.909091
0.925258
0.894737
0.903846
0.894737
0.894737
0.923077
0.894737
0.919118
0.918699
0.9284
0.909091
0.927174
0.924699
0.894737
0.919355
0.926606
0.921348
0.9
0.911765
0.909091
0.894737
0.909091
0.926295
0.921212
0.92053
0.918605
0.923913
0.926
0.90566
0.926471
0.897436
0.918033
0.923954
0.909091
0.922222
0.894737
0.923913
0.894737
0.9
0.894737
0.894737
0.888889
0.918367
0.894737
0.926606
0.907407
0.894737
0.894737
0.894737
0.909091
0.894737
0.911765
0.907407
0.903846
0.897436
0.912281
0.916667
0.921875
0.924342
0.903846
0.925
0.9125
0.914286
0.924138
0.924242
0.917647
0.927235
0.92852
0.9125
0.909091
0.924658
0.919355
0.894737
0.913793
0.925197
0.9125
0.903846
0.903846
0.909091
0.9
0.910714
0.917431
0.927914
0.907407
0.917526
0.921875
0.894737
0.909091
0.9125
0.926686
0.909091
0.923387
0.894737
0.909091
0.884615
0.916667
0.913793
0.903846
0.903846
0.921739
0.92233
0.92029
0.924242
0.923077
0.894737
0.894737
0.903846
0.894737
0.894737
0.910448
0.928122
0.92
0.914894
0.925373
0.818182
0.928505
0.926415
0.923077
0.894737
0.919118
0.903846
0.90566
0.916667
0.894737
0.903846
0.903846
0.909091
0.916667
0.9
0.903846
0.894737
0.911765
0.9125
0.9
0.894737
0.914894
0.911765
0.914634
0.916667
0.926199
0.923387
0.916667
0.918033
0.921348
0.924699
0.92
0.927195
0.920732
0.907407
0.916667
0.918033
0.909091
0.924528
0.925926
0.917808
0.928549
0.924242
0.894737
0.923077
0.916667
0.924242
0.91358
0.927326
0.928086
0.927742
0.9
0.894737
0.894737
0.925926
0.925532
0.92654
0.9125
0.919118
0.926647
0.928547
0.928486
0.92836
0.91358
0.919118
0.92228
0.915663
0.897436
0.924528
0.924342
0.909091
0.903846
0.923664
0.894737
0.897436
0.9125
0.925287
0.90566
0.92856
0.927487
0.919355
0.923077
0.9125
0.897436
0.916667
0.925
0.894737
0.919118
0.918033
0.928474
0.894737
0.92
0.928526
0.9
0.928563
0.909091
0.894737
0.894737
0.920732
0.894737
0.909091
0.919118
0.92616
0.923664
0.924528
0.916667
0.907407
0.926
0.903846
0.923913
0.909091
0.92
0.926901
0.926978
0.925072
0.917431
0.90566
0.92233
0.917431
0.9125
0.894737
0.914894
0.923664
0.912281
0.9125
0.903846
0.916667
0.894737
0.911765
0.888889
0.924242
0.918605
0.925532
0.9125
0.915254
0.918699
0.897436
0.92804
0.906977
0.9125
0.903846
0.927835
0.921875
0.918033
0.903846
0.894737
0.903846
0.909091
0.891892
0.927471
0.927548
0.913793
0.903846
0.894737
0.9
0.918033
0.9
0.927176
0.928298
0.928564
0.906977
0.894737
0.896552
0.915493
0.914894
0.896552
0.928266
0.922222
0.90566
0.922727
0.928491
0.927044
0.914894
0.909091
0.914894
0.926518
0.916667
0.922581
0.919118
0.924528
0.928448
0.910714
0.926407
0.923077
0.926415
0.914894
0.894737
0.912281
0.894737
0.897436
0.894737
0.894737
0.894737
0.9
0.894737
0.903846
0.922535
0.928188
0.915493
0.909091
0.9
0.92446
0.923695
0.916667
0.894737
0.916667
0.90566
0.923077
0.928265
0.909091
0.924138
0.903846
0.9
0.903846
0.892857
0.894737
0.896552
0.9
0.92233
0.912281
0.912281
0.918182
0.911111
0.909091
0.894737
0.894737
0.9
0.903846
0.894737
0.894737
0.90566
0.926562
0.92721
0.925816
0.92233
0.888889
0.928385
0.927083
0.924242
0.924138
0.918033
0.894737
0.894737
0.912281
0.9273
0.923387
0.916667
0.92228
0.916667
0.894737
0.919118
0.9
0.915789
0.9125
0.921212
0.924528
0.925267
0.918033
0.917431
0.9
0.894737
0.925267
0.928113
0.921687
0.921788
0.907407
0.903846
0.894737
0.894737
0.894737
0.903846
0.909091
0.927419
0.9
0.925764
0.923729
0.928303
0.909091
0.928512
0.912281
0.894737
0.9
0.894737
0.906977
0.903846
0.91358
0.924658
0.906977
0.896552
0.9
0.892857
0.897436
0.924342
0.903846
0.884615
0.903846
0.903846
0.916667
0.907407
0.914894
0.903846
0.909091
0.9125
0.894737
0.894737
0.907407
0.9
0.916667
0.909091
0.923077
0.922581
0.897436
0.9
0.922481
0.923077
0.9275
0.927859
0.9125
0.926562
0.927059
0.926606
0.92
0.922619
0.903846
0.9
0.909091
0.914894
0.9125
0.894737
0.894737
0.897436
0.903846
0.9125
0.917431
0.924855
0.909091
0.909091
0.921212
0.907407
0.909091
0.894737
0.92029
0.91358
0.910714
0.9
0.919118
0.907407
0.918367
0.903846
0.9125
0.916667
0.916667
0.9
0.9125
0.921348
0.923077
0.903846
0.921788
0.907407
0.915789
0.916667
0.909091
0.921348
0.894737
0.894737
0.911765
0.926686
0.92
0.924925
0.894737
0.922727
0.892857
0.920635
0.914286
0.904762
0.918033
0.925676
0.906977
0.909091
0.903846
0.909091
0.926316
0.894737
0.894737
0.903846
0.9
0.894737
0.894737
0.918033
0.925847
0.894737
0.925743
0.927992
0.924107
0.927858
0.921788
0.926421
0.894737
0.897436
0.918182
0.894737
0.911765
0.919355
0.925843
0.925676
0.92844
0.903846
0.910448
0.924242
0.925
0.904762
0.924242
0.903846
0.916667
0.925558
0.927937
0.924399
0.927448
0.903846
0.894737
0.903846
0.914634
0.924658
0.914894
0.903846
0.894737
0.894737
0.907407
0.915789
0.914894
0.92698
0.927215
0.9
0.903846
0.9125
0.894737
0.909091
0.919118
0.9
0.909091
0.897436
0.909091
0.88
0.921348
0.903846
0.925373
0.9125
0.926952
0.918033
0.894737
0.894737
0.9
0.903846
0.894737
0.897436
0.914894
0.923664
0.894737
0.897436
0.928303
0.928022
0.911765
0.894737
0.92233
0.924342
0.922727
0.915789
0.914894
0.921053
0.903846
0.903846
0.903846
0.919355
0.923387
0.9125
0.9125
0.903846
0.919355
0.909091
0.927731
0.910448
0.92
0.920732
0.9281
0.917431
0.928
0.927474
0.925333
0.921212
0.923077
0.926778
0.924699
0.894737
0.921788
0.911765
0.918367
0.903846
0.907407
0.919355
0.903846
0.894737
0.919118
0.897436
0.920732
0.90566
0.926471
0.925697
0.925581
0.928394
0.928125
0.927547
0.914286
0.919118
0.90566
0.92
0.903846
0.914894
0.926957
0.914286
0.92845
0.903846
0.894737
0.906977
0.916667
0.922078
0.903846
0.916667
0.923664
0.903846
0.9
0.894737
0.894737
0.903846
0.921739
0.9125
0.919708
0.918033
0.914894
0.918182
0.921875
0.925267
0.903846
0.894737
0.923664
0.903846
0.909091
0.919118
0.916667
0.928385
0.92
0.909091
0.921348
0.918033
0.9125
0.925134
0.903846
0.921348
0.909091
0.918033
0.920354
0.923664
0.903846
0.925301
0.928225
0.903846
0.923858
0.911765
0.9125
0.894737
0.904762
0.90566
0.916667
0.927703
0.903846
0.92
0.919355
0.927835
0.928521
0.927083
0.920732
0.923387
0.927749
0.924603
0.894737
0.916667
0.925714
0.92671
0.924342
0.894737
0.903846
0.928317
0.902439
0.928565
0.909091
0.92851
0.928516
0.912281
0.915493
0.903846
0.92
0.882353
0.927591
0.928534
0.925267
0.915789
0.909091
0.927524
0.894737
0.92
0.914894
0.922581
0.927107
0.894737
0.909091
0.909091
0.903846
0.923077
0.918033
0.894737
0.894737
0.906977
0.911765
0.894737
0.92029
0.903846
0.918033
0.9125
0.897436
0.92029
0.92
0.914894
0.909091
0.903846
0.909091
0.925234
0.916667
0.914894
0.920732
0.914894
0.926136
0.906977
0.894737
0.894737
0.894737
0.907407
0.923913
0.927602
0.917647
0.921875
0.916667
0.926829
0.92029
0.923977
0.926923
0.894737
0.894737
0.894737
0.9
0.903846
0.894737
0.916667
0.927107
0.920863
0.928527
0.903846
0.904762
0.920732
0.903846
0.903846
0.91358
0.925816
0.926121
0.920354
0.909091
0.896552
0.921875
0.928473
0.909091
0.909091
0.926893
0.897436
0.926931
0.920635
0.92856
0.918182
0.917647
0.894737
0.911765
0.909091
0.894737
0.904762
0.928241
0.911765
0.911765
0.894737
0.894737
0.916667
0.921986
0.833333
0.928458
0.928443
0.925373
0.917647
0.894737
0.923858
0.927863
0.911052
0.815789
0.815789
0.815789
0.84507
0.838235
0.838235
0.855892
0.833333
0.916667
0.916667
0.903846
0.90566
0.894737
0.909091
0.894737
0.921053
0.903846
0.903846
0.894737
0.894737
0.904762
0.90566
0.928392
0.897436
0.92
0.919355
0.921986
0.927033
0.91358
0.914894
0.921348
0.919118
0.894737
0.894737
0.909091
0.894737
0.911765
0.92607
0.894737
0.897436
0.914286
0.903846
0.903846
0.894737
0.909091
0.894737
0.9
0.92
0.903846
0.9125
0.92029
0.910714
0.909091
0.909091
0.921875
0.907407
0.923387
0.914894
0.913793
0.894737
0.909091
0.894737
0.894737
0.897436
0.894737
0.894737
0.922535
0.927233
0.903846
0.923077
0.903846
0.903846
0.916667
0.919118
0.903846
0.894737
0.894737
0.903846
0.926752
0.916667
0.924528
0.927374
0.903846
0.903846
0.903846
0.894737
0.9
0.907407
0.928161
0.903846
0.924107
0.894737
0.9
0.909091
0.916667
0.916667
0.923077
0.914894
0.894737
0.894737
0.9
0.894737
0.894737
0.909091
0.92
0.919118
0.926136
0.92623
0.921875
0.9
0.894737
0.919118
0.894737
0.894737
0.916667
0.9
0.906977
0.903846
0.894737
0.903846
0.909091
0.921053
0.925
0.910714
0.9
0.907407
0.911765
0.903846
0.9
0.9
0.914634
0.894737
0.894737
0.897436
0.926829
0.926952
0.894737
0.894737
0.897436
0.927168
0.92381
0.903846
0.92126
0.928181
0.903846
0.926518
0.921875
0.894737
0.9
0.921053
0.925676
0.924699
0.925847
0.894737
0.894737
0.907407
0.894737
0.897436
0.926791
0.894737
0.903846
0.894737
0.894737
0.903846
0.916667
0.9
0.916667
0.894737
0.897436
0.918699
0.917431
0.926415
0.919118
0.9
0.897436
0.894737
0.897436
0.894737
0.92268
0.92
0.897436
0.873684
0.923729
0.867371
0.849206
0.815789
0.826923
0.830189
0.826923
0.833333
0.85
0.848684
0.848315
0.854167
0.842105
0.8571
0.840426
0.815789
0.815789
0.8375
0.845588
0.833333
0.847059
0.847561
0.856357
0.85
0.8375
0.851735
0.856826
0.849558
0.842593
0.865574
0.847059
0.815789
0.837209
0.844262
0.849515
0.840426
0.825
0.815789
0.826923
0.815789
0.826923
0.833333
0.840426
0.825
0.826923
0.815789
0.842105
0.837209
0.815789
0.854386
0.85614
0.844262
0.854478
0.848958
0.844262
0.815789
0.815789
0.814815
0.849741
0.840426
0.825
0.833333
0.820513
0.826923
0.826923
0.833333
0.820513
0.826923
0.815789
0.815789
0.815789
0.855994
0.844262
0.845528
0.846667
0.833333
0.825
0.815789
0.855172
0.815789
0.826923
0.8375
0.845528
0.840426
0.815789
0.815789
0.833333
0.854369
0.851064
0.852601
0.853234
0.820513
0.833333
0.8375
0.838235
0.856262
0.851562
0.849515
0.815789
0.825
0.826923
0.837209
0.840426
0.815789
0.75
0.928392
0.9
0.916667
0.903846
0.894737
0.909091
0.894737
0.9125
0.897436
0.903846
0.922222
0.920732
0.894737
0.894737
0.913793
0.919118
0.903846
0.928072
0.92808
0.896552
0.9
0.922222
0.92797
0.870499
0.854167
0.856339
0.854633
0.846667
0.848315
0.815789
0.815789
0.815789
0.8
0.845238
0.815789
0.815789
0.825
0.826923
0.854701
0.85241
0.815789
0.815789
0.833333
0.847826
0.815789
0.845588
0.852201
0.815789
0.844262
0.857143
0.85631
0.815789
0.815789
0.815789
0.820513
0.826923
0.826923
0.826923
0.838235
0.852
0.851449
0.853488
0.849398
0.855641
0.855231
0.826923
0.84375
0.815789
0.8375
0.849206
0.815789
0.815789
0.826923
0.815789
0.815789
0.845528
0.854291
0.852853
0.839506
0.856516
0.855568
0.856496
0.855407
0.854864
0.85588
0.853933
0.852234
0.847561
0.815789
0.815789
0.826923
0.815789
0.849206
0.848958
0.815789
0.826923
0.851724
0.854772
0.829268
0.854839
0.815789
0.833333
0.826923
0.815789
0.833333
0.842593
0.826923
0.847826
0.840426
0.853333
0.8375
0.8375
0.820513
0.857143
0.854348
0.855578
0.815789
0.815789
0.827586
0.830189
0.820513
0.840426
0.854972
0.851724
0.851145
0.855599
0.846667
0.848958
0.847561
0.849741
0.846667
0.837209
0.851145
0.846667
0.842105
0.853933
0.842105
0.8375
0.785714
0.856316
0.842593
0.855919
0.853828
0.845588
0.845238
0.840426
0.815789
0.826923
0.833333
0.854369
0.85468
0.856397
0.815789
0.833333
0.853557
0.856845
0.815789
0.820513
0.854
0.827586
0.854317
0.825
0.8375
0.815789
0.852459
0.847561
0.815789
0.815789
0.844262
0.857003
0.826923
0.815789
0.815789
0.815789
0.815789
0.820513
0.815789
0.842593
0.833333
0.847561
0.85
0.840426
0.815789
0.820513
0.8375
0.826923
0.8375
0.833333
0.815789
0.815789
0.815789
0.815789
0.826923
0.830189
0.848485
0.840426
0.830189
0.833333
0.815789
0.851351
0.837209
0.825
0.833333
0.815789
0.820513
0.8375
0.815789
0.85
0.826923
0.856919
0.840909
0.849162
0.846774
0.8375
0.826923
0.825
0.849162
0.85
0.849162
0.815789
0.830189
0.845588
0.820513
0.833333
0.815789
0.856216
0.851351
0.833333
0.849162
0.847826
0.847561
0.820513
0.815789
0.815789
0.833333
0.815789
0.815789
0.8375
0.815789
0.844828
0.839506
0.840426
0.825
0.825
0.815789
0.815789
0.820513
0.851145
0.826923
0.8375
0.820513
0.853933
0.850515
0.844262
0.840426
0.815789
0.826923
0.815789
0.815789
0.815789
0.815789
0.846715
0.856303
0.840426
0.854864
0.854688
0.836364
0.842105
0.852201
0.8375
0.842593
0.815789
0.815789
0.844828
0.835821
0.85241
0.815789
0.855172
0.833333
0.842593
0.841121
0.849398
0.8375
0.844262
0.826923
0.826923
0.853535
0.854688
0.815789
0.826923
0.815789
0.815789
0.815789
0.854962
0.8375
0.855263
0.845455
0.835821
0.856908
0.856671
0.825
0.825
0.855989
0.838235
0.826923
0.815789
0.825
0.8375
0.815789
0.815789
0.826923
0.826923
0.852778
0.826923
0.815789
0.825
0.833333
0.840426
0.830189
0.826923
0.814815
0.840426
0.848214
0.857143
0.833333
0.727273
0.857123
0.856973
0.815789
0.833333
0.8375
0.840426
0.815789
0.842593
0.833333
0.852792
0.842105
0.852792
0.855324
0.830189
0.848315
0.846667
0.833333
0.846667
0.846667
0.837209
0.857143
0.815789
0.815789
0.837209
0.842105
0.833333
0.921348
0.921986
0.927677
0.927536
0.927597
0.924171
0.897436
0.894737
0.9
0.909091
0.897436
0.917431
0.915493
0.896552
0.927771
0.919355
0.903846
0.914894
0.924855
0.925714
0.909091
0.894737
0.894737
0.894737
0.894737
0.894737
0.903846
0.920354
0.926952
0.894737
0.919192
0.912281
0.911765
0.921875
0.92029
0.906977
0.92
0.896552
0.92
0.9125
0.894737
0.904762
0.926901
0.903846
0.903846
0.914286
0.894737
0.903846
0.894737
0.894737
0.897436
0.842593
0.815789
0.849558
0.844262
0.846715
0.857105
0.826923
0.815789
0.853933
0.840426
0.826923
0.837209
0.827586
0.833333
0.8375
0.833333
0.815789
0.815789
0.826923
0.851064
0.815789
0.8567
0.846667
0.833333
0.847458
0.815789
0.666667
0.856786
0.815789
0.827586
0.853488
0.845588
0.826923
0.825
0.840426
0.815789
0.826923
0.815789
0.837209
0.840426
0.833333
0.815789
0.815789
0.842105
0.851064
0.840426
0.857127
0.8375
0.835821
0.844262
0.845588
0.820513
0.847561
0.848958
0.815789
0.820513
0.815789
0.815789
0.815789
0.825
0.815789
0.820513
0.825
0.815789
0.815789
0.833333
0.840426
0.820513
0.826923
0.821429
0.847458
0.854641
0.856637
0.854237
0.826923
0.841463
0.849741
0.833333
0.844262
0.815789
0.815789
0.815789
0.833333
0.845588
0.840426
0.820513
0.856624
0.833333
0.815789
0.833333
0.825
0.827586
0.815789
0.815789
0.833333
0.815789
0.842593
0.827586
0.815789
0.8375
0.815789
0.837209
0.820513
0.8375
0.848837
0.815789
0.825
0.833333
0.85
0.846939
0.835821
0.825
0.815789
0.825
0.841463
0.835821
0.815789
0.846667
0.8375
0.815789
0.826923
0.845588
0.8375
0.825
0.846939
0.854396
0.826923
0.849206
0.815789
0.85
0.840426
0.830189
0.825
0.838235
0.820513
0.815789
0.815789
0.848485
0.845455
0.826923
0.835821
0.839506
0.842593
0.815789
0.820513
0.840426
0.820513
0.820513
0.838235
0.815789
0.815789
0.815789
0.815789
0.820513
0.845588
0.815789
0.815789
0.815789
0.833333
0.815789
0.854512
0.849515
0.842105
0.855
0.856481
0.855263
0.85656
0.853814
0.840909
0.844262
0.825
0.820513
0.826923
0.820513
0.854086
0.842593
0.839506
0.826923
0.810811
0.8375
0.815789
0.825
0.84507
0.826923
0.847059
0.842105
0.85
0.85
0.85
0.791667
0.842105
0.826923
0.856358
0.815789
0.815789
0.826923
0.825
0.851974
0.852941
0.851351
0.830189
0.826923
0.8375
0.844037
0.845588
0.833333
0.815789
0.826923
0.854839
0.835821
0.815789
0.854386
0.833333
0.842857
0.857143
0.84
0.928263
0.916667
0.894737
0.903846
0.92268
0.903846
0.894737
0.897436
0.903846
0.903846
0.894737
0.909091
0.921875
0.9
0.9
0.9
0.906977
0.911765
0.894737
0.906977
0.897436
0.92233
0.903846
0.917647
0.909091
0.904762
0.9
0.922222
0.903846
0.9
0.897436
0.903846
0.91358
0.916667
0.919192
0.894737
0.894737
0.9
0.903846
0.920732
0.894737
0.909091
0.92233
0.894737
0.894737
0.906977
0.921986
0.909091
0.914894
0.903846
0.911765
0.916667
0.848485
0.825
0.815789
0.815789
0.827586
0.826923
0.815789
0.835821
0.845588
0.820513
0.833333
0.855037
0.857019
0.855925
0.825
0.815789
0.820513
0.855407
0.851145
0.827586
0.833333
0.826923
0.854167
0.815789
0.833333
0.8375
0.852201
0.850806
0.815789
0.833333
0.844262
0.842105
0.825
0.833333
0.815789
0.815789
0.840909
0.851695
0.8375
0.827586
0.815789
0.840909
0.848315
0.840909
0.845588
0.815789
0.815789
0.815789
0.837209
0.826923
0.820513
0.837209
0.815789
0.825
0.820513
0.848485
0.833333
0.833333
0.827586
0.825
0.826923
0.84375
0.830189
0.833333
0.837209
0.855051
0.848485
0.842105
0.815789
0.815789
0.827586
0.842105
0.852234
0.833333
0.844262
0.842105
0.855919
0.833333
0.835821
0.815789
0.852941
0.815789
0.855556
0.85
0.815789
0.825
0.85
0.815789
0.820513
0.849558
0.815789
0.815789
0.8375
0.826923
0.830189
0.851064
0.846847
0.845588
0.8375
0.842593
0.851064
0.8375
0.8375
0.827586
0.815789
0.8375
0.815789
0.830769
0.855615
0.847059
0.8375
0.826923
0.815789
0.815789
0.835821
0.856134
0.85
0.833333
0.8375
0.855717
0.8
0.826923
0.851145
0.8375
0.847561
0.826923
0.842593
0.825
0.837209
0.849558
0.826923
0.815789
0.815789
0.833333
0.815789
0.853026
0.842593
0.833333
0.829268
0.848958
0.815789
0.833333
0.8375
0.815789
0.815789
0.8375
0.815789
0.815789
0.840909
0.856981
0.838235
0.830189
0.815789
0.815789
0.815789
0.833333
0.842857
0.826923
0.815789
0.815789
0.826923
0.815789
0.826923
0.833333
0.856369
0.853868
0.855294
0.855096
0.826923
0.815789
0.833333
0.820513
0.839506
0.815789
0.825
0.815789
0.815789
0.821429
0.84375
0.833333
0.842857
0.815789
0.855263
0.848958
0.853093
0.791667
0.85
0.815789
0.833333
0.815789
0.826923
0.842593
0.852564
0.856569
0.833333
0.826923
0.815789
0.841463
0.842593
0.820513
0.820513
0.845588
0.844262
0.815789
0.815789
0.820513
0.826923
0.847561
0.840909
0.833333
0.7
0.857136
0.853488
0.855769
0.815789
0.830189
0.846667
0.851974
0.815789
0.825
0.840426
0.833333
0.815789
0.8375
0.833333
0.815789
0.838235
0.815789
0.848485
0.837209
0.848315
0.826923
0.855576
0.8
0.844262
0.826923
0.827586
0.851064
0.840426
0.825
0.855294
0.85241
0.852778
0.854515
0.853081
0.853814
0.854037
0.85709
0.833333
0.848485
0.845238
0.856727
0.821429
0.855051
0.815789
0.835821
0.833333
0.821429
0.815789
0.833333
0.837209
0.856278
0.840909
0.821429
0.821429
0.855784
0.833333
0.820513
0.815789
0.854167
0.856966
0.848315
0.815789
0.821429
0.807692
0.833333
0.837209
0.857103
0.84507
0.842105
0.848485
0.842105
0.845588
0.855556
0.814815
0.851613
0.837209
0.839286
0.666667
0.857133
0.827586
0.857143
0.826923
0.815789
0.815789
0.827586
0.821429
0.827586
0.836364
0.833333
0.8375
0.851485
0.853365
0.833333
0.8375
0.851064
0.818182
0.870128
0.854839
0.852941
0.85625
0.826923
0.833333
0.833333
0.815789
0.833333
0.851724
0.846667
0.848958
0.815789
0.826923
0.826923
0.837209
0.815789
0.827586
0.820513
0.833333
0.833333
0.8375
0.821429
0.854369
0.837209
0.826923
0.842593
0.825
0.8375
0.853712
0.8375
0.826923
0.815789
0.815789
0.826923
0.826923
0.826923
0.842857
0.815789
0.844262
0.833333
0.835821
0.815789
0.815789
0.815789
0.826923
0.833333
0.815789
0.826923
0.815789
0.815789
0.826923
0.815789
0.820513
0.826923
0.8
0.839286
0.856796
0.826923
0.85
0.854167
0.820513
0.833333
0.815789
0.825
0.842593
0.815789
0.826923
0.815789
0.833333
0.826923
0.826923
0.815789
0.833333
0.841463
0.847561
0.842593
0.815789
0.845588
0.826923
0.815789
0.837209
0.84375
0.842105
0.84375
0.85
0.845238
0.8375
0.847561
0.856997
0.84375
0.85
0.791667
0.791667
0.833333
0.815789
0.853234
0.856853
0.815789
0.827586
0.837209
0.842105
0.833333
0.825
0.856164
0.846667
0.815789
0.8
0.84375
0.848315
0.826923
0.842105
0.854839
0.850962
0.838235
0.826923
0.840426
0.825
0.851064
0.855944
0.855895
0.815789
0.838235
0.815789
0.844262
0.833333
0.8375
0.815789
0.848485
0.827586
0.852941
0.826923
0.842105
0.826923
0.85
0.727273
0.857089
0.852792
0.848485
0.840426
0.826923
0.826923
0.821429
0.852601
0.857122
0.853933
0.826923
0.815789
0.833333
0.833333
0.815789
0.833333
0.848214
0.826923
0.846667
0.820513
0.851724
0.825
0.840426
0.815789
0.851695
0.815789
0.815789
0.833333
0.847561
0.826923
0.856894
0.8375
0.826923
0.833333
0.844444
0.842105
0.815789
0.815789
0.833333
0.826923
0.840426
0.852941
0.849515
0.850242
0.818182
0.918182
0.903846
0.924658
0.926573
0.921348
0.9125
0.9125
0.920354
0.916667
0.903846
0.909091
0.91358
0.916667
0.894737
0.910448
0.918033
0.911765
0.9
0.9
0.8
0.858437
0.815789
0.845455
0.826923
0.830189
0.844262
0.835821
0.850427
0.833333
0.842593
0.826923
0.833333
0.833333
0.844262
0.815789
0.815789
0.815789
0.815789
0.815789
0.833333
0.815789
0.857143
0.815789
0.815789
0.815789
0.815789
0.815789
0.852
0.826923
0.845238
0.85
0.85
0.856831
0.857143
0.826923
0.826923
0.833333
0.856589
0.85
0.837209
0.833333
0.833333
0.855346
0.857107
0.807692
0.855263
0.849515
0.840426
0.815789
0.8375
0.844262
0.815789
0.8375
0.846667
0.8375
0.815789
0.842105
0.815789
0.815789
0.8375
0.849515
0.826923
0.856305
0.845528
0.833333
0.850649
0.833333
0.855863
0.854369
0.857131
0.855721
0.857089
0.85
0.857076
0.856742
0.85
0.85
0.833333
0.855769
0.85
0.857143
0.84507
0.852941
0.844262
0.848958
0.85
0.850962
0.85
0.849206
0.826923
0.840909
0.815789
0.820513
0.826923
0.856907
0.8375
0.854633
0.857109
0.852941
0.857119
0.85
0.85
0.857113
0.85
0.852459
0.791667
0.75
0.866312
0.841463
0.856957
0.854575
0.820513
0.856221
0.856452
0.856282
0.855353
0.856417
0.856959
0.854348
0.854508
0.855634
0.85
0.842105
0.854317
0.815789
0.847222
0.833333
0.833333
0.845455
0.815789
0.857098
0.857059
0.857098
0.855655
0.850427
0.855
0.856911
0.853093
0.856393
0.856173
0.855198
0.856383
0.840426
0.815789
0.850427
0.833333
0.856481
0.815789
0.75
0.928316
0.893048
0.826923
0.823529
0.857085
0.85674
0.846667
0.827586
0.850515
0.815789
0.837209
0.853933
0.854972
0.845588
0.846667
0.846667
0.853488
0.852201
0.850394
0.836364
0.855435
0.853234
0.848958
0.850806
0.827586
0.844262
0.853047
0.845588
0.856264
0.842593
0.842593
0.820513
0.847561
0.833333
0.825
0.815789
0.815789
0.85
0.818182
0.926573
0.909091
0.903846
0.894737
0.894737
0.914894
0.894737
0.894737
0.904762
0.926686
0.926108
0.927103
0.9125
0.923469
0.900132
0.857016
0.855911
0.85241
0.855353
0.815789
0.8
0.842857
0.845238
0.837209
0.857143
0.853712
0.856147
0.854317
0.856746
0.847561
0.846667
0.815789
0.815789
0.815789
0.833333
0.85259
0.854575
0.856904
0.842593
0.825
0.815789
0.833333
0.848315
0.845588
0.842593
0.85
0.85
0.815789
0.825
0.815789
0.85
0.826923
0.782609
0.855096
0.856408
0.825
0.815789
0.826923
0.849558
0.850515
0.856061
0.851648
0.854779
0.856828
0.8375
0.845588
0.845588
0.846667
0.815789
0.825
0.840426
0.857143
0.850962
0.842105
0.848958
0.826923
0.815789
0.815789
0.826923
0.815789
0.825
0.826923
0.854167
0.826923
0.8375
0.835821
0.856213
0.815789
0.833333
0.85
0.857143
0.85625
0.854633
0.842593
0.853909
0.833333
0.815789
0.826923
0.837209
0.856011
0.844262
0.842105
0.840426
0.815789
0.820513
0.846939
0.856297
0.844262
0.815789
0.815789
0.815789
0.815789
0.840426
0.838235
0.857065
0.856839
0.815789
0.837209
0.815789
0.826923
0.815789
0.815789
0.830189
0.84507
0.842857
0.85
0.833333
0.826923
0.837209
0.840426
0.85274
0.844262
0.825
0.815789
0.815789
0.833333
0.851145
0.815789
0.833333
0.815789
0.815789
0.840909
0.854167
0.818182
0.925094
0.927132
0.924699
0.903846
0.926407
0.9
0.918367
0.911765
0.888889
0.875
0.888889
0.894737
0.894737
0.912281
0.9
0.9
0.9
0.894737
0.916667
0.906977
0.9
0.894737
0.903846
0.904762
0.927876
0.880139
0.821429
0.854167
0.851613
0.857143
0.856667
0.852941
0.85
0.85
0.85
0.851613
0.837209
0.833333
0.815789
0.84507
0.852459
0.854641
0.857143
0.856998
0.851711
0.856949
0.855263
0.856366
0.85
0.837209
0.854701
0.841463
0.856795
0.856944
0.850515
0.849558
0.815789
0.847059
0.854
0.854962
0.855863
0.826923
0.815789
0.827586
0.815789
0.854167
0.847826
0.846774
0.815789
0.851449
0.851974
0.853712
0.855263
0.85479
0.833333
0.838235
0.842857
0.826923
0.848837
0.815789
0.826923
0.826923
0.815789
0.815789
0.851724
0.856322
0.857116
0.854093
0.846667
0.853557
0.837209
0.852792
0.85468
0.856908
0.85713
0.85
0.85
0.839286
0.85
0.791667
0.856061
0.85
0.856941
0.85
0.833333
0.833333
0.826923
0.826923
0.815789
0.833333
0.825
0.827586
0.833333
0.854167
0.815789
0.825
0.839286
0.833333
0.857143
0.856164
0.856884
0.846667
0.848958
0.814815
0.855721
0.818182
0.894737
0.921053
0.925287
0.894737
0.9
0.921429
0.923387
0.873009
0.791667
0.853333
0.818182
0.862035
0.85
0.856964
0.8569
0.851974
0.815789
0.826923
0.852941
0.857
0.833333
0.8375
0.847059
0.842593
0.815789
0.827586
0.815789
0.826923
0.815789
0.826923
0.853026
0.855989
0.854885
0.857142
0.853488
0.851145
0.854599
0.826923
0.851974
0.845588
0.855623
0.837209
0.815789
0.833333
0.791667
0.846667
0.844828
0.791667
0.815789
0.856774
0.857128
0.85
0.85
0.856771
0.833333
0.833333
0.833333
0.837209
0.815789
0.846667
0.815789
0.825
0.852
0.854369
0.845528
0.855159
0.856077
0.851145
0.833333
0.826923
0.815789
0.825
0.8375
0.845238
0.856793
0.852941
0.815789
0.840426
0.85
0.856944
0.85615
0.848315
0.815789
0.807692
0.837209
0.7
0.857089
0.854237
0.852321
0.848684
0.856305
0.856963
0.856582
0.857106
0.844262
0.853333
0.854772
0.839286
0.769231
0.856575
0.856748
0.856855
0.815789
0.815789
0.815789
0.848315
0.845238
0.807692
0.857133
0.8375
0.854508
0.826923
0.825
0.846667
0.837209
0.846667
0.815789
0.846667
0.825
0.815789
0.815789
0.856028
0.833333
0.825
0.826923
0.826923
0.826923
0.826923
0.815789
0.851145
0.815789
0.842105
0.851449
0.838235
0.835821
0.815789
0.855482
0.842593
0.855091
0.851974
0.850679
0.856474
0.830189
0.844262
0.847826
0.849162
0.844262
0.838235
0.845238
0.826923
0.820513
0.845588
0.8
0.851974
0.85
0.856843
0.820513
0.815789
0.855234
0.854348
0.815789
0.856894
0.815789
0.852941
0.853933
0.842593
0.833333
0.833333
0.815789
0.835821
0.841463
0.8375
0.825
0.8375
0.852679
0.842105
0.815789
0.826923
0.815789
0.815789
0.826923
0.847222
0.844262
0.840426
0.815789
0.833333
0.815789
0.820513
0.841463
0.826923
0.815789
0.815789
0.825
0.820513
0.8375
0.846774
0.847561
0.853125
0.815789
0.815789
0.815789
0.815789
0.825
0.842593
0.815789
0.826923
0.825
0.848315
0.815789
0.827586
0.851724
0.854651
0.826923
0.8375
0.856678
0.825
0.85241
0.845588
0.815789
0.842857
0.815789
0.826923
0.826923
0.826923
0.846774
0.854
0.825
0.846667
0.815789
0.815789
0.855294
0.825
0.85468
0.826923
0.833333
0.855796
0.815789
0.826923
0.8375
0.830189
0.851974
0.815789
0.851145
0.827586
0.846667
0.850394
0.85
0.833333
0.914894
0.927559
0.903846
0.903846
0.923387
0.921875
0.909091
0.894737
0.894737
0.918033
0.918699
0.906977
0.92053
0.875
0.894737
0.882353
0.884116
0.833333
0.833333
0.846667
0.850649
0.833333
0.833333
0.826923
0.8375
0.84375
0.848958
0.846667
0.842105
0.847561
0.826923
0.845588
0.815789
0.842593
0.857143
0.852234
0.833333
0.833333
0.815789
0.815789
0.815789
0.844262
0.833333
0.844037
0.826923
0.840426
0.815789
0.826923
0.825
0.833333
0.815789
0.815789
0.815789
0.815789
0.815789
0.815789
0.849558
0.845455
0.837209
0.826923
0.837209
0.851974
0.833333
0.815789
0.844828
0.85681
0.850427
0.815789
0.842105
0.851562
0.856897
0.829268
0.848958
0.853755
0.848214
0.815789
0.815789
0.815789
0.782609
0.854317
0.833333
0.855682
0.854167
0.856413
0.845588
0.833333
0.815789
0.851974
0.852518
0.846715
0.850515
0.856173
0.825
0.85241
0.857019
0.848315
0.85
0.856526
0.848315
0.827586
0.815789
0.855869
0.857143
0.855991
0.852273
0.791667
0.856973
0.8375
0.835821
0.830189
0.842857
0.833333
0.815789
0.826923
0.844262
0.854167
0.833333
0.815789
0.85
0.791667
0.815789
0.815789
0.815789
0.85
0.833333
0.815789
0.853814
0.856578
0.853365
0.8
0.852071
0.769231
0.857137
0.853333
0.853591
0.841463
0.856954
0.8375
0.853535
0.852941
0.852381
0.826923
0.8375
0.838235
0.854037
0.837209
0.845528
0.833333
0.815789
0.840426
0.825
0.8375
0.820513
0.842857
0.833333
0.842593
0.833333
0.857093
0.842105
0.8375
0.84507
0.8375
0.837209
0.848315
0.847826
0.84507
0.833333
0.833333
0.8375
0.840426
0.833333
0.8375
0.85629
0.857136
0.85679
0.833333
0.84507
0.842593
0.844037
0.825
0.815789
0.8375
0.845588
0.815789
0.8375
0.826923
0.837209
0.857127
0.840426
0.826923
0.847561
0.844262
0.815789
0.845588
0.848168
0.845588
0.842593
0.815789
0.815789
0.815789
0.825
0.833333
0.830189
0.815789
0.826923
0.815789
0.826923
0.835821
0.833333
0.826923
0.815789
0.826923
0.815789
0.815789
0.833333
0.826923
0.825
0.815789
0.825
0.857114
0.84375
0.846939
0.849206
0.815789
0.826923
0.855721
0.815789
0.826923
0.856876
0.833333
0.851724
0.833333
0.84507
0.8
0.666667
0.857128
0.85
0.815789
0.856979
0.857104
0.826923
0.833333
0.85
0.855107
0.852201
0.856948
0.838235
0.826923
0.851064
0.84507
0.844262
0.845588
0.815789
0.846774
0.826923
0.815789
0.842105
0.826923
0.815789
0.855652
0.815789
0.856422
0.842593
0.827586
0.8375
0.853583
0.847561
0.826923
0.833333
0.85662
0.826923
0.846667
0.839286
0.830189
0.848315
0.85479
0.837209
0.815789
0.815789
0.833333
0.855464
0.826923
0.853093
0.852459
0.830189
0.848958
0.815789
0.838235
0.840426
0.857092
0.85
0.84375
0.855895
0.856506
0.849515
0.815789
0.840426
0.85479
0.851145
0.842105
0.85546
0.845588
0.852201
0.840426
0.844262
0.848485
0.856725
0.856531
0.815789
0.839286
0.827586
0.815789
0.833333
0.820513
0.833333
0.856968
0.857143
0.833333
0.826923
0.815789
0.815789
0.826923
0.833333
0.849057
0.928205
0.919355
0.909091
0.9
0.894737
0.903846
0.910714
0.894737
0.914286
0.90566
0.861111
0.844828
0.826923
0.815789
0.815789
0.815789
0.837209
0.826923
0.842105
0.826923
0.841463
0.815789
0.825
0.815789
0.815789
0.820513
0.835821
0.845588
0.826923
0.838235
0.825
0.821429
0.857143
0.851145
0.815789
0.815789
0.826923
0.815789
0.815789
0.815789
0.815789
0.815789
0.820513
0.848214
0.848958
0.815789
0.827586
0.833333
0.85274
0.839506
0.847561
0.851724
0.815789
0.815789
0.826923
0.830189
0.852459
0.833333
0.815789
0.839286
0.856557
0.833333
0.815789
0.815789
0.826923
0.841463
0.855699
0.845238
0.815789
0.825
0.842105
0.837209
0.826923
0.815789
0.826923
0.815789
0.825
0.838235
0.8375
0.815789
0.833333
0.856618
0.85
0.75
0.87576
0.903406
0.845588
0.826923
0.826923
0.8375
0.8375
0.853211
0.871608
0.852071
0.847561
0.851064
0.847561
0.857138
0.850877
0.815789
0.85
0.85
0.85711
0.848485
0.856522
0.818182
0.927597
0.903846
0.916667
0.903846
0.894737
0.894737
0.909091
0.92268
0.919118
0.916667
0.921348
0.907407
0.894737
0.9
0.923077
0.924658
0.894737
0.894737
0.9
0.909091
0.923077
0.926027
0.926791
0.858117
0.856828
0.85
0.85
0.85
0.857137
0.854839
0.840426
0.85
0.852941
0.857143
0.844262
0.815789
0.85
0.85
0.85
0.85
0.85
0.851145
0.847059
0.856522
0.85
0.85
0.826923
0.856643
0.85
0.848781
0.857127
0.857135
0.847826
0.857128
0.854772
0.857132
0.785714
0.857138
0.857129
0.852601
0.826923
0.851449
0.815789
0.826923
0.840426
0.825
0.838235
0.826923
0.826923
0.833333
0.833333
0.857072
0.837209
0.850649
0.8375
0.815789
0.815789
0.815789
0.833333
0.85655
0.855292
0.854688
0.856554
0.845588
0.833333
0.825
0.85696
0.826923
0.815789
0.825
0.815789
0.840426
0.856075
0.856821
0.815789
0.826923
0.850806
0.842593
0.815789
0.826923
0.833333
0.815789
0.815789
0.838235
0.826923
0.841463
0.854317
0.854386
0.815789
0.837209
0.856887
0.833333
0.844262
0.8375
0.844262
0.845238
0.846847
0.855263
0.856972
0.8375
0.840426
0.833333
0.815789
0.833333
0.845588
0.833333
0.826923
0.833333
0.815789
0.826923
0.815789
0.833333
0.833333
0.842105
0.854317
0.833333
0.833333
0.842593
0.857102
0.856778
0.815789
0.815789
0.842593
0.847561
0.840426
0.833333
0.8375
0.826923
0.842593
0.826923
0.84375
0.855882
0.815789
0.846667
0.825
0.815789
0.833333
0.815789
0.815789
0.815789
0.815789
0.826923
0.815789
0.815789
0.851064
0.825
0.826923
0.815789
0.815789
0.855528
0.833333
0.830189
0.855828
0.854972
0.833333
0.833333
0.857113
0.815789
0.815789
0.846774
0.837209
0.826923
0.815789
0.84507
0.852941
0.825
0.815789
0.815789
0.815789
0.815789
0.815789
0.815789
0.840426
0.8375
0.826923
0.833333
0.815789
0.815789
0.815789
0.833333
0.85
0.857143
0.820513
0.825
0.827586
0.837209
0.8375
0.854962
0.815789
0.839506
0.826923
0.839286
0.826923
0.815789
0.833333
0.825
0.839286
0.844262
0.847059
0.848485
0.847059
0.85
0.85706
0.815789
0.840426
0.826923
0.844444
0.826923
0.826923
0.837209
0.853175
0.826923
0.84375
0.850242
0.844262
0.856944
0.815789
0.842105
0.855164
0.815789
0.825
0.833333
0.826923
0.851724
0.827586
0.815789
0.815789
0.815789
0.8375
0.833333
0.838235
0.815789
0.830189
0.842105
0.842105
0.820513
0.849162
0.830189
0.854972
0.815789
0.815789
0.826923
0.827586
0.827586
0.833333
0.851064
0.815789
0.84507
0.847826
0.837209
0.815789
0.845455
0.85625
0.847826
0.815789
0.852941
0.818182
0.925566
0.896552
0.894737
0.903846
0.927928
0.896617
0.857107
0.853293
0.833333
0.851064
0.815789
0.827586
0.833333
0.842593
0.814815
0.844262
0.847826
0.85
0.85
0.818182
0.926259
0.926606
0.894737
0.924915
0.919118
0.92233
0.913793
0.85
0.85
0.856656
0.844262
0.848315
0.837209
0.846667
0.826923
0.852941
0.85
0.815789
0.833333
0.833333
0.853026
0.856804
0.85658
0.85
0.85
0.857143
0.826923
0.842105
0.833333
0.826923
0.839286
0.837209
0.844262
0.8375
0.85119
0.826923
0.848315
0.815789
0.8375
0.815789
0.815789
0.855172
0.853846
0.833333
0.854167
0.815789
0.825
0.820513
0.815789
0.666667
0.856975
0.853234
0.833333
0.815789
0.825
0.826923
0.815789
0.815789
0.839286
0.857051
0.855982
0.855037
0.856039
0.842593
0.833333
0.85
0.830189
0.845455
0.825
0.850427
0.826923
0.840426
0.854167
0.851145
0.826923
0.833333
0.815789
0.815789
0.841463
0.835821
0.854
0.847059
0.847059
0.85
0.85
0.848315
0.85
0.85
0.857143
0.838235
0.853909
0.855324
0.85274
0.845588
0.853909
0.826923
0.852518
0.849515
0.830189
0.842593
0.815789
0.848315
0.842975
0.856197
0.815789
0.833333
0.815789
0.852201
0.842593
0.815789
0.839286
0.857143
0.840426
0.815789
0.815789
0.815789
0.846715
0.840426
0.842105
0.833333
0.818182
0.925676
0.9
0.9
0.894737
0.926667
0.9
0.9
0.911765
0.9
0.9
0.894737
0.923729
0.926357
0.92638
0.927852
0.894737
0.894737
0.897436
0.853604
0.826923
0.830189
0.8375
0.8375
0.855578
0.815789
0.855148
0.8375
0.815789
0.8375
0.825
0.856448
0.815789
0.825
0.815789
0.818182
0.927083
0.92
0.924855
0.894737
0.918033
0.917526
0.925
0.9
0.9
0.927771
0.864412
0.833333
0.844262
0.830189
0.826923
0.815789
0.853261
0.85
0.852941
0.85
0.85
0.842105
0.856481
0.820513
0.833333
0.833333
0.815789
0.827586
0.837209
0.815789
0.815789
0.837209
0.833333
0.85
0.85
0.826923
0.842593
0.830189
0.835821
0.844262
0.826923
0.8
0.842105
0.844444
0.815789
0.842593
0.827586
0.815789
0.815789
0.815789
0.820513
0.815789
0.833333
0.815789
0.833333
0.825
0.839286
0.826923
0.837209
0.833333
0.815789
0.815789
0.833333
0.833333
0.856422
0.826923
0.815789
0.815789
0.8
0.854651
0.821429
0.840426
0.826923
0.85
0.815789
0.815789
0.83871
0.85644
0.815789
0.837209
0.826923
0.825
0.825
0.815789
0.815789
0.840426
0.833333
0.847059
0.839506
0.848315
0.842105
0.825
0.837209
0.856838
0.857125
0.815789
0.827586
0.84
0.924837
0.909091
0.918699
0.927711
0.896552
0.924901
0.926948
0.925325
0.894254
0.850394
0.852459
0.848485
0.842593
0.854369
0.857008
0.856187
0.854369
0.815789
0.815789
0.838235
0.856153
0.84375
0.815789
0.833333
0.815789
0.825
0.845588
0.833333
0.833333
0.852941
0.833333
0.837209
0.815789
0.854839
0.837209
0.815789
0.815789
0.820513
0.825
0.854515
0.815789
0.825
0.826923
0.815789
0.837209
0.825
0.815789
0.815789
0.815789
0.815789
0.820513
0.826923
0.854237
0.815789
0.840909
0.847561
0.820513
0.842105
0.820513
0.848958
0.833333
0.815789
0.815789
0.820513
0.838235
0.815789
0.825
0.826923
0.815789
0.815789
0.820513
0.855556
0.85
0.818182
0.92233
0.9125
0.909091
0.90566
0.927434
0.909091
0.894737
0.894737
0.894737
0.903846
0.9
0.903846
0.894737
0.894737
0.904762
0.894737
0.894737
0.903846
0.9
0.923664
0.888889
0.9
0.9
0.9
0.9
0.894737
0.903846
0.9
0.894737
0.904762
0.882353
0.867475
0.845588
0.833333
0.833333
0.815789
0.833333
0.837209
0.815789
0.844828
0.815789
0.833333
0.923913
0.928223
0.903846
0.921875
0.903846
0.912281
0.888889
0.903846
0.906933
0.826923
0.815789
0.833333
0.923387
0.897436
0.833333
0.862536
0.815789
0.815789
0.833333
0.815789
0.815789
0.815789
0.815789
0.837209
0.833333
0.849206
0.842857
0.8375
0.825
0.833333
0.815789
0.847561
0.8375
0.815789
0.815789
0.815789
0.815789
0.815789
0.833333
0.857143
0.825
0.815789
0.815789
0.815789
0.815789
0.840426
0.815789
0.815789
0.826923
0.825
0.815789
0.85
0.833333
0.857129
0.815789
0.841463
0.854093
0.826923
0.855102
0.815789
0.851711
0.815789
0.826923
0.815789
0.837209
0.815789
0.815789
0.791667
0.851449
0.826923
0.815789
0.833333
0.826923
0.857143
0.854688
0.833333
0.853488
0.826923
0.845528
0.845588
0.826923
0.851064
0.833333
0.85
0.85
0.838235
0.85
0.851974
0.815789
0.815789
0.826923
0.842105
0.842593
0.815789
0.833333
0.815789
0.815789
0.815789
0.820513
0.853234
0.815789
0.825
0.820513
0.850242
0.853604
0.815789
0.826923
0.833333
0.825
0.815789
0.815789
0.815789
0.833333
0.844262
0.853557
0.837209
0.815789
0.833333
0.837209
0.815789
0.826923
0.830189
0.856129
0.833333
0.815789
0.833333
0.820513
0.855892
0.856164
0.842105
0.848958
0.849398
0.850746
0.926
0.907407
0.894737
0.904762
0.916667
0.9
0.9
0.894737
0.909091
0.926692
0.925764
0.894737
0.894737
0.894737
0.911765
0.903846
0.912281
0.914894
0.92
0.894737
0.903846
0.903846
0.894737
0.923077
0.897436
0.894737
0.903846
0.907407
0.909091
0.894737
0.894737
0.903846
0.894737
0.894737
0.894737
0.903846
0.903846
0.910714
0.894737
0.906977
0.903226
0.925287
0.906977
0.894737
0.910714
0.916667
0.903846
0.903846
0.906977
0.9125
0.894737
0.903846
0.894737
0.894737
0.897436
0.894737
0.918699
0.919355
0.909091
0.921875
0.910714
0.903846
0.894737
0.909091
0.894737
0.894737
0.9
0.916667
0.903846
0.894737
0.910714
0.894737
0.894737
0.90566
0.888889
0.842593
0.826923
0.815789
0.825
0.815789
0.826923
0.826923
0.820513
0.851724
0.833333
0.839286
0.821429
0.833333
0.851648
0.853712
0.85
0.823529
0.856838
0.848214
0.833333
0.854452
0.815789
0.851695
0.826923
0.833333
0.815789
0.815789
0.815789
0.837209
0.815789
0.815789
0.815789
0.815789
0.825
0.826923
0.815789
0.815789
0.826923
0.815789
0.825
0.845588
0.815789
0.825
0.815789
0.840426
0.815789
0.815789
0.833333
0.815789
0.825
0.815789
0.826923
0.826923
0.833333
0.840909
0.855263
0.837209
0.815789
0.827586
0.826923
0.851064
0.826923
0.825
0.833333
0.820513
0.827586
0.815789
0.815789
0.815789
0.826923
0.835821
0.833333
0.826923
0.839286
0.839286
0.815789
0.825
0.826923
0.815789
0.848315
0.826923
0.825
0.841463
0.815789
0.815789
0.830189
0.846667
0.815789
0.815789
0.815789
0.815789
0.815789
0.833333
0.839286
0.842593
0.825
0.815789
0.848485
0.854839
0.848315
0.842105
0.791667
0.854839
0.833333
0.861897
0.8375
0.856757
0.840426
0.825
0.842105
0.85
0.815789
0.848315
0.844262
0.845455
0.8375
0.815789
0.815789
0.826923
0.815789
0.854518
0.854885
0.833333
0.823529
0.856189
0.8375
0.840426
0.8375
0.854972
0.854922
0.926647
0.9
0.907407
0.903846
0.916667
0.903846
0.917431
0.903846
0.903846
0.909091
0.914894
0.903846
0.903846
0.903846
0.894737
0.904762
0.927641
0.88
0.918367
0.923077
0.914894
0.903846
0.837209
0.856147
0.856187
0.842857
0.854911
0.851613
0.856504
0.855994
0.847561
0.847561
0.842593
0.848958
0.85
0.853814
0.85
0.826923
0.815789
0.815789
0.848315
0.851145
0.846667
0.844262
0.855972
0.833333
0.849515
0.853383
0.85479
0.844037
0.850394
0.856044
0.820513
0.826923
0.815789
0.833333
0.84375
0.842593
0.854237
0.842593
0.833333
0.854885
0.854167
0.839286
0.849515
0.815789
0.815789
0.826923
0.852778
0.826923
0.855769
0.815789
0.842593
0.85119
0.815789
0.849206
0.850806
0.815789
0.825
0.857074
0.833333
0.848958
0.833333
0.856754
0.815789
0.815789
0.850679
0.855091
0.815789
0.815789
0.851145
0.835821
0.833333
0.815789
0.826923
0.8375
0.838235
0.815789
0.826923
0.815789
0.815789
0.815789
0.815789
0.826923
0.815789
0.840909
0.839286
0.84507
0.815789
0.815789
0.815789
0.825
0.853488
0.815789
0.815789
0.835821
0.846667
0.856132
0.857132
0.849162
0.850806
0.815789
0.826923
0.845588
0.791667
0.854972
0.845455
0.825
0.826923
0.830189
0.833333
0.823529
0.856959
0.854317
0.850649
0.815789
0.820513
0.833333
0.815789
0.815789
0.815789
0.826923
0.826923
0.826923
0.833333
0.815789
0.815789
0.826923
0.826923
0.855246
0.825
0.833333
0.815789
0.825
0.833333
0.826923
0.815789
0.815789
0.855442
0.815789
0.85
0.8375
0.8375
0.826923
0.841463
0.840426
0.815789
0.826923
0.842857
0.815789
0.820513
0.8375
0.815789
0.826923
0.833333
0.815789
0.833333
0.820513
0.856618
0.857066
0.842105
0.85
0.85
0.852941
0.833333
0.815789
0.85
0.855385
0.847561
0.833333
0.825
0.815789
0.815789
0.826923
0.826923
0.826923
0.844037
0.855491
0.857143
0.851974
0.85119
0.820513
0.833333
0.815789
0.8375
0.833333
0.830189
0.8375
0.847561
0.833333
0.852941
0.85566
0.855641
0.820513
0.85
0.815789
0.825
0.833333
0.855982
0.857065
0.85
0.85
0.826923
0.85
0.833333
0.826923
0.855263
0.852941
0.823529
0.856241
0.830189
0.847561
0.844262
0.838235
0.815789
0.835821
0.815789
0.848315
0.839286
0.825
0.815789
0.837209
0.833333
0.8375
0.840426
0.8375
0.826923
0.833333
0.815789
0.850427
0.842593
0.844037
0.853801
0.833333
0.851695
0.848958
0.856831
0.85
0.833333
0.852941
0.827586
0.856305
0.849057
0.926829
0.92719
0.920732
0.928064
0.916667
0.915493
0.924528
0.903846
0.909091
0.9125
0.904762
0.9
0.9125
0.914894
0.888889
0.916667
0.894737
0.894737
0.909091
0.903846
0.9
0.894737
0.911765
0.9
0.907407
0.92766
0.921875
0.9
0.92
0.918033
0.91358
0.909091
0.92623
0.924342
0.920732
0.918699
0.927764
0.903846
0.9
0.910448
0.879032
0.854452
0.85
0.853933
0.826923
0.846774
0.856195
0.856953
0.85
0.838235
0.815789
0.825
0.833333
0.847682
0.851613
0.826923
0.815789
0.848315
0.830189
0.842593
0.826923
0.825
0.842105
0.854167
0.853896
0.847561
0.815789
0.815789
0.815789
0.847826
0.852201
0.85
0.849558
0.848315
0.833333
0.8375
0.826923
0.851485
0.855294
0.852632
0.920732
0.894737
0.920635
0.926471
0.892912
0.851648
0.856598
0.840426
0.84507
0.838235
0.855128
0.851724
0.826923
0.8375
0.842857
0.815789
0.815789
0.838235
0.851064
0.833333
0.826923
0.826923
0.826923
0.847561
0.85689
0.815789
0.825
0.849162
0.84375
0.833333
0.833333
0.852778
0.855263
0.826923
0.852113
0.856692
0.840426
0.825
0.815789
0.84
0.927752
0.9125
0.894737
0.923913
0.918033
0.9
0.918033
0.923387
0.894737
0.894737
0.894737
0.909091
0.9
0.912281
0.894737
0.894737
0.897436
0.894737
0.9
0.924342
0.903846
0.90566
0.9
0.907407
0.857402
0.815789
0.815789
0.791667
0.840426
0.833333
0.839286
0.815789
0.825
0.851724
0.844262
0.815789
0.815789
0.815789
0.815789
0.825
0.826923
0.815789
0.833333
0.842857
0.815789
0.815789
0.815789
0.815789
0.815789
0.821429
0.815789
0.826923
0.833333
0.815789
0.833333
0.826923
0.833333
0.825
0.815789
0.815789
0.815789
0.815789
0.820513
0.825
0.826923
0.815789
0.815789
0.821429
0.830189
0.815789
0.826923
0.815789
0.855583
0.815789
0.833333
0.815789
0.826923
0.825
0.815789
0.852941
0.846939
0.838235
0.853093
0.855263
0.85
0.840426
0.854167
0.826923
0.852459
0.85347
0.853801
0.852941
0.815789
0.833333
0.856592
0.827586
0.845588
0.85611
0.826923
0.839286
0.839286
0.837209
0.826923
0.815789
0.815789
0.833333
0.815789
0.833333
0.815789
0.815789
0.815789
0.820513
0.826923
0.8375
0.8375
0.826923
0.815789
0.815789
0.826923
0.851974
0.826923
0.815789
0.820513
0.815789
0.820513
0.856488
0.815789
0.826923
0.85665
0.856156
0.833333
0.815789
0.842593
0.815789
0.815789
0.837209
0.833333
0.856798
0.927581
0.894737
0.9
0.897436
0.9
0.916667
0.894737
0.9
0.924699
0.925
0.924138
0.903846
0.907407
0.914894
0.894737
0.903846
0.894737
0.897436
0.903846
0.887192
0.853712
0.815789
0.815789
0.852201
0.855685
0.815789
0.826923
0.833333
0.826923
0.844037
0.8375
0.833333
0.833333
0.853125
0.825
0.856993
0.844262
0.850806
0.851724
0.815789
0.846939
0.848315
0.826923
0.815789
0.8375
0.855769
0.85
0.856061
0.854839
0.85
0.852941
0.815789
0.833333
0.826923
0.826923
0.815789
0.840426
0.825
0.833333
0.849315
0.85
0.85
0.847561
0.84375
0.833333
0.7
0.855799
0.860237
0.845528
0.833333
0.854515
0.845588
0.855014
0.841463
0.815789
0.815789
0.845455
0.851064
0.815789
0.815789
0.815789
0.856173
0.840426
0.842105
0.845528
0.856205
0.815789
0.815789
0.852
0.85241
0.815789
0.842105
0.850649
0.852941
0.853333
0.850806
0.855346
0.85638
0.856427
0.782609
0.727273
0.85711
0.847561
0.838235
0.849515
0.835821
0.8375
0.850806
0.840426
0.85625
0.855128
0.833333
0.833333
0.8375
0.815789
0.856908
0.844262
0.826923
0.84507
0.815789
0.815789
0.815789
0.820513
0.833333
0.854633
0.825
0.815789
0.847561
0.856772
0.854839
0.815789
0.846774
0.815789
0.825
0.815789
0.815789
0.833333
0.825
0.849558
0.85
0.85
0.846667
0.856423
0.85675
0.815789
0.825
0.815789
0.845238
0.85426
0.857124
0.842593
0.839506
0.825
0.846667
0.826923
0.825
0.815789
0.815789
0.815789
0.815789
0.825
0.826923
0.8375
0.833333
0.815789
0.837209
0.815789
0.815789
0.8375
0.826923
0.820513
0.826923
0.839286
0.833333
0.840426
0.8375
0.833333
0.842593
0.844262
0.826923
0.820513
0.856563
0.826923
0.833333
0.842593
0.815789
0.840426
0.825
0.846715
0.85
0.847682
0.852601
0.833333
0.8375
0.848485
0.856082
0.846774
0.851974
0.815789
0.852518
0.826923
0.853933
0.826923
0.826923
0.825
0.815789
0.853365
0.815789
0.815789
0.855042
0.85
0.85687
0.85
0.85
0.815789
0.854167
0.826923
0.857143
0.856707
0.837209
0.815789
0.833333
0.85
0.826923
0.833333
0.826923
0.837209
0.815789
0.815789
0.815789
0.826923
0.826923
0.825
0.833333
0.8
0.848315
0.856979
0.847561
0.815789
0.842857
0.815789
0.830189
0.833333
0.851613
0.849206
0.826923
0.833333
0.847059
0.826923
0.833333
0.815789
0.83871
0.856281
0.837209
0.833333
0.826923
0.815789
0.8
0.840426
0.826923
0.844262
0.815789
0.815789
0.827586
0.841463
0.815789
0.815789
0.856782
0.85
0.853712
0.848485
0.842593
0.8375
0.833333
0.815789
0.829268
0.826923
0.844262
0.848485
0.850806
0.848958
0.857067
0.848315
0.825
0.842593
0.849515
0.852201
0.833333
0.844262
0.833333
0.815789
0.825
0.846774
0.833333
0.815789
0.842105
0.825
0.826923
0.8375
0.848958
0.833333
0.8375
0.849558
0.815789
0.856449
0.815789
0.85
0.84375
0.815789
0.815789
0.815789
0.826923
0.825
0.826923
0.845528
0.820513
0.842593
0.849515
0.853488
0.850427
0.833333
0.848684
0.846667
0.8375
0.851064
0.85
0.839286
0.833333
0.846667
0.845238
0.815789
0.857026
0.820513
0.838235
0.826923
0.826923
0.839286
0.815789
0.815789
0.833333
0.815789
0.815789
0.846774
0.840426
0.848315
0.820513
0.833333
0.826923
0.826923
0.84507
0.826923
0.815789
0.833333
0.826923
0.839286
0.837209
0.825
0.833333
0.815789
0.815789
0.833333
0.845588
0.825
0.826923
0.833333
0.840426
0.8375
0.846939
0.826923
0.842857
0.815789
0.825
0.825
0.842593
0.839286
0.833333
0.820513
0.826923
0.826923
0.8375
0.820513
0.845528
0.8375
0.846774
0.838235
0.855434
0.856548
0.857139
0.85
0.85
0.826923
0.854839
0.8375
0.826923
0.821429
0.815789
0.815789
0.839286
0.815789
0.825
0.825
0.85
0.851974
0.830189
0.852273
0.851974
0.856557
0.85
0.856897
0.856164
0.84375
0.927512
0.921348
0.894737
0.903846
0.9
0.894737
0.894737
0.9125
0.927152
0.922581
0.906977
0.894737
0.906977
0.910156
0.845455
0.815789
0.825
0.818182
0.926647
0.904762
0.903846
0.903846
0.894737
0.894737
0.903846
0.894737
0.9
0.896552
0.912281
0.921875
0.9
0.916667
0.9
0.894737
0.896552
0.919118
0.894737
0.924242
0.894737
0.903846
0.896552
0.894737
0.926931
0.921053
0.894737
0.923077
0.914894
0.903846
0.894737
0.896552
0.906977
0.903846
0.914286
0.906977
0.894737
0.917109
0.845238
0.84058
0.847561
0.833333
0.825
0.8375
0.815789
0.815789
0.815789
0.815789
0.826923
0.850427
0.844828
0.854911
0.853741
0.826923
0.833333
0.825
0.848958
0.820513
0.830189
0.85
0.84375
0.844262
0.833333
0.782609
0.854633
0.848315
0.818182
0.894737
0.920455
0.888889
0.894737
0.875
0.894737
0.894737
0.9
0.921569
0.903846
0.894737
0.916667
0.920635
0.916667
0.888889
0.925676
0.899263
0.856717
0.853814
0.842105
0.85
0.85
0.85
0.850427
0.845588
0.8375
0.825
0.818182
0.92629
0.894737
0.896552
0.894737
0.894737
0.923729
0.9
0.924342
0.9125
0.927524
0.914634
0.924837
0.903846
0.924342
0.894737
0.918182
0.897436
0.894737
0.903226
0.922727
0.815789
0.815789
0.815789
0.825
0.833333
0.928168
0.871728
0.850877
0.833333
0.848
0.85
0.815789
0.854881
0.815789
0.815789
0.854167
0.827586
0.821429
0.847458
0.854167
0.842105
0.84507
0.727273
0.854331
0.848958
0.857126
0.815789
0.85
0.840426
0.825
0.815789
0.820513
0.826923
0.829268
0.833333
0.844262
0.853503
0.857102
0.857109
0.826923
0.857119
0.853365
0.833333
0.826923
0.815789
0.830189
0.842857
0.838235
0.825
0.826923
0.815789
0.848315
0.833333
0.826923
0.826923
0.85
0.852778
0.825
0.826923
0.842593
0.826923
0.8375
0.825
0.833333
0.820513
0.833333
0.815789
0.833333
0.825
0.833333
0.815789
0.815789
0.815789
0.854167
0.815789
0.815789
0.833333
0.815789
0.849315
0.815789
0.856215
0.833333
0.815789
0.825
0.845588
0.833333
0.855805
0.85
0.85
0.844262
0.855599
0.815789
0.8375
0.826923
0.833333
0.8375
0.833333
0.826923
0.833333
0.815789
0.833333
0.815789
0.815789
0.815789
0.815789
0.815789
0.815789
0.837209
0.837209
0.837209
0.827586
0.830189
0.833333
0.855752
0.84
0.914894
0.894737
0.910448
0.922727
0.894737
0.923913
0.890324
0.826923
0.845455
0.833333
0.833333
0.815789
0.820513
0.833333
0.815789
0.826923
0.815789
0.85597
0.837209
0.815789
0.815789
0.829268
0.851064
0.847561
0.84375
0.927793
0.9
0.927103
0.894737
0.903846
0.894737
0.894737
0.927591
0.903846
0.904762
0.894737
0.90566
0.914894
0.92
0.910448
0.909091
0.869976
0.854093
0.825
0.825
0.837209
0.826923
0.842593
0.826923
0.825
0.833333
0.845588
0.833333
0.849315
0.818182
0.926655
0.924342
0.9125
0.9125
0.910448
0.921429
0.925134
0.906977
0.917647
0.916667
0.925795
0.910714
0.909091
0.910448
0.893631
0.856297
0.815789
0.825
0.842593
0.825
0.815789
0.846667
0.815789
0.845588
0.847561
0.856833
0.815789
0.815789
0.815789
0.829268
0.815789
0.826923
0.815789
0.829268
0.850575
0.826923
0.840909
0.855172
0.826923
0.815789
0.815789
0.815789
0.851064
0.855932
0.833333
0.815789
0.815789
0.842593
0.848315
0.833333
0.83871
0.826923
0.840426
0.815789
0.838235
0.85403
0.840909
0.844262
0.825
0.836364
0.848684
0.854701
0.833333
0.852941
0.85241
0.815789
0.842593
0.815789
0.844262
0.848837
0.851974
0.833333
0.815789
0.852174
0.833333
0.848214
0.815789
0.852941
0.856915
0.825
0.825
0.833333
0.815789
0.8375
0.849162
0.833333
0.845588
0.844262
0.840426
0.833333
0.825
0.826923
0.825
0.820513
0.846939
0.842593
0.842593
0.849558
0.826923
0.853712
0.833333
0.852041
0.838235
0.825
0.833333
0.815789
0.826923
0.825
0.826923
0.839286
0.855014
0.846667
0.846667
0.851852
0.925676
0.926625
0.915789
0.923077
0.92
0.92
0.911765
0.9125
0.909091
0.919355
0.927641
0.909091
0.856996
0.833333
0.842857
0.825
0.830189
0.842593
0.851974
0.837209
0.839286
0.835821
0.85605
0.833333
0.837209
0.815789
0.815789
0.815789
0.815789
0.840909
0.85546
0.815789
0.815789
0.825
0.815789
0.842593
0.852941
0.846667
0.815789
0.820513
0.815789
0.815789
0.833333
0.845588
0.815789
0.846667
0.833333
0.850427
0.854885
0.815789
0.815789
0.825
0.826923
0.8375
0.826923
0.815789
0.852381
0.815789
0.847561
0.825
0.815789
0.815789
0.851064
0.850394
0.855717
0.815789
0.815789
0.815789
0.815789
0.826923
0.815789
0.815789
0.821429
0.844262
0.815789
0.833333
0.833333
0.825
0.815789
0.833333
0.825
0.84507
0.853234
0.844262
0.833333
0.820513
0.85
0.833333
0.825
0.815789
0.825
0.855994
0.815789
0.833333
0.815789
0.815789
0.833333
0.856367
0.814815
0.845238
0.848684
0.8375
0.815789
0.85119
0.856316
0.833333
0.815789
0.85241
0.826923
0.820513
0.847458
0.857093
0.842105
0.856031
0.815789
0.8375
0.791667
0.855263
0.854978
0.826923
0.815789
0.815789
0.815789
0.825
0.815789
0.855263
0.826923
0.826923
0.852778
0.815789
0.8375
0.815789
0.840426
0.815789
0.855895
0.826923
0.825
0.854386
0.856618
0.833333
0.857127
0.815789
0.854
0.825
0.851449
0.826923
0.844828
0.853175
0.833333
0.826923
0.826923
0.815789
0.814815
0.848214
0.852778
0.826923
0.815789
0.815789
0.815789
0.815789
0.856996
0.815789
0.815789
0.833333
0.825
0.815789
0.839286
0.815789
0.847561
0.815789
0.85274
0.833333
0.854515
0.85426
0.815789
0.815789
0.826923
0.826923
0.838235
0.839506
0.8375
0.833333
0.829268
0.849315
0.842593
0.847682
0.8375
0.85396
0.850427
0.855641
0.853598
0.826923
0.833333
0.820513
0.852201
0.826923
0.833333
0.826923
0.833333
0.815789
0.854167
0.820513
0.815789
0.826923
0.815789
0.849206
0.856861
0.85711
0.833333
0.853175
0.856911
0.826923
0.826923
0.852941
0.857049
0.849515
0.815789
0.851064
0.833333
0.856506
0.847561
0.855114
0.85
0.847059
0.847561
0.854688
0.852778
0.846667
0.833333
0.833333
0.8375
0.847561
0.826923
0.8375
0.848958
0.848958
0.826923
0.830189
0.852778
0.826923
0.825
0.833333
0.826923
0.815789
0.815789
0.820513
0.853814
0.815789
0.8375
0.782609
0.854688
0.826923
0.815789
0.826923
0.842105
0.818182
0.925
0.92739
0.894737
0.9
0.920732
0.909091
0.924
0.9
0.894737
0.904762
0.894737
0.818182
0.858821
0.926862
0.818182
0.927945
0.92
0.857278
0.857102
0.826923
0.857039
0.856228
0.840426
0.854086
0.856974
0.815789
0.847561
0.833333
0.846667
0.815789
0.847059
0.837209
0.842105
0.833333
0.825
0.85
0.852941
0.852941
0.815789
0.815789
0.815789
0.815789
0.815789
0.857031
0.85
0.825
0.826923
0.833333
0.833333
0.826923
0.826923
0.815789
0.815789
0.826923
0.826923
0.825
0.826923
0.815789
0.820513
0.847826
0.815789
0.845588
0.815789
0.826923
0.815789
0.826923
0.837209
0.837209
0.815789
0.833333
0.815789
0.833333
0.846774
0.833333
0.825
0.833333
0.842593
0.815789
0.830189
0.815789
0.847561
0.85
0.85
0.84375
0.8375
0.815789
0.820513
0.833333
0.825
0.855164
0.855769
0.825
0.826923
0.8375
0.842593
0.815789
0.815789
0.850394
0.855769
0.842105
0.845588
0.856108
0.815789
0.839286
0.842857
0.815789
0.815789
0.844037
0.838235
0.838235
0.7
0.857096
0.839286
0.815789
0.850575
0.856756
0.854123
0.840426
0.815789
0.815789
0.815789
0.846667
0.826923
0.815789
0.815789
0.850515
0.848315
0.856383
0.842593
0.825
0.8375
0.815789
0.815789
0.830189
0.853723
0.848315
0.855833
0.853591
0.854244
0.849315
0.854396
0.848214
0.844262
0.844262
0.815789
0.846667
0.826923
0.815789
0.815789
0.815789
0.815789
0.826923
0.820513
0.837209
0.833333
0.840426
0.825
0.842857
0.833333
0.825
0.825
0.815789
0.815789
0.815789
0.823529
0.856695
0.825
0.833333
0.815789
0.815789
0.815789
0.815789
0.840426
0.815789
0.833333
0.815789
0.820513
0.85
0.85
0.854369
0.85
0.833333
0.855346
0.833333
0.85
0.815789
0.833333
0.927632
0.894737
0.921348
0.894737
0.921986
0.909091
0.904762
0.894737
0.904762
0.919118
0.903846
0.921053
0.92233
0.894737
0.8625
0.815789
0.826923
0.855263
0.833333
0.826923
0.846939
0.833333
0.8375
0.854633
0.815789
0.830189
0.8375
0.853093
0.840426
0.833333
0.833333
0.833333
0.841463
0.849206
0.856061
0.826923
0.847561
0.815789
0.847561
0.845455
0.833333
0.815789
0.820513
0.853909
0.835821
0.848315
0.815789
0.815789
0.821429
0.85
0.833333
0.833333
0.85
0.833333
0.833333
0.815789
0.840909
0.855769
0.855769
0.854086
0.855381
0.826923
0.85
0.815789
0.825
0.820513
0.833333
0.826923
0.833333
0.845588
0.815789
0.852547
0.855795
0.839286
0.826923
0.853909
0.853896
0.826923
0.815789
0.846667
0.848958
0.825
0.826923
0.835821
0.826923
0.826923
0.833333
0.815789
0.815789
0.842593
0.815789
0.815789
0.815789
0.825
0.854286
0.857122
0.821429
0.851613
0.815789
0.815789
0.825
0.840909
0.845528
0.844262
0.815789
0.838235
0.847561
0.791667
0.857139
0.833333
0.833333
0.830189
0.856877
0.818182
0.925373
0.918033
0.9
0.897436
0.92
0.909091
0.897436
0.922727
0.921053
0.914286
0.903846
0.911765
0.907407
0.894737
0.894737
0.9125
0.9125
0.9
0.909091
0.903846
0.903846
0.919708
0.923729
0.9
0.909091
0.9
0.903846
0.909091
0.894737
0.904762
0.894737
0.904762
0.894737
0.906977
0.920732
0.869048
0.826923
0.844444
0.833333
0.840909
0.818182
0.927273
0.9
0.921053
0.888889
0.894737
0.9
0.894737
0.818182
0.871174
0.856089
0.857076
0.856471
0.854167
0.855346
0.856838
0.833333
0.815789
0.833333
0.845588
0.826923
0.833333
0.854167
0.833333
0.815789
0.833333
0.833333
0.856986
0.857122
0.853933
0.84507
0.825
0.820513
0.820513
0.850806
0.827586
0.857143
0.853846
0.826923
0.841463
0.840426
0.815789
0.837209
0.833333
0.840426
0.833333
0.815789
0.815789
0.815789
0.815789
0.825
0.826923
0.826923
0.820513
0.835821
0.853896
0.839286
0.857068
0.857079
0.847222
0.856659
0.852941
0.827586
0.807692
0.85
0.815789
0.833333
0.820513
0.815789
0.815789
0.815789
0.815789
0.833333
0.833333
0.826923
0.815789
0.815789
0.825
0.826923
0.820513
0.815789
0.820513
0.815789
0.815789
0.833333
0.815789
0.815789
0.838235
0.837209
0.826923
0.815789
0.815789
0.847059
0.833333
0.837209
0.820513
0.845238
0.826923
0.833333
0.854839
0.840909
0.7
0.857064
0.856466
0.851974
0.85
0.855324
0.848958
0.844262
0.844262
0.826923
0.815789
0.84058
0.844262
0.840909
0.848684
0.815789
0.815789
0.825
0.84
0.919118
0.92233
0.894737
0.903846
0.894737
0.897436
0.9125
0.907407
0.9125
0.924342
0.918182
0.903846
0.9125
0.903846
0.894737
0.90566
0.914894
0.894737
0.926966
0.918367
0.858288
0.856965
0.856421
0.844262
0.826923
0.833333
0.833333
0.833333
0.85474
0.855699
0.839286
0.815789
0.826923
0.815789
0.815789
0.837209
0.815789
0.815789
0.815789
0.833333
0.842593
0.8375
0.845588
0.843373
0.854386
0.8375
0.847682
0.845528
0.848485
0.845588
0.852201
0.815789
0.815789
0.815789
0.815789
0.848214
0.826923
0.855
0.85528
0.854688
0.8375
0.815789
0.815789
0.833333
0.842105
0.838235
0.815789
0.815789
0.845455
0.845588
0.833333
0.815789
0.833333
0.815789
0.826923
0.842593
0.830189
0.84058
0.855932
0.833333
0.85
0.85
0.855263
0.849206
0.844828
0.851613
0.855769
0.815789
0.840909
0.853488
0.855107
0.856582
0.853604
0.815789
0.851974
0.846667
0.851974
0.840426
0.815789
0.845361
0.842593
0.851724
0.854452
0.848958
0.847561
0.845238
0.846667
0.840426
0.85
0.826923
0.815789
0.815789
0.815789
0.842105
0.815789
0.840426
0.850427
0.85
0.846774
0.826923
0.815789
0.846667
0.844262
0.815789
0.8375
0.849162
0.850806
0.85
0.815789
0.846667
0.826923
0.826923
0.848684
0.850806
0.85562
0.855528
0.826923
0.821429
0.849741
0.8375
0.84375
0.815789
0.815789
0.815789
0.815789
0.839286
0.833333
0.826923
0.815789
0.815789
0.845588
0.833333
0.833333
0.815789
0.8375
0.855128
0.815789
0.826923
0.826923
0.815789
0.856028
0.815789
0.852201
0.849515
0.833333
0.825
0.853801
0.839286
0.825
0.829268
0.815789
0.833333
0.833333
0.842593
0.848485
0.85
0.833333
0.825
0.815789
0.833333
0.815789
0.846667
0.855735
0.856714
0.847561
0.815789
0.854317
0.833333
0.815789
0.854317
0.815789
0.833333
0.815789
0.815789
0.856269
0.840426
0.837209
0.855377
0.845528
0.848485
0.851064
0.815789
0.837209
0.7
0.855124
0.85528
0.856538
0.852941
0.815789
0.825
0.856661
0.833333
0.815789
0.8375
0.826923
0.815789
0.815789
0.849398
0.820513
0.852113
0.833333
0.845588
0.815789
0.825
0.815789
0.820513
0.826923
0.815789
0.791667
0.851974
0.845588
0.820513
0.826923
0.8375
0.826923
0.826923
0.826923
0.84
0.894737
0.920354
0.894737
0.9125
0.92
0.9125
0.921875
0.907407
0.928238
0.9
0.909091
0.9125
0.894737
0.903846
0.903846
0.903846
0.90566
0.918033
0.918182
0.894737
0.894737
0.90566
0.925
0.914894
0.9
0.916667
0.911765
0.89816
0.8375
0.815789
0.854839
0.815789
0.815789
0.825
0.85
0.833333
0.833333
0.815789
0.853261
0.840426
0.826923
0.818182
0.905776
0.825
0.842105
0.85493
0.815789
0.815789
0.826923
0.85625
0.820513
0.839286
0.840426
0.820513
0.815789
0.815789
0.815789
0.842593
0.845238
0.839286
0.845588
0.852941
0.85
0.856314
0.844262
0.815789
0.826923
0.85
0.8375
0.815789
0.815789
0.815789
0.853365
0.815789
0.837209
0.833333
0.850394
0.833333
0.821429
0.833333
0.833333
0.815789
0.791667
0.852941
0.85
0.856314
0.855372
0.833333
0.815789
0.837209
0.825
0.815789
0.848837
0.833333
0.815789
0.85
0.833333
0.851351
0.856667
0.833333
0.830189
0.815789
0.815789
0.820513
0.815789
0.826923
0.848214
0.842857
0.815789
0.826923
0.840426
0.854037
0.8375
0.815789
0.815789
0.830189
0.842593
0.845455
0.853741
0.815789
0.815789
0.815789
0.826923
0.833333
0.826923
0.815789
0.833333
0.826923
0.815789
0.815789
0.820513
0.833333
0.833333
0.857087
0.826923
0.815789
0.815789
0.815789
0.815789
0.852
0.855583
0.815789
0.815789
0.842593
0.837209
0.815789
0.826923
0.815789
0.820513
0.833333
0.820513
0.833333
0.852518
0.839286
0.815789
0.815789
0.815789
0.815789
0.852201
0.853994
0.848315
0.840426
0.833333
0.826923
