0.214305
0.443422
0.4375
0.532439
0.562297
0.611351
0.62
0.611111
0.611111
0.611111
0.624851
0.625743
0.720215
0.749499
0.749865
0.722222
0.714286
0.749752
0.749788
0.722222
0.714286
0.749956
0.749553
0.749877
0.74359
0.749869
0.748918
0.748366
0.748958
0.748899
0.749889
0.747396
0.749822
0.736842
0.6875
0.749977
0.745833
0.749653
0.747748
0.748775
0.748276
0.749513
0.74375
0.749784
0.749601
0.749733
0.748966
0.749938
0.749948
0.749774
0.739726
0.743902
0.749135
0.749923
0.749718
0.749758
0.749828
0.749956
0.746914
0.749871
0.749653
0.749783
0.747159
0.749064
0.714286
0.733333
0.749794
0.749789
0.749943
0.749757
0.749265
0.749714
0.749823
0.749966
0.746875
0.74949
0.74375
0.749931
0.749775
0.733333
0.714286
0.744792
0.749834
0.74744
0.748735
0.749822
0.749791
0.749801
0.749094
0.749794
0.6875
0.749677
0.6875
0.749951
0.749725
0.747126
0.749383
0.749781
0.714286
0.749743
0.748563
0.742857
0.749813
0.749641
0.6875
0.749045
0.749683
0.749746
0.749754
0.74995
0.6875
0.6875
0.749943
0.749701
0.749471
0.746875
0.749483
0.749704
0.746324
0.6875
0.749898
0.749822
0.6875
0.6875
0.74963
0.749748
0.749798
0.745342
0.749877
0.749937
0.749866
0.748798
0.749268
0.749589
0.749603
0.748936
0.748886
0.749167
0.749698
0.749906
0.749957
0.749813
0.746412
0.749064
0.7475
0.6875
0.749091
0.749711
0.749219
0.749432
0.749861
0.74996
0.74858
0.749425
0.743056
0.6875
0.6875
0.6875
0.6875
0.749791
0.749947
0.6875
0.6875
0.6875
0.6875
0.7492
0.740385
0.749916
0.749946
0.749816
0.748582
0.6875
0.6875
0.749457
0.749211
0.749762
0.6875
0.666667
0.749709
0.749673
0.749921
0.749738
0.740741
0.749781
0.749799
0.749509
0.749641
0.74867
0.749919
0.749442
0.749455
0.6875
0.748563
0.749727
0.742574
0.743243
0.747024
0.6875
0.749831
0.749461
0.749781
0.749874
0.74966
0.749686
0.6875
0.749953
0.749673
0.744792
0.6875
0.6875
0.6875
0.747283
0.74972
0.74988
0.749893
0.749823
0.743902
0.749496
0.749896
0.74984
0.749432
0.749672
0.749967
0.749053
0.625
0.749642
0.749637
0.749746
0.749699
0.722222
0.6875
0.722222
0.6875
0.7
0.6875
0.666667
0.6875
0.625
0.749902
0.7
0.748563
0.743802
0.749824
0.666667
0.74993
0.6875
0.746888
0.7
0.7375
0.722222
0.7
0.743056
0.6875
0.6875
0.6875
0.73913
0.749315
0.749759
0.748355
0.74967
0.6875
0.625
0.749715
0.749847
0.749878
0.749728
0.749333
0.749672
0.6875
0.6875
0.6875
0.749709
0.6875
0.749818
0.749133
0.729167
0.7
0.749567
0.749916
0.666667
0.749971
0.749703
0.749538
0.749726
0.714286
0.749692
0.71875
0.6875
0.6875
0.6875
0.749398
0.748184
0.745223
0.749817
0.6875
0.6875
0.6875
0.6875
0.6875
0.6875
0.6875
0.7375
0.6875
0.749465
0.749771
0.747774
0.746269
0.749881
0.735294
0.749856
0.71875
0.6875
0.6875
0.6875
0.6875
0.7
0.6875
0.6875
0.6875
0.6875
0.6875
0.71875
0.6875
0.666667
0.666667
0.666667
0.722222
0.666667
0.6875
0.749953
0.666667
0.6875
0.6875
0.6875
0.6875
0.7
0.666667
0.666667
0.714286
0.749791
0.741935
0.6875
0.666667
0.666667
0.6875
0.6875
0.6875
0.6875
0.6875
0.6875
0.6875
0.6875
0.6875
0.748663
0.749612
0.749852
0.749776
0.747126
0.749982
0.6875
0.747368
0.748031
0.6875
0.74934
0.749863
0.749677
0.749842
0.666667
0.6875
0.71875
0.722222
0.6875
0.625
0.749925
0.6875
0.6875
0.745192
0.6875
0.749023
0.749906
0.6875
0.71875
0.6875
0.749137
0.6875
0.6875
0.714286
0.714286
0.714286
0.6875
0.714286
0.714286
0.6875
0.7
0.746835
0.714286
0.7
0.714286
0.7
0.747748
0.741935
0.749717
0.748148
0.749433
0.714286
0.71875
0.714286
0.733333
0.714286
0.714286
0.714286
0.714286
0.666667
0.714286
0.714286
0.74911
0.749783
0.749942
0.6875
0.714286
0.714286
0.666667
0.666667
0.714286
0.7488
0.714286
0.748184
0.74992
0.749713
0.749785
0.748047
0.6875
0.714286
0.625
0.74994
0.722222
0.666667
0.6875
0.6875
0.714286
0.714286
0.714286
0.6875
0.666667
0.749684
0.749149
0.666667
0.749914
0.666667
0.714286
0.7496
0.749616
0.749786
0.6875
0.714286
0.733333
0.71875
0.6875
0.714286
0.741935
0.71875
0.749609
0.714286
0.714286
0.714286
0.714286
0.714286
0.6875
0.6875
0.714286
0.714286
0.666667
0.714286
0.714286
0.6875
0.7
0.749008
0.666667
0.749857
0.749284
0.666667
0.749952
0.6875
0.714286
0.71875
0.714286
0.746875
0.666667
0.6875
0.6875
0.74911
0.74991
0.714286
0.729167
0.749816
0.714286
0.6875
0.666667
0.714286
0.714286
0.666667
0.749777
0.714286
0.7
0.666667
0.714286
0.714286
0.714286
0.714286
0.714286
0.714286
0.6875
0.714286
0.714286
0.714286
0.714286
0.714286
0.714286
0.714286
0.625
0.749216
0.749228
0.666667
0.714286
0.714286
0.705882
0.749223
0.748521
0.749867
0.714286
0.714286
0.666667
0.722222
0.666667
0.6875
0.74977
0.73913
0.714286
0.714286
0.714286
0.71875
0.6875
0.714286
0.74987
0.747126
0.6875
0.714286
0.733333
0.714286
0.714286
0.74
0.714286
0.714286
0.714286
0.71875
0.714286
0.714286
0.749959
0.74968
0.749791
0.749882
0.749904
0.748503
0.749972
0.749859
0.749962
0.749427
0.749973
0.749921
0.749618
0.625
0.748886
0.714286
0.6875
0.749651
0.749777
0.714286
0.666667
0.71875
0.625
0.749906
0.749964
0.714286
0.666667
0.666667
0.749268
0.747664
0.714286
0.6875
0.725
0.749812
0.749783
0.748879
0.666667
0.714286
0.749627
0.749812
0.747541
0.714286
0.714286
0.714286
0.714286
0.73913
0.6875
0.714286
0.722222
0.749906
0.6875
0.749798
0.714286
0.714286
0.749216
0.6875
0.666667
0.74375
0.714286
0.6875
0.666667
0.714286
0.7
0.7488
0.74969
0.748441
0.744361
0.73913
0.749946
0.749877
0.714286
0.748252
0.6875
0.749875
0.749905
0.749361
0.746939
0.749805
0.714286
0.714286
0.749931
0.748792
0.71875
0.714286
0.666667
0.714286
0.71875
0.714286
0.733333
0.7
0.714286
0.714286
0.625
0.746875
0.666667
0.742188
0.746154
0.749937
0.714286
0.714286
0.666667
0.714286
0.714286
0.74998
0.7
0.722222
0.6875
0.714286
0.666667
0.749857
0.714286
0.714286
0.749084
0.749721
0.714286
0.714286
0.714286
0.714286
0.666667
0.749386
0.749563
0.666667
0.749946
0.714286
0.714286
0.714286
0.714286
0.714286
0.729167
0.714286
0.747748
0.6875
0.729167
0.749296
0.747126
0.714286
0.666667
0.729167
0.749544
0.666667
0.7
0.722222
0.749466
0.749914
0.74986
0.749732
0.748252
0.666667
0.666667
0.747368
0.714286
0.714286
0.666667
0.714286
0.714286
0.733333
0.714286
0.714286
0.714286
0.714286
0.714286
0.749523
0.749361
0.749858
0.749441
0.714286
0.736842
0.748235
0.749737
0.749447
0.749947
0.714286
0.714286
0.6875
0.714286
0.625
0.714286
0.714286
0.749937
0.749583
0.749588
0.625
0.749852
0.74833
0.749789
0.749689
0.74971
0.714286
0.73913
0.666667
0.666667
0.714286
0.749592
0.6875
0.6875
0.734375
0.714286
0.714286
0.714286
0.714286
0.666667
0.714286
0.6875
0.625
0.749077
0.714286
0.748614
0.749752
0.749913
0.749398
0.749669
0.749463
0.749386
0.749752
0.666667
0.666667
0.666667
0.749492
0.73913
0.729167
0.714286
0.714286
0.714286
0.714286
0.666667
0.747405
0.749941
0.733333
0.749973
0.749857
0.666667
0.749572
0.748166
0.749901
0.749894
0.749746
0.7375
0.714286
0.749955
0.747253
0.73913
0.714286
0.714286
0.714286
0.749923
0.749495
0.666667
0.666667
0.749934
0.749921
0.74971
0.749804
0.744681
0.6875
0.7
0.749642
0.749129
0.6875
0.722222
0.733333
0.666667
0.749774
0.714286
0.6875
0.73913
0.714286
0.714286
0.714286
0.714286
0.666667
0.6875
0.7
0.749834
0.74983
0.749763
0.6875
0.729167
0.714286
0.714286
0.6875
0.749777
0.729167
0.714286
0.714286
0.714286
0.714286
0.666667
0.714286
0.714286
0.714286
0.714286
0.714286
0.714286
0.749258
0.74856
0.749216
0.749223
0.749905
0.749674
0.714286
0.666667
0.714286
0.748466
0.748784
0.6875
0.749667
0.745763
0.749583
0.749472
0.714286
0.666667
0.6875
0.749818
0.749846
0.74975
0.74926
0.749689
0.749735
0.74995
0.666667
0.666667
0.714286
0.749667
0.714286
0.746479
0.714286
0.7375
0.749736
0.749824
0.666667
0.749515
0.74
0.74964
0.625
0.749836
0.666667
0.666667
0.714286
0.714286
0.714286
0.666667
0.666667
0.74966
0.6875
0.714286
0.749324
0.749673
0.749943
0.714286
0.714286
0.714286
0.714286
0.714286
0.749874
0.749858
0.749516
0.746341
0.6875
0.6875
0.714286
0.714286
0.714286
0.714286
0.714286
0.666667
0.749894
0.748355
0.74954
0.749538
0.749636
0.749721
0.74978
0.748593
0.7498
0.748428
0.749894
0.749934
0.714286
0.6875
0.714286
0.714286
0.666667
0.714286
0.6875
0.714286
0.714286
0.714286
0.749223
0.749952
0.749739
0.748948
0.749744
0.714286
0.714286
0.6875
0.733333
0.625
0.749129
0.714286
0.714286
0.714286
0.666667
0.741573
0.666667
0.714286
0.714286
0.714286
0.6875
0.714286
0.714286
0.714286
0.666667
0.714286
0.714286
0.714286
0.6875
0.714286
0.666667
0.714286
0.714286
0.714286
0.714286
0.714286
0.749786
0.749216
0.749785
0.74994
0.714286
0.714286
0.666667
0.6875
0.714286
0.714286
0.749306
0.666667
0.6875
0.749693
0.714286
0.748798
0.666667
0.714286
0.714286
0.714286
0.733333
0.749809
0.749827
0.74359
0.749049
0.749625
0.749966
0.714286
0.6875
0.7
0.749758
0.714286
0.714286
0.666667
0.714286
0.666667
0.749756
0.749422
0.749373
0.749503
0.6875
0.71875
0.714286
0.714286
0.714286
0.749216
0.714286
0.714286
0.714286
0.749288
0.714286
0.6875
0.749077
0.74933
0.749742
0.749893
0.714286
0.666667
0.733333
0.714286
0.714286
0.666667
0.714286
0.714286
0.714286
0.666667
0.714286
0.714286
0.666667
0.6875
0.714286
0.749723
0.6875
0.714286
0.714286
0.714286
0.666667
0.666667
0.749757
0.7
0.742188
0.714286
0.714286
0.6875
0.714286
0.6875
0.749759
0.714286
0.714286
0.714286
0.6875
0.74969
0.746875
0.714286
0.714286
0.6875
0.749699
0.714286
0.714286
0.7
0.714286
0.749235
0.625
0.749916
0.733333
0.6875
0.714286
0.708333
0.741071
0.6875
0.749817
0.749928
0.714286
0.749735
0.714286
0.749825
0.748252
0.6875
0.714286
0.714286
0.6875
0.714286
0.749834
0.666667
0.714286
0.714286
0.714286
0.749009
0.749523
0.749664
0.714286
0.714286
0.714286
0.666667
0.6875
0.714286
0.714286
0.666667
0.749478
0.749607
0.714286
0.666667
0.714286
0.6875
0.666667
0.74987
0.749378
0.6875
0.714286
0.666667
0.666667
0.666667
0.666667
0.6875
0.714286
0.714286
0.714286
0.714286
0.714286
0.6875
0.714286
0.714286
0.749526
0.749789
0.714286
0.74934
0.749713
0.749293
0.746341
0.666667
0.748775
0.714286
0.747253
0.747475
0.714286
0.625
0.749855
0.749427
0.666667
0.749416
0.749816
0.6875
0.714286
0.666667
0.666667
0.749917
0.714286
0.666667
0.666667
0.714286
0.666667
0.666667
0.749792
0.748571
0.748879
0.748011
0.749347
0.714286
0.714286
0.714286
0.666667
0.749789
0.749546
0.666667
0.714286
0.666667
0.714286
0.714286
0.714286
0.714286
0.73913
0.743119
0.714286
0.714286
0.714286
0.714286
0.666667
0.714286
0.714286
0.714286
0.714286
0.714286
0.6875
0.625
0.749319
0.625
0.749965
0.74898
0.714286
0.749584
0.749807
0.749729
0.748918
0.749746
0.714286
0.6875
0.714286
0.714286
0.741935
0.666667
0.6875
0.714286
0.714286
0.714286
0.749618
0.749761
0.749229
0.666667
0.749254
0.749446
0.749832
0.749722
0.722222
0.666667
0.666667
0.71875
0.749712
0.744681
0.745856
0.748936
0.748641
0.6875
0.6875
0.749311
0.749565
0.714286
0.666667
0.666667
0.722222
0.714286
0.714286
0.714286
0.744681
0.748111
0.6875
0.748954
0.714286
0.714286
0.7
0.749829
0.749097
0.6875
0.749632
0.666667
0.71875
0.745562
0.748614
0.714286
0.714286
0.714286
0.714286
0.714286
0.749709
0.6875
0.714286
0.714286
0.6875
0.748299
0.73913
0.714286
0.748503
0.748966
0.749815
0.714286
0.714286
0.666667
0.714286
0.714286
0.714286
0.666667
0.714286
0.7
0.6875
0.714286
0.714286
0.6875
0.666667
0.666667
0.746606
0.748954
0.714286
0.714286
0.714286
0.666667
0.714286
0.714286
0.714286
0.749049
0.749274
0.749091
0.6875
0.749469
0.714286
0.714286
0.714286
0.666667
0.714286
0.714286
0.666667
0.666667
0.714286
0.666667
0.714286
0.749873
0.749265
0.74359
0.6875
0.749035
0.666667
0.74994
0.74934
0.714286
0.749203
0.714286
0.714286
0.741935
0.749418
0.74948
0.749373
0.747748
0.749696
0.666667
0.666667
0.714286
0.714286
0.666667
0.666667
0.746032
0.666667
0.749371
0.749319
0.714286
0.666667
0.6875
0.714286
0.666667
0.666667
0.749129
0.749584
0.741935
0.666667
0.666667
0.714286
0.74026
0.736842
0.746835
0.7
0.747368
0.749574
0.74902
0.74982
0.749568
0.74026
0.74973
0.74867
0.666667
0.666667
0.6875
0.749503
0.747664
0.749664
0.7497
0.748918
0.714286
0.74876
0.714286
0.749822
0.745223
0.714286
0.666667
0.666667
0.666667
0.6875
0.741935
0.749329
0.6875
0.666667
0.666667
0.71875
0.666667
0.666667
0.666667
0.666667
0.666667
0.749254
0.74942
0.749835
0.666667
0.714286
0.746835
0.6875
0.749082
0.748527
0.666667
0.666667
0.666667
0.748031
0.748219
0.748428
0.714286
0.714286
0.749382
0.749878
0.733333
0.74922
0.747059
0.749361
0.666667
0.666667
0.666667
0.666667
0.714286
0.747405
0.666667
0.714286
0.6875
0.6875
0.714286
0.666667
0.714286
0.666667
0.714286
0.749588
0.666667
0.666667
0.666667
0.666667
0.714286
0.666667
0.666667
0.666667
0.666667
0.666667
0.666667
0.666667
0.666667
0.666667
0.666667
0.666667
0.666667
0.666667
0.666667
0.749213
0.749049
0.749945
0.714286
0.714286
0.666667
0.666667
0.714286
0.714286
0.714286
0.714286
0.666667
0.714286
0.666667
0.714286
0.741935
0.714286
0.714286
0.714286
0.714286
0.714286
0.714286
0.749254
0.747573
0.749763
0.749702
0.666667
0.6875
0.666667
0.714286
0.749945
0.714286
0.6875
0.714286
0.714286
0.666667
0.714286
0.714286
0.666667
0.741071
0.6875
0.666667
0.714286
0.714286
0.714286
0.666667
0.714286
0.714286
0.733333
0.749797
0.74902
0.666667
0.666667
0.666667
0.666667
0.666667
0.666667
0.714286
0.714286
0.666667
0.714286
0.666667
0.666667
0.666667
0.666667
0.74813
0.749239
0.749681
0.666667
0.714286
0.666667
0.666667
0.666667
0.6875
0.666667
0.666667
0.666667
0.714286
0.749896
0.749441
0.749831
0.748821
0.749298
0.666667
0.714286
0.746032
0.714286
0.666667
0.748031
0.74971
0.714286
0.741935
0.666667
0.714286
0.714286
0.666667
0.714286
0.666667
0.666667
0.666667
0.740741
0.748653
0.666667
0.714286
0.714286
0.666667
0.714286
0.666667
0.666667
0.714286
0.72
0.749726
0.746835
0.666667
0.722222
0.749009
0.745665
0.748571
0.714286
0.749235
0.748571
0.714286
0.714286
0.714286
0.714286
0.666667
0.6875
0.714286
0.714286
0.666667
0.666667
0.748879
0.666667
0.666667
0.666667
0.666667
0.666667
0.722222
0.745455
0.714286
0.714286
0.71875
0.666667
0.714286
0.666667
0.714286
0.666667
0.666667
0.666667
0.714286
0.714286
0.714286
0.666667
0.74744
0.7475
0.749495
0.666667
0.666667
0.666667
0.666667
0.666667
0.749474
0.666667
0.714286
0.666667
0.714286
0.666667
0.714286
0.666667
0.714286
0.666667
0.666667
0.714286
0.714286
0.714286
0.714286
0.6875
0.6875
0.666667
0.6875
0.714286
0.666667
0.71875
0.714286
0.6875
0.749268
0.74359
0.714286
0.714286
0.714286
0.714286
0.714286
0.714286
0.714286
0.714286
0.666667
0.714286
0.714286
0.714286
0.714286
0.714286
0.714286
0.666667
0.666667
0.714286
0.714286
0.714286
0.714286
0.666667
0.666667
0.714286
0.714286
0.714286
0.749779
0.749343
0.749511
0.749522
0.714286
0.714286
0.746032
0.714286
0.666667
0.666667
0.666667
0.666667
0.666667
0.666667
0.666667
0.714286
0.666667
0.666667
0.714286
0.666667
0.714286
0.748792
0.666667
0.714286
0.741935
0.749077
0.714286
0.666667
0.714286
0.666667
0.6875
0.714286
0.666667
0.666667
0.666667
0.666667
0.666667
0.714286
0.714286
0.666667
0.714286
0.733333
0.666667
0.666667
0.666667
0.666667
0.666667
0.666667
0.666667
0.666667
0.666667
0.714286
0.714286
0.666667
0.666667
0.666667
0.666667
0.714286
0.714286
0.666667
0.666667
0.733333
0.733333
0.722222
0.714286
0.749239
0.74983
0.749759
0.738462
0.714286
0.666667
0.666667
0.666667
0.714286
0.666667
0.714286
0.714286
0.666667
0.666667
0.749726
0.6875
0.714286
0.666667
0.666667
0.73913
0.666667
0.666667
0.666667
0.666667
0.666667
0.666667
0.666667
0.666667
0.666667
0.666667
0.666667
0.714286
0.714286
0.666667
0.666667
0.6875
0.666667
0.714286
0.714286
0.666667
0.714286
0.714286
0.666667
0.666667
0.714286
0.714286
0.714286
0.714286
0.714286
0.6875
0.714286
0.749441
0.714286
0.666667
0.666667
0.666667
0.666667
0.666667
0.666667
0.714286
0.666667
0.666667
0.666667
0.714286
0.714286
0.714286
0.714286
0.666667
0.714286
0.749588
0.749091
0.745192
0.714286
0.714286
0.714286
0.666667
0.666667
0.714286
0.714286
0.714286
0.6875
0.714286
0.666667
0.714286
0.666667
0.666667
0.666667
0.666667
0.666667
0.714286
0.666667
0.666667
0.714286
0.666667
0.666667
0.749789
0.733333
0.714286
0.714286
0.745455
0.6875
0.714286
0.666667
0.666667
0.666667
0.666667
0.666667
0.666667
0.714286
0.714286
0.666667
0.666667
0.666667
0.666667
0.714286
0.666667
0.666667
0.666667
0.666667
0.666667
0.666667
0.6875
0.714286
0.714286
0.6875
0.666667
0.714286
0.722222
0.666667
0.666667
0.666667
0.666667
0.666667
0.749709
0.747368
0.714286
0.6875
0.734694
0.746781
0.748031
0.714286
0.666667
0.714286
0.6875
0.666667
0.666667
0.666667
0.734375
0.666667
0.714286
0.666667
0.666667
0.714286
0.714286
0.714286
0.729167
0.6875
0.714286
0.714286
0.714286
0.714286
0.714286
0.714286
0.666667
0.6875
0.714286
0.7
0.714286
0.714286
0.714286
0.714286
0.666667
0.666667
0.666667
0.714286
0.714286
0.666667
0.666667
0.714286
0.666667
0.666667
0.666667
0.714286
0.666667
0.666667
0.666667
0.714286
0.666667
0.666667
0.666667
0.714286
0.714286
0.714286
0.666667
0.714286
0.714286
0.714286
0.666667
0.666667
0.666667
0.714286
0.714286
0.6875
0.6875
0.749014
0.748438
0.747748
0.6875
0.733333
0.714286
0.714286
0.666667
0.666667
0.666667
0.666667
0.666667
0.727273
0.714286
0.666667
0.6875
0.666667
0.6875
0.714286
0.666667
0.666667
0.714286
0.714286
0.714286
0.666667
0.666667
0.666667
0.666667
0.666667
0.714286
0.666667
0.666667
0.714286
0.666667
0.714286
0.666667
0.714286
0.714286
0.666667
0.666667
0.666667
0.666667
0.666667
0.6875
0.714286
0.714286
0.714286
0.714286
0.666667
0.714286
0.714286
0.666667
0.666667
0.666667
0.666667
0.714286
0.741573
0.733333
0.746606
0.714286
0.6875
0.714286
0.6875
0.714286
0.666667
0.666667
0.666667
0.666667
0.666667
0.666667
0.714286
0.666667
0.714286
0.714286
0.666667
0.666667
0.666667
0.666667
0.666667
0.666667
0.666667
0.666667
0.714286
0.666667
0.666667
0.666667
0.666667
0.714286
0.714286
0.666667
0.714286
0.666667
0.666667
0.714286
0.714286
0.666667
0.714286
0.6875
0.666667
0.714286
0.666667
0.666667
0.666667
0.666667
0.714286
0.714286
0.749347
0.714286
0.73913
0.714286
0.714286
0.666667
0.666667
0.666667
0.714286
0.714286
0.666667
0.714286
0.733333
0.714286
0.714286
0.6875
0.6875
0.714286
0.714286
0.714286
0.741935
0.714286
0.714286
0.666667
0.714286
0.714286
0.714286
0.666667
0.714286
0.714286
0.714286
0.714286
0.666667
0.714286
0.714286
0.714286
0.714286
0.714286
0.749175
0.714286
0.714286
0.714286
0.6875
0.6875
0.746032
0.6875
0.714286
0.6875
0.733333
0.666667
0.714286
0.666667
0.714286
0.722222
0.733333
0.6875
0.666667
0.714286
0.714286
0.6875
0.666667
0.714286
0.666667
0.666667
0.666667
0.714286
0.714286
0.714286
0.714286
0.714286
0.6875
0.714286
0.714286
0.714286
0.733333
0.714286
0.714286
0.733333
0.714286
0.714286
0.714286
0.714286
0.714286
0.733333
0.714286
0.714286
0.71875
0.714286
0.714286
0.714286
0.6875
0.6875
0.744681
0.714286
0.71875
0.714286
0.733333
0.714286
0.733333
0.714286
0.714286
0.714286
0.714286
0.714286
0.666667
0.666667
0.666667
0.666667
0.666667
0.666667
0.6875
0.744681
0.714286
0.714286
0.714286
0.714286
0.6875
0.714286
0.73913
0.6875
0.741935
0.714286
0.714286
0.6875
0.714286
0.714286
0.714286
0.6875
0.714286
0.714286
0.714286
0.714286
0.714286
0.714286
0.714286
0.6875
0.714286
0.714286
0.714286
0.6875
0.714286
0.714286
0.714286
0.741935
0.714286
0.722222
0.733333
0.714286
0.714286
0.714286
0.666667
0.666667
0.6875
0.714286
0.666667
0.714286
0.666667
0.714286
0.714286
0.714286
0.666667
0.714286
0.741935
0.6875
0.714286
0.6875
0.73913
0.714286
0.714286
0.714286
0.714286
0.714286
0.714286
0.6875
0.714286
0.746835
0.714286
0.714286
0.73913
0.714286
0.6875
0.666667
0.714286
0.714286
0.749481
0.74883
0.714286
0.714286
0.6875
0.714286
0.666667
0.666667
0.666667
0.714286
0.666667
0.714286
0.666667
0.666667
0.666667
0.666667
0.666667
0.666667
0.666667
0.666667
0.714286
0.714286
0.714286
0.666667
0.666667
0.714286
0.666667
0.6875
0.714286
0.714286
0.714286
0.714286
0.746835
0.714286
0.714286
0.714286
0.714286
0.749129
0.714286
0.705882
0.749843
0.743056
0.714286
0.714286
0.714286
0.666667
0.666667
0.666667
0.666667
0.6875
0.666667
0.666667
0.666667
0.666667
0.666667
0.666667
0.714286
0.666667
0.714286
0.6875
0.666667
0.7
0.714286
0.666667
0.666667
0.666667
0.666667
0.714286
0.666667
0.666667
0.666667
0.714286
0.666667
0.666667
0.666667
0.666667
0.666667
0.714286
0.666667
0.666667
0.6875
0.666667
0.666667
0.666667
0.666667
0.666667
0.666667
0.714286
0.6875
0.714286
0.733333
0.6875
0.714286
0.714286
0.6875
0.666667
0.666667
0.714286
0.714286
0.714286
0.714286
0.666667
0.714286
0.666667
0.714286
0.74
0.6875
0.714286
0.714286
0.714286
0.6875
0.666667
0.666667
0.714286
0.714286
0.666667
0.714286
0.733333
0.714286
0.746032
0.714286
0.714286
0.729167
0.714286
0.733333
0.714286
0.6875
0.714286
0.6875
0.714286
0.714286
0.714286
0.666667
0.714286
0.6875
0.714286
0.714286
0.714286
0.714286
0.714286
0.714286
0.714286
0.73913
0.714286
0.714286
0.714286
0.714286
0.714286
0.714286
0.714286
0.714286
0.714286
0.666667
0.714286
0.6875
0.714286
0.714286
0.714286
0.714286
0.714286
0.714286
0.714286
0.6875
0.714286
0.733333
0.714286
0.714286
0.6875
0.714286
0.714286
0.714286
0.714286
0.714286
0.714286
0.714286
0.714286
0.6875
0.714286
0.714286
0.6875
0.714286
0.714286
0.714286
0.714286
0.714286
0.714286
0.714286
0.714286
0.714286
0.714286
0.722222
0.74359
0.6875
0.714286
0.714286
0.6875
0.73913
0.714286
0.714286
0.714286
0.714286
0.6875
0.714286
0.714286
0.714286
0.714286
0.714286
0.666667
0.714286
0.714286
0.714286
0.714286
0.714286
0.714286
0.714286
0.733333
0.722222
0.749263
0.749398
0.722222
0.747967
0.714286
0.714286
0.6875
0.714286
0.6875
0.714286
0.733333
0.714286
0.714286
0.714286
0.666667
0.666667
0.666667
0.714286
0.666667
0.714286
0.748311
0.714286
0.714286
0.714286
0.714286
0.722222
0.748634
0.714286
0.714286
0.714286
0.714286
0.714286
0.666667
0.714286
0.6875
0.6875
0.714286
0.666667
0.714286
0.666667
0.666667
0.714286
0.666667
0.714286
0.666667
0.714286
0.6875
0.714286
0.666667
0.71875
0.6875
0.714286
0.714286
0.714286
0.714286
0.714286
0.714286
0.714286
0.714286
0.714286
0.6875
0.714286
0.714286
0.6875
0.71875
0.6875
0.714286
0.714286
0.714286
0.714286
0.714286
0.714286
0.714286
0.714286
0.714286
0.733333
0.6875
0.714286
0.714286
0.714286
0.714286
0.714286
0.714286
0.714286
0.714286
0.714286
0.714286
0.714286
0.714286
0.733333
0.722222
0.714286
0.741935
0.714286
0.714286
0.714286
0.733333
0.733333
0.6875
0.714286
0.6875
0.714286
0.714286
0.714286
0.714286
0.714286
0.714286
0.714286
0.714286
0.714286
0.6875
0.714286
0.714286
0.733333
0.714286
0.714286
0.6875
0.714286
0.714286
0.714286
0.714286
0.733333
0.714286
0.666667
0.714286
0.714286
0.714286
0.714286
0.714286
0.714286
0.6875
0.6875
0.749319
0.714286
0.714286
0.714286
0.733333
0.714286
0.714286
0.714286
0.714286
0.666667
0.666667
0.749196
0.714286
0.714286
0.714286
0.6875
0.714286
0.714286
0.666667
0.714286
0.666667
0.666667
0.733333
0.714286
0.714286
0.714286
0.6875
0.666667
0.666667
0.666667
0.714286
0.666667
0.7
0.714286
0.733333
0.6875
0.733333
0.742188
0.746479
0.749667
0.735294
0.6875
0.714286
0.733333
0.714286
0.714286
0.733333
0.714286
0.714286
0.733333
0.714286
0.714286
0.714286
0.6875
0.714286
0.714286
0.714286
0.714286
0.714286
0.73913
0.714286
0.714286
0.741935
0.714286
0.6875
0.6875
0.714286
0.714286
0.714286
0.733333
0.733333
0.6875
0.714286
0.714286
0.714286
0.666667
0.714286
0.714286
0.6875
0.733333
0.714286
0.71875
0.714286
0.714286
0.714286
0.666667
0.714286
0.733333
0.714286
0.714286
0.714286
0.714286
0.714286
0.714286
0.722222
0.714286
0.714286
0.733333
0.714286
0.714286
0.74359
0.6875
0.714286
0.749216
0.714286
0.714286
0.714286
0.6875
0.714286
0.714286
0.714286
0.714286
0.714286
0.73913
0.6875
0.714286
0.714286
0.714286
0.714286
0.6875
0.733333
0.6875
0.714286
0.714286
0.714286
0.7375
0.734694
0.714286
0.714286
0.73913
0.745455
0.666667
0.714286
0.733333
0.714286
0.714286
0.6875
0.714286
0.714286
0.6875
0.666667
0.714286
0.666667
0.666667
0.71875
0.714286
0.714286
0.6875
0.714286
0.6875
0.714286
0.6875
0.714286
0.714286
0.714286
0.714286
0.6875
0.714286
0.6875
0.714286
0.733333
0.714286
0.714286
0.6875
0.748503
0.748837
0.6875
0.714286
0.666667
0.714286
0.666667
0.714286
0.6875
0.6875
0.714286
0.714286
0.6875
0.714286
0.748428
0.714286
0.714286
0.714286
0.714286
0.749153
0.714286
0.714286
0.714286
0.714286
0.714286
0.714286
0.714286
0.714286
0.714286
0.714286
0.714286
0.749779
0.749436
0.714286
0.714286
0.714286
0.6875
0.6875
0.6875
0.714286
0.714286
0.714286
0.714286
0.666667
0.714286
0.714286
0.714286
0.666667
0.714286
0.714286
0.714286
0.714286
0.714286
0.666667
0.666667
0.714286
0.666667
0.714286
0.666667
0.666667
0.722222
0.6875
0.714286
0.714286
0.666667
0.714286
0.666667
0.666667
0.714286
0.714286
0.6875
0.714286
0.73913
0.714286
0.73913
0.714286
0.6875
0.714286
0.714286
0.733333
0.714286
0.714286
0.714286
0.722222
0.6875
0.745536
0.714286
0.714286
0.714286
0.666667
0.6875
0.714286
0.714286
0.6875
0.714286
0.714286
0.714286
0.714286
0.666667
0.714286
0.733333
0.714286
0.714286
0.714286
0.714286
0.714286
0.733333
0.6875
0.733333
0.714286
0.714286
0.666667
0.71875
0.748401
0.747368
0.749565
0.714286
0.714286
0.714286
0.714286
0.714286
0.666667
0.666667
0.733333
0.6875
0.733333
0.714286
0.714286
0.714286
0.714286
0.714286
0.714286
0.714286
0.6875
0.714286
0.714286
0.714286
0.6875
0.714286
0.714286
0.714286
0.714286
0.73913
0.714286
0.666667
0.714286
0.6875
0.714286
0.6875
0.714286
0.714286
0.714286
0.714286
0.71875
0.714286
0.73913
0.714286
0.714286
0.666667
0.6875
0.733333
0.71875
0.714286
0.6875
0.714286
0.714286
0.714286
0.733333
0.714286
0.714286
0.71875
0.714286
0.6875
0.714286
0.714286
0.714286
0.714286
0.6875
0.714286
0.6875
0.714286
0.6875
0.714286
0.714286
0.6875
0.6875
0.714286
0.7
0.749257
0.749518
0.666667
0.666667
0.714286
0.714286
0.6875
0.666667
0.666667
0.666667
0.666667
0.666667
0.666667
0.714286
0.714286
0.666667
0.666667
0.714286
0.714286
0.666667
0.666667
0.714286
0.666667
0.666667
0.714286
0.666667
0.666667
0.714286
0.7
0.666667
0.714286
0.666667
0.666667
0.666667
0.666667
0.714286
0.666667
0.666667
0.714286
0.666667
0.666667
0.714286
0.666667
0.714286
0.666667
0.666667
0.666667
0.666667
0.714286
0.666667
0.6875
0.714286
0.666667
0.666667
0.666667
0.666667
0.714286
0.666667
0.666667
0.714286
0.714286
0.666667
0.666667
0.666667
0.666667
0.714286
0.6875
0.714286
0.714286
0.714286
0.714286
0.6875
0.733333
0.714286
0.666667
0.6875
0.666667
0.714286
0.666667
0.714286
0.714286
0.666667
0.714286
0.666667
0.714286
0.714286
0.749834
0.748252
0.714286
0.714286
0.714286
0.714286
0.714286
0.666667
0.666667
0.666667
0.666667
0.714286
0.666667
0.666667
0.666667
0.666667
0.666667
0.722222
0.714286
0.666667
0.714286
0.666667
0.666667
0.714286
0.666667
0.666667
0.714286
0.666667
0.733333
0.6875
0.714286
0.714286
0.714286
0.666667
0.6875
0.666667
0.666667
0.714286
0.666667
0.714286
0.666667
0.714286
0.714286
0.749641
0.749405
0.74359
0.6875
0.714286
0.666667
0.666667
0.666667
0.666667
0.666667
0.714286
0.666667
0.714286
0.666667
0.666667
0.714286
0.666667
0.666667
0.6875
0.666667
0.714286
0.666667
0.714286
0.714286
0.666667
0.714286
0.6875
0.733333
0.714286
0.714286
0.666667
0.666667
0.749816
0.743902
0.749559
0.714286
0.666667
0.714286
0.666667
0.666667
0.666667
0.714286
0.666667
0.666667
0.6875
0.714286
0.666667
0.741935
0.714286
0.714286
0.666667
0.666667
0.666667
0.666667
0.714286
0.666667
0.666667
0.714286
0.666667
0.714286
0.666667
0.714286
0.6875
0.714286
0.6875
0.749618
0.666667
0.666667
0.714286
0.714286
0.666667
0.6875
0.714286
0.714286
0.714286
0.666667
0.714286
0.666667
0.666667
0.666667
0.666667
0.666667
0.666667
0.666667
0.666667
0.666667
0.666667
0.666667
0.666667
0.666667
0.714286
0.666667
0.666667
0.666667
0.714286
0.666667
0.666667
0.666667
0.714286
0.666667
0.714286
0.666667
0.666667
0.666667
0.6875
0.714286
0.714286
0.666667
0.714286
0.714286
0.714286
0.714286
0.714286
0.666667
0.666667
0.666667
0.714286
0.666667
0.666667
0.666667
0.666667
0.666667
0.714286
0.666667
0.666667
0.714286
0.666667
0.666667
0.714286
0.666667
0.666667
0.666667
0.666667
0.666667
0.666667
0.714286
0.666667
0.666667
0.666667
0.749565
0.6875
0.666667
0.714286
0.714286
0.666667
0.666667
0.666667
0.714286
0.714286
0.666667
0.666667
0.666667
0.666667
0.666667
0.666667
0.666667
0.666667
0.6875
0.714286
0.727273
0.666667
0.666667
0.666667
0.714286
0.6875
0.714286
0.714286
0.666667
0.714286
0.666667
0.666667
0.714286
0.666667
0.714286
0.6875
0.714286
0.6875
0.714286
0.714286
0.714286
0.6875
0.714286
0.714286
0.714286
0.666667
0.666667
0.714286
0.666667
0.714286
0.666667
0.714286
0.714286
0.666667
0.714286
0.666667
0.6875
0.739583
0.749049
0.714286
0.714286
0.666667
0.666667
0.666667
0.714286
0.666667
0.714286
0.714286
0.666667
0.714286
0.666667
0.714286
0.714286
0.733333
0.714286
0.714286
0.714286
0.6875
0.7
0.666667
0.666667
0.6875
0.714286
0.666667
0.714286
0.6875
0.666667
0.666667
0.666667
0.666667
0.714286
0.666667
0.666667
0.714286
0.666667
0.666667
0.714286
0.666667
0.666667
0.666667
0.714286
0.6875
0.666667
0.666667
0.666667
0.714286
0.666667
0.714286
0.714286
0.666667
0.714286
0.666667
0.666667
0.666667
0.714286
0.666667
0.666667
0.722222
0.714286
0.6875
0.6875
0.714286
0.714286
0.714286
0.666667
0.666667
0.6875
0.71875
0.714286
0.714286
0.714286
0.733333
0.714286
0.714286
0.6875
0.714286
0.666667
0.666667
0.666667
0.666667
0.714286
0.666667
0.666667
0.666667
0.666667
0.714286
0.714286
0.666667
0.714286
0.714286
0.714286
0.714286
0.714286
0.714286
0.73913
0.6875
0.714286
0.714286
0.714286
0.714286
0.714286
0.73913
0.714286
0.714286
0.733333
0.729167
0.714286
0.6875
0.714286
0.714286
0.714286
0.714286
0.714286
0.6875
0.71875
0.714286
0.733333
0.733333
0.714286
0.6875
0.714286
0.714286
0.6875
0.714286
0.714286
0.714286
0.714286
0.714286
0.714286
0.714286
0.666667
0.714286
0.714286
0.666667
0.666667
0.714286
0.666667
0.714286
0.714286
0.714286
0.666667
0.714286
0.666667
0.666667
0.666667
0.666667
0.714286
0.714286
0.666667
0.714286
0.666667
0.714286
0.714286
0.714286
0.666667
0.666667
0.6875
0.666667
0.714286
0.714286
0.714286
0.714286
0.714286
0.714286
0.714286
0.729167
0.733333
0.6875
0.714286
0.714286
0.714286
0.714286
0.714286
0.714286
0.6875
0.733333
0.714286
0.714286
0.6875
0.733333
0.714286
0.714286
0.714286
0.714286
0.714286
0.714286
0.729167
0.722222
0.714286
0.749175
0.748571
0.714286
0.6875
0.714286
0.714286
0.666667
0.6875
0.714286
0.714286
0.714286
0.6875
0.714286
0.71875
0.714286
0.666667
0.666667
0.714286
0.714286
0.666667
0.714286
0.714286
0.666667
0.714286
0.666667
0.714286
0.666667
0.714286
0.666667
0.714286
0.714286
0.666667
0.666667
0.714286
0.666667
0.714286
0.714286
0.666667
0.714286
0.714286
0.666667
0.6875
0.714286
0.714286
0.714286
0.714286
0.714286
0.714286
0.714286
0.714286
0.666667
0.714286
0.666667
0.714286
0.714286
0.6875
0.73913
0.6875
0.733333
0.749744
0.714286
0.714286
0.6875
0.744681
0.733333
0.6875
0.714286
0.666667
0.666667
0.666667
0.666667
0.666667
0.666667
0.714286
0.6875
0.666667
0.6875
0.714286
0.714286
0.666667
0.666667
0.666667
0.6875
0.714286
0.714286
0.714286
0.666667
0.666667
0.666667
0.714286
0.666667
0.666667
0.6875
0.748219
0.749091
0.747368
0.714286
0.733333
0.714286
0.6875
0.714286
0.666667
0.714286
0.666667
0.714286
0.6875
0.748503
0.74359
0.714286
0.714286
0.714286
0.666667
0.666667
0.666667
0.714286
0.666667
0.714286
0.666667
0.666667
0.749216
0.714286
0.714286
0.666667
0.666667
0.666667
0.666667
0.714286
0.666667
0.666667
0.6875
0.714286
0.714286
0.666667
0.666667
0.666667
0.666667
0.714286
0.6875
0.714286
0.714286
0.714286
0.666667
0.714286
0.6875
0.666667
0.666667
0.666667
0.6875
0.666667
0.666667
0.666667
0.666667
0.666667
0.714286
0.714286
0.714286
0.666667
0.666667
0.666667
0.714286
0.714286
0.714286
0.714286
0.714286
0.714286
0.714286
0.714286
0.714286
0.666667
0.666667
0.714286
0.714286
0.748918
0.722222
0.714286
0.738095
0.714286
0.666667
0.714286
0.666667
0.666667
0.714286
0.714286
0.714286
0.666667
0.666667
0.6875
0.666667
0.666667
0.666667
0.666667
0.714286
0.714286
0.714286
0.666667
0.666667
0.666667
0.666667
0.666667
0.666667
0.666667
0.666667
0.666667
0.666667
0.666667
0.666667
0.666667
0.722222
0.714286
0.714286
0.666667
0.714286
0.714286
0.714286
0.714286
0.749413
0.749793
0.714286
0.714286
0.714286
0.666667
0.666667
0.666667
0.666667
0.666667
0.666667
0.722222
0.722222
0.714286
0.666667
0.733333
0.714286
0.714286
0.714286
0.74975
0.6875
0.6875
0.666667
0.666667
0.666667
0.714286
0.666667
0.714286
0.73913
0.714286
0.714286
0.714286
0.714286
0.666667
0.714286
0.666667
0.666667
0.714286
0.714286
0.666667
0.6875
0.666667
0.714286
0.733333
0.666667
0.666667
0.666667
0.714286
0.666667
0.666667
0.714286
0.666667
0.666667
0.714286
0.666667
0.714286
0.666667
0.714286
0.714286
0.666667
0.666667
0.714286
0.714286
0.666667
0.666667
0.6875
0.714286
0.733333
0.714286
0.714286
0.714286
0.714286
0.714286
0.714286
0.6875
0.714286
0.714286
0.714286
0.714286
0.714286
0.714286
0.666667
0.714286
0.714286
0.714286
0.666667
0.71875
0.6875
0.714286
0.714286
0.6875
0.714286
0.714286
0.714286
0.714286
0.714286
0.714286
0.666667
0.666667
0.666667
0.666667
0.666667
0.6875
0.666667
0.714286
0.714286
0.714286
0.714286
0.666667
0.714286
0.6875
0.714286
0.743056
0.714286
0.714286
0.714286
0.722222
0.714286
0.6875
0.714286
0.714286
0.714286
0.714286
0.714286
0.714286
0.714286
0.714286
0.714286
0.6875
0.714286
0.666667
0.6875
0.6875
0.714286
0.746835
0.714286
0.714286
0.666667
0.666667
0.714286
0.714286
0.714286
0.666667
0.714286
0.714286
0.6875
0.714286
0.714286
0.666667
0.733333
0.714286
0.666667
0.666667
0.666667
0.666667
0.666667
0.714286
0.714286
0.714286
0.749326
0.746479
0.749916
0.714286
0.714286
0.749319
0.714286
0.666667
0.666667
0.666667
0.666667
0.6875
0.666667
0.714286
0.714286
0.714286
0.714286
0.714286
0.748954
0.733333
0.714286
0.666667
0.666667
0.714286
0.714286
0.748792
0.705882
0.71875
0.714286
0.714286
0.666667
0.714286
0.666667
0.714286
0.666667
0.666667
0.74969
0.744681
0.714286
0.666667
0.666667
0.714286
0.666667
0.666667
0.749865
0.714286
0.714286
0.714286
0.6875
0.666667
0.666667
0.714286
0.714286
0.714286
0.714286
0.666667
0.714286
0.666667
0.714286
0.714286
0.666667
0.6875
0.714286
0.714286
0.666667
0.666667
0.666667
0.666667
0.666667
0.749441
0.744681
0.714286
0.714286
0.666667
0.722222
0.6875
0.714286
0.714286
0.714286
0.666667
0.666667
0.666667
0.666667
0.666667
0.714286
0.714286
0.714286
0.666667
0.714286
0.666667
0.714286
0.714286
0.714286
0.6875
0.666667
0.714286
0.714286
0.714286
0.747368
0.714286
0.714286
0.714286
0.666667
0.666667
0.714286
0.714286
0.749049
0.71875
0.714286
0.714286
0.714286
0.714286
0.666667
0.714286
0.666667
0.666667
0.666667
0.666667
0.666667
0.666667
0.714286
0.714286
0.749347
0.747788
0.714286
0.714286
0.666667
0.666667
0.714286
0.714286
0.666667
0.666667
0.6875
0.714286
0.714286
0.746711
0.745562
0.749858
0.714286
0.6875
0.666667
0.714286
0.714286
0.666667
0.666667
0.666667
0.714286
0.6875
0.714286
0.666667
0.714286
0.714286
0.749049
0.714286
0.714286
0.714286
0.666667
0.714286
0.666667
0.666667
0.666667
0.714286
0.714286
0.666667
0.714286
0.666667
0.666667
0.666667
0.666667
0.714286
0.6875
0.714286
0.748148
0.744318
0.714286
0.714286
0.666667
0.666667
0.749798
0.74359
0.714286
0.714286
0.71875
0.666667
0.748905
0.714286
0.666667
0.666667
0.666667
0.666667
0.714286
0.714286
0.666667
0.666667
0.666667
0.722222
0.666667
0.714286
0.739583
0.6875
0.714286
0.666667
0.714286
0.714286
0.666667
0.733333
0.666667
0.666667
0.666667
0.6875
0.714286
0.6875
0.746324
0.741935
0.714286
0.714286
0.714286
0.714286
0.74744
0.746988
0.749818
0.714286
0.714286
0.666667
0.722222
0.666667
0.714286
0.6875
0.749627
0.749487
0.6875
0.714286
0.6875
0.6875
0.6875
0.714286
0.714286
0.666667
0.666667
0.714286
0.714286
0.714286
0.666667
0.714286
0.666667
0.666667
0.714286
0.714286
0.666667
0.6875
0.714286
0.714286
0.666667
0.6875
0.666667
0.666667
0.666667
0.714286
0.666667
0.666667
0.666667
0.666667
0.714286
0.666667
0.666667
0.714286
0.74964
0.746835
0.738462
0.748942
0.74946
0.749765
0.714286
0.666667
0.666667
0.666667
0.666667
0.666667
0.666667
0.666667
0.666667
0.714286
0.666667
0.666667
0.666667
0.714286
0.666667
0.6875
0.666667
0.714286
0.666667
0.666667
0.666667
0.714286
0.666667
0.666667
0.666667
0.714286
0.666667
0.666667
0.714286
0.714286
0.666667
0.714286
0.666667
0.714286
0.714286
0.666667
0.7
0.733333
0.666667
0.666667
0.6875
0.714286
0.714286
0.747692
0.739583
0.733333
0.714286
0.666667
0.714286
0.714286
0.666667
0.6875
0.714286
0.666667
0.714286
0.7
0.666667
0.714286
0.666667
0.666667
0.666667
0.6875
0.714286
0.714286
0.666667
0.714286
0.666667
0.666667
0.666667
0.714286
0.666667
0.666667
0.666667
0.714286
0.714286
0.666667
0.666667
0.666667
0.714286
0.666667
0.666667
0.741935
0.714286
0.666667
0.666667
0.666667
0.714286
0.666667
0.714286
0.714286
0.733333
0.714286
0.714286
0.6875
0.714286
0.6875
0.729167
0.747573
0.714286
0.722222
0.741935
0.714286
0.714286
0.73913
0.714286
0.714286
0.714286
0.714286
0.714286
0.744
0.714286
0.714286
0.714286
0.666667
0.714286
0.666667
0.666667
0.666667
0.666667
0.666667
0.666667
0.6875
0.666667
0.714286
0.666667
0.666667
0.666667
0.714286
0.666667
0.666667
0.714286
0.714286
0.714286
0.666667
0.666667
0.666667
0.714286
0.666667
0.666667
0.666667
0.714286
0.666667
0.6875
0.714286
0.714286
0.714286
0.714286
0.714286
0.714286
0.666667
0.714286
0.666667
0.666667
0.666667
0.714286
0.733333
0.714286
0.714286
0.666667
0.666667
0.666667
0.666667
0.666667
0.714286
0.745455
0.747368
0.741176
0.748988
0.714286
0.666667
0.714286
0.714286
0.6875
0.666667
0.666667
0.666667
0.666667
0.666667
0.666667
0.6875
0.666667
0.666667
0.666667
0.666667
0.6875
0.666667
0.666667
0.666667
0.666667
0.714286
0.714286
0.666667
0.714286
0.714286
0.666667
0.714286
0.714286
0.714286
0.666667
0.714286
0.666667
0.666667
0.7
0.666667
0.666667
0.666667
0.714286
0.714286
0.666667
0.666667
0.714286
0.666667
0.666667
0.666667
0.666667
0.666667
0.666667
0.714286
0.714286
0.666667
0.666667
0.714286
0.714286
0.6875
0.666667
0.666667
0.666667
0.714286
0.666667
0.733333
0.6875
0.714286
0.714286
0.714286
0.666667
0.666667
0.666667
0.666667
0.666667
0.666667
0.714286
0.666667
0.666667
0.714286
0.714286
0.714286
0.666667
0.666667
0.666667
0.714286
0.666667
0.714286
0.666667
0.714286
0.714286
0.666667
0.714286
0.714286
0.666667
0.714286
0.714286
0.6875
0.714286
0.714286
0.714286
0.714286
0.714286
0.714286
0.714286
0.666667
0.714286
0.733333
0.6875
0.666667
0.733333
0.714286
0.714286
0.6875
0.73913
0.714286
0.714286
0.714286
0.735294
0.714286
0.714286
0.714286
0.722222
0.714286
0.733333
0.714286
0.6875
0.714286
0.714286
0.714286
0.714286
0.6875
0.714286
0.714286
0.6875
0.722222
0.714286
0.714286
0.714286
0.6875
0.714286
0.714286
0.71875
0.733333
0.714286
0.666667
0.6875
0.714286
0.714286
0.714286
0.666667
0.6875
0.714286
0.714286
0.714286
0.714286
0.666667
0.6875
0.714286
0.714286
0.6875
0.714286
0.71875
0.6875
0.6875
0.714286
0.74359
0.666667
0.733333
0.714286
0.714286
0.714286
0.666667
0.666667
0.714286
0.6875
0.714286
0.722222
0.714286
0.714286
0.6875
0.729167
0.6875
0.748954
0.6875
0.733333
0.714286
0.714286
0.666667
0.714286
0.666667
0.666667
0.714286
0.714286
0.6875
0.6875
0.666667
0.666667
0.73913
0.742574
0.714286
0.744681
0.714286
0.714286
0.714286
0.714286
0.714286
0.666667
0.666667
0.666667
0.714286
0.714286
0.714286
0.714286
0.714286
0.714286
0.714286
0.714286
0.666667
0.666667
0.6875
0.748252
0.733333
0.714286
0.714286
0.714286
0.714286
0.714286
0.714286
0.714286
0.749153
0.749175
0.714286
0.714286
0.666667
0.714286
0.666667
0.714286
0.666667
0.666667
0.666667
0.666667
0.666667
0.666667
0.748515
0.749614
0.6875
0.6875
0.714286
0.666667
0.666667
0.666667
0.666667
0.6875
0.714286
0.714286
0.714286
0.666667
0.666667
0.666667
0.666667
0.714286
0.714286
0.714286
0.714286
0.6875
0.666667
0.666667
0.714286
0.714286
0.666667
0.666667
0.666667
0.666667
0.714286
0.666667
0.714286
0.666667
0.714286
0.666667
0.666667
0.714286
0.666667
0.666667
0.714286
0.714286
0.666667
0.714286
0.666667
0.714286
0.714286
0.666667
0.666667
0.666667
0.666667
0.666667
0.714286
0.666667
0.733333
0.666667
0.666667
0.666667
0.666667
0.666667
0.666667
0.666667
0.666667
0.666667
0.714286
0.714286
0.714286
0.714286
0.714286
0.714286
0.714286
0.714286
0.714286
0.733333
0.666667
0.714286
0.666667
0.666667
0.6875
0.733333
0.714286
0.666667
0.714286
0.714286
0.729167
0.714286
0.666667
0.666667
0.666667
0.714286
0.714286
0.666667
0.6875
0.714286
0.714286
0.666667
0.714286
0.666667
0.666667
0.666667
0.666667
0.666667
0.714286
0.714286
0.666667
0.714286
0.714286
0.6875
0.733333
0.714286
0.714286
0.714286
0.666667
0.73913
0.714286
0.6875
0.6875
0.714286
0.6875
0.714286
0.714286
0.722222
0.6875
0.6875
0.714286
0.714286
0.749319
0.747596
0.714286
0.714286
0.714286
0.666667
0.666667
0.666667
0.666667
0.714286
0.714286
0.714286
0.6875
0.666667
0.714286
0.666667
0.714286
0.666667
0.666667
0.666667
0.666667
0.714286
0.666667
0.666667
0.714286
0.6875
0.714286
0.6875
0.714286
0.714286
0.666667
0.666667
0.714286
0.714286
0.666667
0.666667
0.666667
0.666667
0.6875
0.666667
0.6875
0.666667
0.714286
0.666667
0.6875
0.666667
0.666667
0.666667
0.733333
0.714286
0.666667
0.666667
0.666667
0.714286
0.666667
0.666667
0.666667
0.714286
0.666667
0.666667
0.714286
0.666667
0.666667
0.666667
0.666667
0.666667
0.666667
0.714286
0.714286
0.6875
0.749129
0.714286
0.666667
0.666667
0.714286
0.666667
0.666667
0.6875
0.714286
0.666667
0.714286
0.666667
0.714286
0.666667
0.714286
0.714286
0.749216
0.749304
0.666667
0.666667
0.666667
0.6875
0.666667
0.666667
0.733333
0.714286
0.714286
0.666667
0.666667
0.666667
0.666667
0.666667
0.714286
0.666667
0.714286
0.6875
0.666667
0.714286
0.6875
0.714286
0.666667
0.714286
0.714286
0.714286
0.714286
0.666667
0.666667
0.666667
0.666667
0.666667
0.666667
0.666667
0.666667
0.714286
0.714286
0.6875
0.714286
0.714286
0.666667
0.666667
0.714286
0.714286
0.666667
0.714286
0.666667
0.666667
0.666667
0.666667
0.666667
0.666667
0.666667
0.6875
0.6875
0.666667
0.714286
0.666667
0.666667
0.666667
0.714286
0.666667
0.666667
0.666667
0.666667
0.666667
0.714286
0.714286
0.666667
0.666667
0.666667
0.666667
0.714286
0.749487
0.6875
0.714286
0.6875
0.666667
0.666667
0.714286
0.714286
0.714286
0.666667
0.666667
0.666667
0.666667
0.714286
0.666667
0.666667
0.666667
0.666667
0.666667
0.666667
0.714286
0.666667
0.666667
0.733333
0.749536
0.714286
0.666667
0.714286
0.714286
0.666667
0.714286
0.714286
0.666667
0.666667
0.666667
0.666667
0.666667
0.714286
0.727273
0.666667
0.666667
0.666667
0.666667
0.714286
0.666667
0.666667
0.714286
0.6875
0.666667
0.714286
0.666667
0.666667
0.666667
0.714286
0.666667
0.666667
0.666667
0.666667
0.714286
0.714286
0.666667
0.714286
0.666667
0.666667
0.714286
0.666667
0.6875
0.666667
0.714286
0.6875
0.714286
0.666667
0.666667
0.714286
0.666667
0.714286
0.666667
0.666667
0.7
0.714286
0.666667
0.666667
0.666667
0.714286
0.666667
0.666667
0.714286
0.666667
0.714286
0.714286
0.666667
0.714286
0.714286
0.666667
0.666667
0.714286
0.666667
0.666667
0.666667
0.6875
0.714286
0.666667
0.666667
0.666667
0.666667
0.666667
0.666667
0.666667
0.666667
0.714286
0.666667
0.666667
0.745833
0.714286
0.714286
0.666667
0.666667
0.666667
0.714286
0.666667
0.666667
0.714286
0.666667
0.714286
0.666667
0.666667
0.714286
0.714286
0.714286
0.666667
0.666667
0.714286
0.666667
0.714286
0.666667
0.666667
0.714286
0.666667
0.666667
0.666667
0.666667
0.666667
0.666667
0.714286
0.666667
0.714286
0.666667
0.714286
0.666667
0.714286
0.666667
0.666667
0.666667
0.666667
0.666667
0.714286
0.714286
0.666667
0.714286
0.714286
0.666667
0.666667
0.714286
0.666667
0.749271
0.747748
0.714286
0.73913
0.714286
0.666667
0.666667
0.666667
0.714286
0.714286
0.714286
0.666667
0.714286
0.666667
0.666667
0.666667
0.666667
0.714286
0.666667
0.714286
0.714286
0.714286
0.666667
0.666667
0.666667
0.714286
0.666667
0.666667
0.6875
0.666667
0.666667
0.666667
0.666667
0.666667
0.714286
0.6875
0.666667
0.666667
0.714286
0.666667
0.733333
0.714286
0.714286
0.714286
0.666667
0.714286
0.714286
0.666667
0.666667
0.666667
0.733333
0.666667
0.714286
0.714286
0.666667
0.666667
0.666667
0.666667
0.714286
0.666667
0.714286
0.666667
0.666667
0.666667
0.666667
0.714286
0.666667
0.666667
0.666667
0.666667
0.666667
0.714286
0.714286
0.714286
0.714286
0.6875
0.714286
0.666667
0.714286
0.6875
0.666667
0.6875
0.714286
0.714286
0.714286
0.666667
0.666667
0.666667
0.666667
0.666667
0.666667
0.666667
0.666667
0.666667
0.666667
0.666667
0.666667
0.666667
0.666667
0.666667
0.714286
0.666667
0.666667
0.666667
0.666667
0.6875
0.714286
0.666667
0.714286
0.714286
0.7
0.666667
0.666667
0.666667
0.666667
0.666667
0.749095
0.714286
0.6875
0.736842
0.666667
0.666667
0.666667
0.666667
0.714286
0.666667
0.666667
0.666667
0.714286
0.666667
0.666667
0.714286
0.714286
0.714286
0.666667
0.666667
0.714286
0.666667
0.666667
0.666667
0.714286
0.722222
0.666667
0.6875
0.666667
0.714286
0.666667
0.714286
0.666667
0.714286
0.6875
0.666667
0.666667
0.714286
0.714286
0.625
0.74359
0.714286
0.714286
0.666667
0.666667
0.666667
0.666667
0.666667
0.666667
0.748792
0.666667
0.666667
0.714286
0.71875
0.714286
0.666667
0.666667
0.666667
0.714286
0.666667
0.666667
0.714286
0.666667
0.714286
0.666667
0.6875
0.666667
0.6875
0.6875
0.666667
0.714286
0.741935
0.666667
0.666667
0.729167
0.749744
0.714286
0.666667
0.666667
0.714286
0.666667
0.666667
0.714286
0.666667
0.666667
0.714286
0.666667
0.666667
0.714286
0.666667
0.714286
0.714286
0.666667
0.666667
0.666667
0.666667
0.666667
0.714286
0.714286
0.666667
0.666667
0.666667
0.666667
0.666667
0.666667
0.666667
0.714286
0.714286
0.666667
0.714286
0.666667
0.666667
0.714286
0.714286
0.666667
0.666667
0.625
0.74026
0.748744
0.714286
0.714286
0.666667
0.666667
0.666667
0.666667
0.666667
0.714286
0.666667
0.666667
0.666667
0.666667
0.666667
0.714286
0.666667
0.6875
0.666667
0.666667
0.714286
0.714286
0.666667
0.666667
0.666667
0.666667
0.666667
0.6875
0.666667
0.666667
0.714286
0.666667
0.666667
0.666667
0.6875
0.666667
0.666667
0.666667
0.666667
0.7
0.666667
0.666667
0.666667
0.714286
0.714286
0.666667
0.666667
0.666667
0.714286
0.666667
0.666667
0.666667
0.666667
0.714286
0.666667
0.666667
0.714286
0.714286
0.666667
0.714286
0.666667
0.714286
0.714286
0.666667
0.666667
0.666667
0.714286
0.714286
0.666667
0.666667
0.666667
0.714286
0.666667
0.714286
0.666667
0.666667
0.666667
0.666667
0.666667
0.666667
0.666667
0.714286
0.666667
0.6875
0.666667
0.666667
0.6875
0.714286
0.666667
0.666667
0.666667
0.666667
0.666667
0.714286
0.666667
0.666667
0.666667
0.666667
0.666667
0.666667
0.71875
0.748821
0.741935
0.714286
0.714286
0.666667
0.714286
0.714286
0.666667
0.666667
0.714286
0.666667
0.666667
0.666667
0.714286
0.74026
0.733333
0.749905
0.749721
0.666667
0.714286
0.666667
0.666667
0.666667
0.6875
0.666667
0.666667
0.666667
0.722222
0.666667
0.714286
0.714286
0.666667
0.666667
0.666667
0.666667
0.714286
0.666667
0.666667
0.714286
0.666667
0.666667
0.666667
0.714286
0.666667
0.666667
0.666667
0.666667
0.666667
0.666667
0.666667
0.666667
0.666667
0.714286
0.749593
0.714286
0.666667
0.666667
0.666667
0.7
0.666667
0.666667
0.714286
0.745665
0.714286
0.666667
0.666667
0.666667
0.714286
0.666667
0.666667
0.666667
0.666667
0.666667
0.714286
0.666667
0.666667
0.666667
0.666667
0.666667
0.666667
0.714286
0.666667
0.714286
0.714286
0.714286
0.666667
0.666667
0.666667
0.666667
0.714286
0.666667
0.666667
0.666667
0.6875
0.714286
0.666667
0.666667
0.666667
0.714286
0.666667
0.666667
0.666667
0.714286
0.6875
0.666667
0.666667
0.714286
0.666667
0.666667
0.714286
0.746032
0.714286
0.666667
0.666667
0.666667
0.666667
0.666667
0.666667
0.714286
0.666667
0.666667
0.666667
0.666667
0.666667
0.714286
0.666667
0.666667
0.666667
0.714286
0.666667
0.6875
0.6875
0.666667
0.714286
0.666667
0.666667
0.722222
0.666667
0.666667
0.666667
0.6875
0.666667
0.714286
0.666667
0.666667
0.666667
0.666667
0.666667
0.666667
0.666667
0.666667
0.666667
0.714286
0.666667
0.666667
0.666667
0.714286
0.714286
0.714286
0.714286
0.666667
0.666667
0.714286
0.666667
0.666667
0.666667
0.666667
0.666667
0.714286
0.666667
0.714286
0.666667
0.666667
0.714286
0.722222
0.666667
0.714286
0.714286
0.666667
0.666667
0.714286
0.666667
0.666667
0.6875
0.666667
0.714286
0.666667
0.666667
0.666667
0.666667
0.714286
0.666667
0.666667
0.666667
0.666667
0.6875
0.746193
0.749737
0.748571
0.714286
0.714286
0.666667
0.666667
0.714286
0.666667
0.666667
0.6875
0.666667
0.666667
0.722222
0.666667
0.666667
0.666667
0.666667
0.666667
0.666667
0.714286
0.714286
0.666667
0.666667
0.666667
0.666667
0.666667
0.666667
0.666667
0.666667
0.666667
0.666667
0.666667
0.666667
0.666667
0.666667
0.666667
0.666667
0.666667
0.666667
0.714286
0.666667
0.714286
0.666667
0.666667
0.714286
0.666667
0.666667
0.714286
0.714286
0.6875
0.714286
0.666667
0.666667
0.666667
0.666667
0.666667
0.666667
0.666667
0.714286
0.666667
0.666667
0.666667
0.666667
0.666667
0.714286
0.666667
0.666667
0.666667
0.666667
0.666667
0.666667
0.666667
0.666667
0.714286
0.666667
0.666667
0.666667
0.714286
0.749812
0.746032
0.714286
0.6875
0.666667
0.714286
0.666667
0.666667
0.666667
0.666667
0.714286
0.666667
0.666667
0.666667
0.666667
0.666667
0.666667
0.666667
0.666667
0.666667
0.666667
0.666667
0.666667
0.666667
0.666667
0.666667
0.714286
0.714286
0.666667
0.714286
0.666667
0.749077
0.666667
0.666667
0.666667
0.714286
0.6875
0.714286
0.666667
0.666667
0.733333
0.666667
0.714286
0.6875
0.666667
0.6875
0.666667
0.714286
0.714286
0.741935
0.666667
0.666667
0.714286
0.746835
0.714286
0.714286
0.666667
0.6875
0.714286
0.666667
0.666667
0.666667
0.666667
0.714286
0.666667
0.666667
0.666667
0.666667
0.714286
0.666667
0.714286
0.714286
0.714286
0.666667
0.714286
0.666667
0.6875
0.714286
0.6875
0.666667
0.714286
0.666667
0.6875
0.666667
0.714286
0.6875
0.6875
0.714286
0.666667
0.714286
0.714286
0.714286
0.714286
0.714286
0.6875
0.714286
0.666667
0.666667
0.666667
0.666667
0.666667
0.666667
0.714286
0.714286
0.714286
0.714286
0.746032
0.670213
0.642857
0.642857
0.583333
0.583333
0.642857
0.583333
0.583333
0.583333
0.583333
0.583333
0.583333
0.583333
0.583333
0.583333
0.583333
0.583333
0.583333
0.583333
0.642857
0.642857
0.583333
0.583333
0.728625
0.714286
0.714286
0.666667
0.666667
0.666667
0.714286
0.666667
0.666667
0.666667
0.714286
0.666667
0.666667
0.666667
0.714286
0.666667
0.666667
0.714286
0.722222
0.666667
0.666667
0.666667
0.714286
0.666667
0.666667
0.666667
0.666667
0.714286
0.666667
0.666667
0.666667
0.6875
0.714286
0.714286
0.666667
0.666667
0.666667
0.666667
0.714286
0.666667
0.666667
0.666667
0.666667
0.666667
0.666667
0.666667
0.666667
0.666667
0.666667
0.666667
0.666667
0.666667
0.714286
0.666667
0.666667
0.666667
0.666667
0.714286
0.666667
0.714286
0.666667
0.666667
0.714286
0.714286
0.666667
0.666667
0.666667
0.666667
0.666667
0.714286
0.666667
0.666667
0.714286
0.666667
0.714286
0.666667
0.666667
0.666667
0.666667
0.666667
0.666667
0.714286
0.666667
0.714286
0.666667
0.666667
0.714286
0.666667
0.6875
0.666667
0.714286
0.666667
0.6875
0.666667
0.666667
0.714286
0.714286
0.714286
0.714286
0.666667
0.666667
0.714286
0.714286
0.714286
0.666667
0.666667
0.714286
0.714286
0.666667
0.666667
0.666667
0.666667
0.666667
0.666667
0.6875
0.666667
0.666667
0.666667
0.666667
0.666667
0.714286
0.746835
0.714286
0.714286
0.714286
0.714286
0.666667
0.666667
0.666667
0.666667
0.666667
0.666667
0.666667
0.666667
0.733333
0.714286
0.722222
0.666667
0.745665
0.749503
0.6875
0.714286
0.666667
0.666667
0.714286
0.714286
0.666667
0.749265
0.749254
0.714286
0.666667
0.666667
0.748031
0.714286
0.666667
0.666667
0.666667
0.6875
0.666667
0.666667
0.666667
0.714286
0.714286
0.714286
0.733333
0.714286
0.666667
0.666667
0.666667
0.666667
0.666667
0.666667
0.666667
0.714286
0.666667
0.666667
0.714286
0.714286
0.714286
0.714286
0.749271
0.749627
0.714286
0.714286
0.714286
0.714286
0.749944
0.749671
0.666667
0.666667
0.714286
0.666667
0.666667
0.666667
0.666667
0.666667
0.714286
0.666667
0.666667
0.666667
0.666667
0.714286
0.6875
0.714286
0.666667
0.666667
0.666667
0.666667
0.666667
0.666667
0.714286
0.666667
0.666667
0.666667
0.666667
0.666667
0.666667
0.733333
0.666667
0.666667
0.747748
0.749872
0.714286
0.714286
0.6875
0.714286
0.666667
0.666667
0.666667
0.749745
0.6875
0.666667
0.666667
0.714286
0.666667
0.714286
0.714286
0.714286
0.714286
0.666667
0.666667
0.714286
0.6875
0.666667
0.748476
0.714286
0.741935
0.749365
0.714286
0.666667
0.666667
0.666667
0.714286
0.666667
0.714286
0.666667
0.6875
0.714286
0.666667
0.735294
0.666667
0.666667
0.714286
0.666667
0.666667
0.714286
0.714286
0.666667
0.666667
0.666667
0.666667
0.666667
0.714286
0.714286
0.666667
0.714286
0.666667
0.714286
0.666667
0.666667
0.666667
0.714286
0.666667
0.747573
0.745455
0.714286
0.714286
0.6875
0.714286
0.714286
0.714286
0.714286
0.714286
0.666667
0.666667
0.666667
0.666667
0.666667
0.666667
0.666667
0.666667
0.714286
0.666667
0.714286
0.747212
0.743119
0.748373
0.714286
0.666667
0.714286
0.666667
0.714286
0.666667
0.666667
0.666667
0.666667
0.744
0.714286
0.714286
0.666667
0.714286
0.741935
0.666667
0.733333
0.733333
0.666667
0.666667
0.666667
0.666667
0.714286
0.714286
0.714286
0.714286
0.666667
0.746835
0.741935
0.714286
0.714286
0.666667
0.666667
0.714286
0.666667
0.747922
0.748106
0.714286
0.714286
0.6875
0.714286
0.666667
0.666667
0.666667
0.666667
0.666667
0.714286
0.666667
0.666667
0.666667
0.666667
0.714286
0.666667
0.666667
0.666667
0.666667
0.666667
0.6875
0.666667
0.666667
0.741935
0.714286
0.714286
0.666667
0.714286
0.666667
0.666667
0.666667
0.666667
0.714286
0.714286
0.666667
0.666667
0.714286
0.666667
0.666667
0.714286
0.714286
0.714286
0.666667
0.666667
0.666667
0.666667
0.666667
0.714286
0.722222
0.666667
0.666667
0.714286
0.666667
0.666667
0.666667
0.666667
0.666667
0.6875
0.666667
0.714286
0.666667
0.714286
0.666667
0.714286
0.666667
0.666667
0.714286
0.666667
0.714286
0.6875
0.6875
0.714286
0.714286
0.6875
0.714286
0.6875
0.714286
0.743119
0.714286
0.743119
0.714286
0.714286
0.666667
0.6875
0.722222
0.749526
0.714286
0.6875
0.714286
0.666667
0.666667
0.666667
0.6875
0.714286
0.666667
0.714286
0.747899
0.714286
0.733333
0.666667
0.666667
0.714286
0.714286
0.714286
0.714286
0.666667
0.666667
0.714286
0.666667
0.714286
0.666667
0.714286
0.666667
0.714286
0.6875
0.666667
0.666667
0.666667
0.714286
0.714286
0.666667
0.666667
0.714286
0.714286
0.714286
0.714286
0.666667
0.714286
0.666667
0.714286
0.6875
0.666667
0.666667
0.666667
0.666667
0.666667
0.666667
0.714286
0.666667
0.666667
0.666667
0.6875
0.666667
0.666667
0.666667
0.666667
0.666667
0.666667
0.737705
0.733333
0.714286
0.6875
0.714286
0.666667
0.6875
0.714286
0.666667
0.722222
0.745223
0.722222
0.6875
0.749254
0.6875
0.6875
0.6875
0.714286
0.6875
0.666667
0.666667
0.714286
0.666667
0.714286
0.666667
0.666667
0.666667
0.714286
0.714286
0.666667
0.666667
0.666667
0.666667
0.666667
0.666667
0.714286
0.714286
0.666667
0.666667
0.714286
0.666667
0.666667
0.666667
0.714286
0.666667
0.666667
0.666667
0.714286
0.666667
0.666667
0.666667
0.714286
0.666667
0.714286
0.6875
0.666667
0.666667
0.666667
0.6875
0.714286
0.666667
0.6875
0.666667
0.714286
0.666667
0.666667
0.666667
0.666667
0.666667
0.666667
0.666667
0.714286
0.666667
0.714286
0.666667
0.666667
0.666667
0.666667
0.666667
0.714286
0.714286
0.714286
0.666667
0.666667
0.714286
0.666667
0.666667
0.666667
0.666667
0.666667
0.666667
0.714286
0.666667
0.666667
0.666667
0.666667
0.666667
0.714286
0.714286
0.666667
0.666667
0.666667
0.666667
0.666667
0.666667
0.666667
0.714286
0.666667
0.666667
0.666667
0.714286
0.666667
0.666667
0.666667
0.666667
0.666667
0.666667
0.666667
0.666667
0.666667
0.666667
0.666667
0.666667
0.666667
0.714286
0.714286
0.666667
0.714286
0.714286
0.666667
0.666667
0.666667
0.6875
0.666667
0.714286
0.666667
0.666667
0.666667
0.666667
0.666667
0.666667
0.666667
0.714286
0.666667
0.714286
0.666667
0.666667
0.714286
0.722222
0.666667
0.666667
0.714286
0.666667
0.666667
0.666667
0.666667
0.714286
0.666667
0.666667
0.666667
0.714286
0.666667
0.666667
0.666667
0.714286
0.666667
0.733333
0.714286
0.6875
0.6875
0.666667
0.6875
0.714286
0.714286
0.666667
0.6875
0.714286
0.6875
0.714286
0.722222
0.714286
0.745665
0.745946
0.748611
0.714286
0.714286
0.714286
0.714286
0.666667
0.666667
0.714286
0.714286
0.666667
0.666667
0.714286
0.666667
0.74902
0.714286
0.714286
0.666667
0.666667
0.666667
0.666667
0.714286
0.666667
0.666667
0.666667
0.666667
0.666667
0.666667
0.714286
0.747368
0.714286
0.666667
0.666667
0.666667
0.714286
0.714286
0.666667
0.714286
0.666667
0.666667
0.666667
0.666667
0.666667
0.666667
0.666667
0.722222
0.714286
0.714286
0.666667
0.714286
0.714286
0.666667
0.714286
0.747126
0.733333
0.714286
0.714286
0.666667
0.7
0.666667
0.666667
0.666667
0.666667
0.666667
0.666667
0.6875
0.6875
0.71875
0.6875
0.714286
0.666667
0.666667
0.666667
0.666667
0.666667
0.666667
0.714286
0.666667
0.714286
0.666667
0.666667
0.666667
0.6875
0.666667
0.714286
0.666667
0.714286
0.666667
0.666667
0.714286
0.666667
0.714286
0.666667
0.666667
0.666667
0.6875
0.666667
0.7
0.714286
0.714286
0.666667
0.714286
0.666667
0.666667
0.666667
0.714286
0.666667
0.666667
0.714286
0.666667
0.666667
0.666667
0.666667
0.666667
0.714286
0.714286
0.748614
0.714286
0.714286
0.666667
0.666667
0.714286
0.666667
0.666667
0.714286
0.666667
0.666667
0.666667
0.666667
0.666667
0.666667
0.666667
0.6875
0.714286
0.666667
0.666667
0.666667
0.666667
0.714286
0.666667
0.666667
0.666667
0.666667
0.714286
0.714286
0.666667
0.714286
0.714286
0.666667
0.714286
0.666667
0.666667
0.666667
0.666667
0.714286
0.666667
0.6875
0.666667
0.666667
0.666667
0.666667
0.6875
0.666667
0.6875
0.714286
0.666667
0.714286
0.666667
0.666667
0.666667
0.666667
0.666667
0.6875
0.714286
0.714286
0.666667
0.666667
0.748744
0.714286
0.666667
0.714286
0.714286
0.666667
0.666667
0.714286
0.666667
0.666667
0.714286
0.666667
0.714286
0.666667
0.666667
0.666667
0.666667
0.666667
0.666667
0.666667
0.714286
0.714286
0.714286
0.748092
0.74026
0.714286
0.714286
0.666667
0.714286
0.666667
0.666667
0.666667
0.666667
0.666667
0.74359
0.714286
0.6875
0.714286
0.666667
0.714286
0.666667
0.666667
0.666667
0.714286
0.666667
0.714286
0.666667
0.666667
0.666667
0.666667
0.714286
0.666667
0.666667
0.666667
0.666667
0.666667
0.666667
0.666667
0.666667
0.666667
0.714286
0.666667
0.714286
0.666667
0.714286
0.666667
0.666667
0.666667
0.666667
0.714286
0.666667
0.666667
0.749242
0.6875
0.666667
0.714286
0.714286
0.666667
0.666667
0.666667
0.714286
0.714286
0.666667
0.666667
0.666667
0.666667
0.666667
0.714286
0.714286
0.714286
0.714286
0.666667
0.666667
0.714286
0.714286
0.666667
0.666667
0.666667
0.714286
0.6875
0.714286
0.666667
0.666667
0.666667
0.666667
0.666667
0.666667
0.714286
0.666667
0.714286
0.666667
0.7
0.6875
0.714286
0.666667
0.748252
0.714286
0.666667
0.666667
0.666667
0.666667
0.666667
0.666667
0.666667
0.666667
0.714286
0.666667
0.666667
0.666667
0.714286
0.666667
0.666667
0.666667
0.666667
0.666667
0.666667
0.666667
0.666667
0.6875
0.714286
0.666667
0.722222
0.744681
0.749304
0.745665
0.714286
0.666667
0.666667
0.727273
0.749707
0.745455
0.749759
0.714286
0.666667
0.666667
0.666667
0.666667
0.714286
0.714286
0.714286
0.666667
0.666667
0.666667
0.666667
0.666667
0.714286
0.666667
0.666667
0.666667
0.666667
0.6875
0.666667
0.666667
0.666667
0.714286
0.666667
0.666667
0.666667
0.666667
0.666667
0.666667
0.666667
0.666667
0.666667
0.714286
0.666667
0.666667
0.714286
0.714286
0.666667
0.666667
0.666667
0.748879
0.747126
0.666667
0.666667
0.749478
0.722222
0.748284
0.748744
0.666667
0.666667
0.666667
0.666667
0.666667
0.74
0.666667
0.666667
0.666667
0.666667
0.666667
0.666667
0.714286
0.666667
0.666667
0.666667
0.666667
0.714286
0.722222
0.666667
0.666667
0.666667
0.666667
0.6875
0.714286
0.666667
0.666667
0.666667
0.666667
0.666667
0.666667
0.666667
0.666667
0.666667
0.666667
0.666667
0.714286
0.666667
0.666667
0.666667
0.666667
0.666667
0.666667
0.666667
0.666667
0.666667
0.6875
0.714286
0.748879
0.6875
0.666667
0.666667
0.714286
0.749842
0.714286
0.666667
0.714286
0.666667
0.666667
0.714286
0.666667
0.6875
0.666667
0.666667
0.666667
0.666667
0.666667
0.714286
0.666667
0.714286
0.666667
0.666667
0.666667
0.744966
0.748148
0.714286
0.666667
0.666667
0.666667
0.666667
0.666667
0.6875
0.666667
0.747748
0.666667
0.666667
0.714286
0.666667
0.6875
0.6875
0.714286
0.714286
0.714286
0.747917
0.714286
0.666667
0.666667
0.714286
0.666667
0.666667
0.666667
0.666667
0.666667
0.666667
0.714286
0.666667
0.666667
0.666667
0.666667
0.666667
0.714286
0.666667
0.666667
0.666667
0.666667
0.666667
0.666667
0.714286
0.714286
0.666667
0.714286
0.666667
0.714286
0.666667
0.666667
0.666667
0.6875
0.733333
0.714286
0.666667
0.666667
0.666667
0.666667
0.666667
0.666667
0.666667
0.666667
0.714286
0.714286
0.714286
0.666667
0.666667
0.714286
0.666667
0.666667
0.714286
0.666667
0.666667
0.666667
0.714286
0.746032
0.6875
0.666667
0.666667
0.666667
0.6875
0.666667
0.666667
0.666667
0.666667
0.666667
0.666667
0.666667
0.666667
0.666667
0.666667
0.714286
0.666667
0.666667
0.722222
0.714286
0.666667
0.666667
0.714286
0.666667
0.733333
0.714286
0.666667
0.714286
0.6875
0.666667
0.666667
0.666667
0.666667
0.666667
0.666667
0.666667
0.666667
0.666667
0.666667
0.733333
0.666667
0.666667
0.666667
0.714286
0.666667
0.666667
0.73913
0.749495
0.6875
0.741935
0.714286
0.714286
0.666667
0.666667
0.666667
0.666667
0.666667
0.666667
0.666667
0.666667
0.714286
0.714286
0.666667
0.714286
0.666667
0.666667
0.666667
0.666667
0.666667
0.666667
0.666667
0.714286
0.666667
0.714286
0.6875
0.714286
0.714286
0.666667
0.7
0.749405
0.714286
0.749662
0.745455
0.748744
0.714286
0.666667
0.666667
0.714286
0.714286
0.666667
0.666667
0.733333
0.749807
0.71875
0.749648
0.748718
0.749885
0.71875
0.666667
0.714286
0.666667
0.714286
0.666667
0.666667
0.666667
0.6875
0.714286
0.714286
0.666667
0.666667
0.666667
0.666667
0.714286
0.714286
0.666667
0.666667
0.666667
0.666667
0.666667
0.722222
0.666667
0.666667
0.714286
0.714286
0.714286
0.666667
0.714286
0.714286
0.666667
0.722222
0.666667
0.666667
0.666667
0.666667
0.666667
0.666667
0.714286
0.666667
0.666667
0.666667
0.714286
0.666667
0.666667
0.666667
0.666667
0.6875
0.6875
0.666667
0.666667
0.666667
0.6875
0.714286
0.666667
0.666667
0.666667
0.714286
0.666667
0.666667
0.748397
0.714286
0.6875
0.666667
0.666667
0.666667
0.666667
0.666667
0.666667
0.666667
0.666667
0.666667
0.714286
0.666667
0.666667
0.666667
0.666667
0.666667
0.666667
0.666667
0.666667
0.666667
0.714286
0.749067
0.749441
0.7
0.666667
0.714286
0.714286
0.714286
0.749388
0.6875
0.714286
0.666667
0.6875
0.748454
0.733333
0.666667
0.666667
0.666667
0.6875
0.666667
0.666667
0.666667
0.714286
0.714286
0.666667
0.666667
0.666667
0.666667
0.714286
0.666667
0.714286
0.666667
0.666667
0.666667
0.666667
0.714286
0.714286
0.714286
0.73913
0.666667
0.666667
0.666667
0.666667
0.666667
0.666667
0.733333
0.666667
0.666667
0.666667
0.74
0.747826
0.666667
0.666667
0.666667
0.666667
0.666667
0.666667
0.666667
0.714286
0.666667
0.666667
0.666667
0.666667
0.666667
0.666667
0.749528
0.748634
0.714286
0.6875
0.714286
0.714286
0.666667
0.714286
0.666667
0.666667
0.714286
0.666667
0.6875
0.714286
0.666667
0.714286
0.666667
0.666667
0.714286
0.666667
0.7
0.666667
0.666667
0.714286
0.666667
0.666667
0.666667
0.666667
0.666667
0.666667
0.666667
0.666667
0.714286
0.666667
0.6875
0.666667
0.714286
0.666667
0.714286
0.714286
0.666667
0.666667
0.6875
0.714286
0.666667
0.666667
0.714286
0.74876
0.72973
0.749216
0.666667
0.6875
0.666667
0.714286
0.666667
0.666667
0.666667
0.666667
0.666667
0.746032
0.747967
0.741935
0.714286
0.666667
0.666667
0.714286
0.666667
0.6875
0.666667
0.666667
0.666667
0.666667
0.714286
0.666667
0.666667
0.666667
0.666667
0.666667
0.666667
0.666667
0.666667
0.666667
0.666667
0.666667
0.666667
0.666667
0.666667
0.666667
0.6875
0.714286
0.714286
0.666667
0.749583
0.749433
0.748837
0.749581
0.749708
0.749874
0.746269
0.666667
0.666667
0.666667
0.666667
0.666667
0.666667
0.666667
0.666667
0.6875
0.666667
0.6875
0.666667
0.666667
0.666667
0.666667
0.666667
0.666667
0.6875
0.714286
0.666667
0.666667
0.666667
0.714286
0.666667
0.749091
0.74875
0.666667
0.666667
0.666667
0.714286
0.714286
0.666667
0.666667
0.714286
0.714286
0.6875
0.666667
0.714286
0.714286
0.714286
0.666667
0.666667
0.666667
0.714286
0.714286
0.666667
0.749347
0.749175
0.744
0.747126
0.749196
0.749583
0.749734
0.744
0.747826
0.747368
0.666667
0.666667
0.666667
0.714286
0.666667
0.666667
0.666667
0.747945
0.666667
0.666667
0.666667
0.666667
0.666667
0.666667
0.714286
0.714286
0.714286
0.666667
0.714286
0.6875
0.666667
0.714286
0.666667
0.666667
0.666667
0.714286
0.714286
0.6875
0.714286
0.714286
0.714286
0.666667
0.666667
0.6875
0.714286
0.714286
0.714286
0.666667
0.666667
0.714286
0.714286
0.714286
0.714286
0.666667
0.666667
0.666667
0.666667
0.714286
0.714286
0.7
0.666667
0.727273
0.6875
0.666667
0.714286
0.714286
0.666667
0.666667
0.666667
0.666667
0.666667
0.749441
0.714286
0.666667
0.666667
0.714286
0.666667
0.666667
0.666667
0.666667
0.666667
0.666667
0.666667
0.666667
0.742857
0.666667
0.666667
0.666667
0.666667
0.748879
0.74893
0.743243
0.749145
0.749238
0.666667
0.666667
0.6875
0.727273
0.666667
0.666667
0.666667
0.714286
0.749593
0.666667
0.733333
0.722222
0.714286
0.714286
0.666667
0.666667
0.666667
0.666667
0.714286
0.666667
0.714286
0.666667
0.666667
0.666667
0.666667
0.666667
0.666667
0.666667
0.714286
0.666667
0.666667
0.714286
0.666667
0.666667
0.6875
0.666667
0.666667
0.666667
0.6875
0.666667
0.666667
0.666667
0.666667
0.714286
0.714286
0.666667
0.666667
0.714286
0.666667
0.666667
0.714286
0.666667
0.666667
0.714286
0.714286
0.714286
0.666667
0.666667
0.666667
0.666667
0.714286
0.714286
0.666667
0.666667
0.6875
0.714286
0.714286
0.666667
0.6875
0.666667
0.666667
0.714286
0.6875
0.6875
0.666667
0.666667
0.73913
0.735294
0.666667
0.666667
0.666667
0.714286
0.666667
0.666667
0.714286
0.666667
0.666667
0.6875
0.666667
0.714286
0.666667
0.666667
0.666667
0.666667
0.666667
0.666667
0.744681
0.742574
0.714286
0.714286
0.666667
0.714286
0.666667
0.714286
0.714286
0.733333
0.714286
0.714286
0.666667
0.666667
0.714286
0.666667
0.714286
0.714286
0.666667
0.666667
0.666667
0.666667
0.666667
0.666667
0.666667
0.666667
0.666667
0.666667
0.666667
0.666667
0.666667
0.714286
0.666667
0.666667
0.666667
0.6875
0.666667
0.666667
0.666667
0.666667
0.714286
0.714286
0.714286
0.666667
0.666667
0.666667
0.666667
0.666667
0.6875
0.714286
0.714286
0.666667
0.714286
0.714286
0.6875
0.714286
0.666667
0.666667
0.666667
0.714286
0.714286
0.666667
0.666667
0.714286
0.666667
0.714286
0.666667
0.666667
0.666667
0.666667
0.666667
0.666667
0.714286
0.666667
0.666667
0.666667
0.714286
0.722222
0.714286
0.666667
0.666667
0.666667
0.666667
0.666667
0.666667
0.666667
0.666667
0.666667
0.714286
0.666667
0.714286
0.666667
0.6875
0.666667
0.666667
0.666667
0.666667
0.666667
0.714286
0.666667
0.666667
0.666667
0.666667
0.666667
0.714286
0.714286
0.714286
0.666667
0.666667
0.666667
0.714286
0.666667
0.666667
0.714286
0.666667
0.666667
0.714286
0.714286
0.6875
0.666667
0.6875
0.714286
0.6875
0.666667
0.714286
0.714286
0.71875
0.743119
0.714286
0.714286
0.714286
0.714286
0.714286
0.666667
0.666667
0.666667
0.714286
0.6875
0.6875
0.714286
0.714286
0.714286
0.666667
0.666667
0.666667
0.714286
0.666667
0.714286
0.714286
0.666667
0.714286
0.714286
0.666667
0.714286
0.666667
0.666667
0.666667
0.666667
0.714286
0.666667
0.666667
0.666667
0.749009
0.747368
0.714286
0.714286
0.666667
0.666667
0.666667
0.666667
0.714286
0.714286
0.6875
0.6875
0.714286
0.666667
0.666667
0.714286
0.666667
0.666667
0.714286
0.666667
0.666667
0.666667
0.744681
0.714286
0.666667
0.666667
0.666667
0.666667
0.666667
0.666667
0.714286
0.666667
0.714286
0.666667
0.666667
0.666667
0.666667
0.666667
0.666667
0.666667
0.714286
0.6875
0.714286
0.666667
0.6875
0.749235
0.6875
0.714286
0.714286
0.666667
0.722222
0.666667
0.6875
0.714286
0.666667
0.666667
0.666667
0.714286
0.666667
0.6875
0.6875
0.71875
0.714286
0.714286
0.666667
0.666667
0.666667
0.714286
0.714286
0.714286
0.666667
0.714286
0.666667
0.714286
0.666667
0.666667
0.666667
0.666667
0.714286
0.714286
0.714286
0.714286
0.6875
0.714286
0.666667
0.714286
0.714286
0.714286
0.714286
0.666667
0.714286
0.714286
0.7
0.666667
0.666667
0.666667
0.666667
0.666667
0.666667
0.666667
0.666667
0.714286
0.666667
0.666667
0.6875
0.714286
0.714286
0.714286
0.714286
0.666667
0.714286
0.6875
0.666667
0.714286
0.666667
0.666667
0.666667
0.745098
0.748865
0.748571
0.6875
0.666667
0.714286
0.714286
0.666667
0.666667
0.666667
0.666667
0.666667
0.666667
0.748718
0.746479
0.6875
0.714286
0.666667
0.714286
0.714286
0.722222
0.748691
0.714286
0.666667
0.666667
0.74893
0.714286
0.714286
0.666667
0.714286
0.666667
0.666667
0.714286
0.714286
0.666667
0.6875
0.666667
0.714286
0.666667
0.714286
0.666667
0.666667
0.666667
0.666667
0.666667
0.714286
0.666667
0.6875
0.666667
0.666667
0.666667
0.714286
0.666667
0.666667
0.666667
0.666667
0.666667
0.666667
0.714286
0.666667
0.666667
0.666667
0.714286
0.666667
0.714286
0.714286
0.666667
0.714286
0.714286
0.666667
0.666667
0.666667
0.714286
0.666667
0.714286
0.666667
0.666667
0.714286
0.666667
0.666667
0.666667
0.714286
0.714286
0.666667
0.666667
0.666667
0.666667
0.714286
0.714286
0.6875
0.714286
0.666667
0.6875
0.714286
0.714286
0.666667
0.666667
0.714286
0.666667
0.714286
0.714286
0.714286
0.714286
0.714286
0.666667
0.733333
0.714286
0.666667
0.666667
0.714286
0.666667
0.666667
0.714286
0.666667
0.666667
0.666667
0.666667
0.666667
0.666667
0.666667
0.666667
0.666667
0.666667
0.714286
0.666667
0.747748
0.714286
0.714286
0.666667
0.666667
0.666667
0.666667
0.666667
0.714286
0.666667
0.714286
0.666667
0.666667
0.714286
0.666667
0.714286
0.666667
0.714286
0.666667
0.666667
0.714286
0.666667
0.666667
0.666667
0.6875
0.666667
0.714286
0.666667
0.666667
0.666667
0.714286
0.666667
0.666667
0.666667
0.666667
0.666667
0.666667
0.714286
0.666667
0.666667
0.666667
0.666667
0.666667
0.666667
0.666667
0.666667
0.666667
0.666667
0.666667
0.666667
0.666667
0.666667
0.714286
0.666667
0.666667
0.666667
0.714286
0.666667
0.666667
0.714286
0.714286
0.714286
0.714286
0.666667
0.714286
0.6875
0.666667
0.714286
0.722222
0.749599
0.714286
0.714286
0.666667
0.666667
0.666667
0.666667
0.666667
0.666667
0.666667
0.666667
0.666667
0.714286
0.6875
0.714286
0.666667
0.714286
0.666667
0.666667
0.666667
0.666667
0.666667
0.714286
0.6875
0.747634
0.714286
0.714286
0.714286
0.666667
0.714286
0.714286
0.666667
0.714286
0.714286
0.666667
0.666667
0.6875
0.666667
0.666667
0.666667
0.714286
0.666667
0.6875
0.666667
0.666667
0.666667
0.7
0.666667
0.666667
0.666667
0.666667
0.666667
0.666667
0.666667
0.666667
0.666667
0.666667
0.666667
0.666667
0.666667
0.746032
0.748988
0.743119
0.714286
0.666667
0.666667
0.666667
0.714286
0.666667
0.714286
0.692308
0.666667
0.705882
0.714286
0.741935
0.714286
0.714286
0.749053
0.714286
0.714286
0.666667
0.666667
0.666667
0.666667
0.666667
0.722222
0.666667
0.666667
0.666667
0.666667
0.714286
0.714286
0.714286
0.666667
0.714286
0.666667
0.749304
0.748691
0.714286
0.666667
0.748634
0.6875
0.714286
0.666667
0.666667
0.714286
0.666667
0.666667
0.714286
0.666667
0.666667
0.666667
0.666667
0.714286
0.666667
0.714286
0.666667
0.666667
0.666667
0.666667
0.666667
0.714286
0.714286
0.666667
0.666667
0.666667
0.714286
0.666667
0.666667
0.666667
0.714286
0.714286
0.714286
0.714286
0.748677
0.745283
0.741935
0.6875
0.666667
0.666667
0.714286
0.666667
0.666667
0.666667
0.666667
0.666667
0.666667
0.666667
0.666667
0.666667
0.666667
0.666667
0.666667
0.666667
0.714286
0.744186
0.666667
0.714286
0.714286
0.666667
0.6875
0.666667
0.666667
0.714286
0.666667
0.666667
0.666667
0.714286
0.666667
0.666667
0.666667
0.666667
0.714286
0.714286
0.666667
0.666667
0.714286
0.666667
0.666667
0.714286
0.666667
0.666667
0.714286
0.666667
0.714286
0.714286
0.6875
0.6875
0.714286
0.714286
0.6875
0.666667
0.666667
0.666667
0.666667
0.714286
0.666667
0.666667
0.714286
0.666667
0.666667
0.666667
0.714286
0.666667
0.714286
0.666667
0.666667
0.666667
0.666667
0.714286
0.666667
0.666667
0.666667
0.714286
0.666667
0.666667
0.714286
0.714286
0.6875
0.666667
0.714286
0.666667
0.714286
0.666667
0.666667
0.71875
0.666667
0.746479
0.749609
0.714286
0.666667
0.666667
0.666667
0.6875
0.714286
0.714286
0.666667
0.714286
0.666667
0.666667
0.714286
0.666667
0.666667
0.666667
0.666667
0.666667
0.714286
0.6875
0.666667
0.714286
0.666667
0.666667
0.666667
0.666667
0.666667
0.666667
0.666667
0.714286
0.666667
0.666667
0.714286
0.714286
0.666667
0.666667
0.714286
0.666667
0.714286
0.666667
0.6875
0.714286
0.666667
0.714286
0.666667
0.748503
0.749129
0.714286
0.666667
0.666667
0.666667
0.714286
0.666667
0.714286
0.714286
0.74964
0.749699
0.714286
0.666667
0.749094
0.714286
0.666667
0.666667
0.714286
0.666667
0.7
0.666667
0.666667
0.666667
0.714286
0.666667
0.714286
0.714286
0.666667
0.714286
0.6875
0.714286
0.749874
0.666667
0.733333
0.666667
0.666667
0.666667
0.666667
0.666667
0.666667
0.714286
0.666667
0.666667
0.714286
0.666667
0.666667
0.666667
0.6875
0.666667
0.666667
0.666667
0.666667
0.714286
0.666667
0.666667
0.714286
0.666667
0.666667
0.666667
0.666667
0.714286
0.666667
0.666667
0.666667
0.714286
0.666667
0.714286
0.666667
0.666667
0.666667
0.714286
0.666667
0.74902
0.746835
0.749511
0.714286
0.666667
0.714286
0.714286
0.666667
0.666667
0.666667
0.666667
0.714286
0.666667
0.666667
0.666667
0.666667
0.714286
0.666667
0.666667
0.666667
0.714286
0.666667
0.666667
0.714286
0.666667
0.666667
0.666667
0.749392
0.74942
0.714286
0.714286
0.666667
0.714286
0.714286
0.714286
0.666667
0.666667
0.666667
0.666667
0.666667
0.666667
0.714286
0.666667
0.666667
0.666667
0.666667
0.714286
0.666667
0.714286
0.666667
0.714286
0.666667
0.714286
0.666667
0.714286
0.714286
0.666667
0.666667
0.666667
0.666667
0.666667
0.666667
0.666667
0.666667
0.6875
0.666667
0.666667
0.666667
0.73913
0.666667
0.666667
0.666667
0.666667
0.666667
0.666667
0.666667
0.748527
0.714286
0.714286
0.666667
0.666667
0.666667
0.666667
0.666667
0.666667
0.666667
0.666667
0.666667
0.666667
0.714286
0.666667
0.666667
0.666667
0.666667
0.666667
0.666667
0.666667
0.714286
0.666667
0.666667
0.746835
0.74359
0.71875
0.666667
0.714286
0.666667
0.714286
0.666667
0.666667
0.666667
0.747024
0.748184
0.734375
0.666667
0.666667
0.666667
0.666667
0.714286
0.666667
0.666667
0.714286
0.714286
0.666667
0.714286
0.666667
0.666667
0.666667
0.714286
0.666667
0.666667
0.666667
0.666667
0.666667
0.714286
0.666667
0.666667
0.666667
0.666667
0.666667
0.714286
0.714286
0.666667
0.666667
0.666667
0.666667
0.666667
0.666667
0.666667
0.666667
0.666667
0.666667
0.666667
0.666667
0.714286
0.666667
0.666667
0.666667
0.666667
0.666667
0.714286
0.714286
0.666667
0.666667
0.666667
0.666667
0.666667
0.666667
0.666667
0.749216
0.749618
0.6875
0.714286
0.666667
0.714286
0.666667
0.666667
0.714286
0.6875
0.666667
0.666667
0.666667
0.666667
0.714286
0.666667
0.666667
0.666667
0.714286
0.733333
0.714286
0.6875
0.666667
0.666667
0.666667
0.6875
0.666667
0.714286
0.747212
0.6875
0.714286
0.666667
0.666667
0.714286
0.666667
0.714286
0.666667
0.666667
0.666667
0.666667
0.666667
0.666667
0.666667
0.714286
0.666667
0.714286
0.666667
0.666667
0.714286
0.666667
0.714286
0.666667
0.666667
0.666667
0.666667
0.666667
0.666667
0.714286
0.666667
0.714286
0.666667
0.714286
0.666667
0.714286
0.666667
0.666667
0.666667
0.666667
0.714286
0.666667
0.666667
0.666667
0.714286
0.666667
0.666667
0.666667
0.666667
0.666667
0.748031
0.714286
0.714286
0.6875
0.714286
0.714286
0.714286
0.666667
0.666667
0.666667
0.666667
0.666667
0.714286
0.714286
0.714286
0.666667
0.666667
0.666667
0.666667
0.666667
0.666667
0.666667
0.666667
0.666667
0.666667
0.666667
0.666667
0.666667
0.666667
0.666667
0.666667
0.666667
0.666667
0.714286
0.666667
0.714286
0.666667
0.714286
0.666667
0.666667
0.666667
0.666667
0.666667
0.714286
0.714286
0.714286
0.666667
0.666667
0.666667
0.666667
0.666667
0.666667
0.666667
0.666667
0.666667
0.666667
0.666667
0.714286
0.714286
0.749121
0.746875
0.744681
0.748311
0.747945
0.714286
0.666667
0.714286
0.666667
0.666667
0.714286
0.666667
0.666667
0.666667
0.666667
0.749238
0.749347
0.714286
0.727273
0.666667
0.666667
0.666667
0.666667
0.666667
0.666667
0.714286
0.666667
0.714286
0.666667
0.666667
0.666667
0.666667
0.666667
0.666667
0.666667
0.666667
0.666667
0.666667
0.666667
0.714286
0.714286
0.749201
0.666667
0.666667
0.666667
0.666667
0.666667
0.666667
0.666667
0.666667
0.666667
0.666667
0.666667
0.666667
0.666667
0.666667
0.666667
0.666667
0.666667
0.666667
0.666667
0.666667
0.666667
0.666667
0.714286
0.714286
0.666667
0.666667
0.666667
0.714286
0.666667
0.666667
0.666667
0.666667
0.666667
0.666667
0.740741
0.666667
0.666667
0.714286
0.666667
0.666667
0.748936
0.749648
0.749478
0.714286
0.666667
0.666667
0.666667
0.666667
0.714286
0.666667
0.666667
0.6875
0.666667
0.714286
0.714286
0.6875
0.666667
0.714286
0.666667
0.666667
0.666667
0.714286
0.666667
0.666667
0.666667
0.749831
0.749732
0.743802
0.666667
0.666667
0.666667
0.666667
0.666667
0.714286
0.749398
0.748737
0.749964
0.74359
0.666667
0.714286
0.666667
0.666667
0.6875
0.714286
0.666667
0.714286
0.666667
0.666667
0.666667
0.666667
0.666667
0.666667
0.666667
0.714286
0.666667
0.714286
0.666667
0.666667
0.666667
0.666667
0.714286
0.666667
0.666667
0.666667
0.666667
0.714286
0.666667
0.666667
0.666667
0.714286
0.6875
0.666667
0.666667
0.666667
0.666667
0.666667
0.666667
0.666667
0.714286
0.714286
0.666667
0.666667
0.714286
0.666667
0.666667
0.666667
0.666667
0.666667
0.666667
0.666667
0.666667
0.714286
0.666667
0.666667
0.666667
0.666667
0.666667
0.74903
0.742857
0.666667
0.666667
0.666667
0.666667
0.714286
0.666667
0.666667
0.714286
0.666667
0.714286
0.666667
0.666667
0.666667
0.714286
0.714286
0.714286
0.666667
0.666667
0.714286
0.666667
0.666667
0.666667
0.714286
0.714286
0.714286
0.666667
0.666667
0.714286
0.666667
0.6875
0.745763
0.749882
0.6875
0.714286
0.735294
0.666667
0.666667
0.666667
0.666667
0.714286
0.666667
0.6875
0.666667
0.666667
0.666667
0.666667
0.666667
0.666667
0.714286
0.666667
0.666667
0.666667
0.6875
0.714286
0.727273
0.714286
0.666667
0.748677
0.748512
0.714286
0.729167
0.722222
0.666667
0.749588
0.749866
0.714286
0.666667
0.722222
0.749752
0.733333
0.749841
0.666667
0.666667
0.714286
0.666667
0.749438
0.747475
0.749905
0.666667
0.749842
0.714286
0.666667
0.666667
0.714286
0.748299
0.748047
0.733333
0.748072
0.749362
0.747283
0.749888
0.71875
0.714286
0.666667
0.714286
0.666667
0.666667
0.666667
0.666667
0.666667
0.666667
0.714286
0.666667
0.666667
0.666667
0.666667
0.6875
0.714286
0.666667
0.714286
0.666667
0.666667
0.749476
0.74973
0.749373
0.714286
0.666667
0.666667
0.714286
0.666667
0.666667
0.714286
0.722222
0.666667
0.666667
0.714286
0.666667
0.714286
0.666667
0.666667
0.6875
0.666667
0.666667
0.666667
0.748031
0.747159
0.730769
0.746341
0.714286
0.666667
0.6875
0.666667
0.6875
0.747863
0.749447
0.666667
0.666667
0.714286
0.666667
0.666667
0.666667
0.714286
0.666667
0.666667
0.714286
0.666667
0.666667
0.666667
0.748851
0.666667
0.714286
0.714286
0.714286
0.666667
0.714286
0.666667
0.666667
0.666667
0.714286
0.666667
0.666667
0.666667
0.666667
0.714286
0.714286
0.749577
0.727273
0.74359
0.722222
0.741071
0.733333
0.6875
0.714286
0.722222
0.666667
0.714286
0.714286
0.714286
0.714286
0.729167
0.666667
0.714286
0.666667
0.666667
0.666667
0.714286
0.666667
0.666667
0.666667
0.666667
0.666667
0.666667
0.666667
0.666667
0.666667
0.666667
0.666667
0.714286
0.666667
0.666667
0.666667
0.666667
0.666667
0.666667
0.74878
0.749271
0.714286
0.666667
0.666667
0.666667
0.666667
0.666667
0.666667
0.666667
0.666667
0.666667
0.666667
0.666667
0.743243
0.666667
0.666667
0.714286
0.666667
0.666667
0.666667
0.666667
0.666667
0.666667
0.666667
0.666667
0.666667
0.714286
0.714286
0.714286
0.666667
0.714286
0.666667
0.666667
0.722222
0.666667
0.714286
0.666667
0.714286
0.7375
0.714286
0.714286
0.666667
0.714286
0.666667
0.666667
0.666667
0.666667
0.666667
0.6875
0.666667
0.666667
0.6875
0.71875
0.666667
0.666667
0.666667
0.666667
0.666667
0.666667
0.666667
0.666667
0.714286
0.666667
0.666667
0.714286
0.666667
0.666667
0.666667
0.749356
0.714286
0.666667
0.74934
0.714286
0.666667
0.666667
0.714286
0.714286
0.666667
0.666667
0.714286
0.666667
0.666667
0.666667
0.666667
0.666667
0.666667
0.714286
0.666667
0.714286
0.666667
0.666667
0.666667
0.666667
0.749175
0.714286
0.666667
0.666667
0.666667
0.666667
0.666667
0.722222
0.714286
0.666667
0.666667
0.666667
0.666667
0.666667
0.666667
0.666667
0.666667
0.714286
0.666667
0.666667
0.666667
0.666667
0.666667
0.666667
0.666667
0.714286
0.666667
0.666667
0.666667
0.666667
0.666667
0.666667
0.6875
0.6875
0.714286
0.714286
0.714286
0.666667
0.714286
0.666667
0.714286
0.714286
0.666667
0.666667
0.714286
0.666667
0.6875
0.714286
0.666667
0.666667
0.666667
0.666667
0.6875
0.666667
0.666667
0.666667
0.666667
0.666667
0.666667
0.714286
0.666667
0.749441
0.6875
0.666667
0.666667
0.666667
0.666667
0.666667
0.666667
0.666667
0.714286
0.714286
0.747253
0.745536
0.714286
0.714286
0.6875
0.666667
0.666667
0.714286
0.666667
0.666667
0.666667
0.666667
0.714286
0.666667
0.714286
0.666667
0.666667
0.666667
0.714286
0.666667
0.666667
0.748634
0.746479
0.743119
0.733333
0.666667
0.666667
0.666667
0.666667
0.666667
0.666667
0.666667
0.714286
0.714286
0.714286
0.666667
0.666667
0.666667
0.666667
0.714286
0.666667
0.6875
0.666667
0.666667
0.714286
0.666667
0.714286
0.666667
0.714286
0.714286
0.746032
0.714286
0.714286
0.714286
0.666667
0.666667
0.6875
0.741071
0.714286
0.666667
0.666667
0.666667
0.666667
0.714286
0.666667
0.666667
0.714286
0.714286
0.666667
0.666667
0.666667
0.6875
0.666667
0.666667
0.666667
0.666667
0.6875
0.666667
0.714286
0.666667
0.749674
0.666667
0.714286
0.666667
0.666667
0.666667
0.666667
0.666667
0.714286
0.714286
0.666667
0.666667
0.666667
0.722222
0.746835
0.666667
0.666667
0.666667
0.714286
0.666667
0.666667
0.666667
0.714286
0.666667
0.666667
0.666667
0.714286
0.6875
0.714286
0.666667
0.666667
0.666667
0.714286
0.714286
0.666667
0.714286
0.666667
0.714286
0.714286
0.666667
0.666667
0.666667
0.666667
0.666667
0.714286
0.666667
0.714286
0.666667
0.666667
0.666667
0.666667
0.6875
0.666667
0.666667
0.666667
0.666667
0.749664
0.74902
0.748837
0.714286
0.666667
0.714286
0.666667
0.714286
0.749761
0.666667
0.714286
0.722222
0.714286
0.666667
0.666667
0.666667
0.714286
0.666667
0.666667
0.722222
0.666667
0.714286
0.666667
0.666667
0.6875
0.714286
0.666667
0.74957
0.749425
0.749216
0.666667
0.666667
0.666667
0.714286
0.666667
0.6875
0.666667
0.741935
0.666667
0.714286
0.714286
0.666667
0.714286
0.666667
0.666667
0.666667
0.666667
0.666667
0.666667
0.666667
0.666667
0.666667
0.666667
0.714286
0.666667
0.714286
0.666667
0.714286
0.666667
0.666667
0.714286
0.714286
0.6875
0.714286
0.7
0.666667
0.666667
0.6875
0.666667
0.666667
0.666667
0.666667
0.714286
0.666667
0.666667
0.727273
0.6875
0.666667
0.666667
0.666667
0.666667
0.666667
0.666667
0.666667
0.666667
0.714286
0.666667
0.666667
0.666667
0.666667
0.666667
0.666667
0.666667
0.666667
0.666667
0.666667
0.666667
0.666667
0.666667
0.666667
0.666667
0.666667
0.666667
0.714286
0.666667
0.666667
0.666667
0.666667
0.666667
0.666667
0.714286
0.666667
0.666667
0.714286
0.714286
0.714286
0.666667
0.714286
0.666667
0.6875
0.714286
0.722222
0.6875
0.748344
0.748634
0.714286
0.666667
0.666667
0.6875
0.666667
0.666667
0.714286
0.666667
0.666667
0.666667
0.666667
0.666667
0.666667
0.666667
0.666667
0.714286
0.666667
0.666667
0.714286
0.714286
0.666667
0.666667
0.666667
0.666667
0.666667
0.666667
0.714286
0.733333
0.714286
0.666667
0.666667
0.714286
0.666667
0.714286
0.714286
0.666667
0.666667
0.666667
0.666667
0.666667
0.666667
0.714286
0.666667
0.666667
0.666667
0.666667
0.666667
0.666667
0.666667
0.666667
0.666667
0.666667
0.666667
0.714286
0.666667
0.714286
0.666667
0.666667
0.666667
0.666667
0.714286
0.748148
0.747899
0.747748
0.6875
0.749326
0.741935
0.73913
0.666667
0.714286
0.666667
0.666667
0.666667
0.666667
0.666667
0.666667
0.666667
0.666667
0.666667
0.714286
0.666667
0.666667
0.714286
0.666667
0.74717
0.749153
0.6875
0.714286
0.666667
0.666667
0.666667
0.666667
0.666667
0.714286
0.749621
0.666667
0.666667
0.666667
0.666667
0.666667
0.714286
0.714286
0.666667
0.666667
0.666667
0.714286
0.666667
0.666667
0.666667
0.666667
0.666667
0.666667
0.666667
0.666667
0.666667
0.714286
0.666667
0.666667
0.666667
0.714286
0.666667
0.666667
0.666667
0.727273
0.666667
0.714286
0.666667
0.666667
0.666667
0.714286
0.666667
0.666667
0.6875
0.714286
0.666667
0.714286
0.666667
0.666667
0.666667
0.666667
0.714286
0.727273
0.666667
0.666667
0.666667
0.666667
0.714286
0.666667
0.666667
0.666667
0.666667
0.666667
0.714286
0.666667
0.666667
0.714286
0.666667
0.666667
0.714286
0.666667
0.714286
0.714286
0.666667
0.666667
0.666667
0.749571
0.714286
0.666667
0.714286
0.666667
0.666667
0.714286
0.714286
0.666667
0.666667
0.666667
0.666667
0.666667
0.666667
0.714286
0.666667
0.666667
0.666667
0.666667
0.666667
0.666667
0.666667
0.666667
0.714286
0.666667
0.666667
0.6875
0.714286
0.666667
0.666667
0.666667
0.666667
0.666667
0.666667
0.666667
0.714286
0.666667
0.714286
0.666667
0.714286
0.666667
0.727273
0.666667
0.666667
0.666667
0.71875
0.714286
0.714286
0.6875
0.666667
0.666667
0.666667
0.666667
0.666667
0.666667
0.666667
0.666667
0.666667
0.666667
0.666667
0.666667
0.666667
0.666667
0.666667
0.666667
0.666667
0.666667
0.666667
0.666667
0.73913
0.714286
0.6875
0.666667
0.714286
0.666667
0.714286
0.666667
0.666667
0.666667
0.666667
0.666667
0.666667
0.666667
0.666667
0.714286
0.714286
0.666667
0.666667
0.666667
0.666667
0.666667
0.666667
0.666667
0.714286
0.666667
0.666667
0.666667
0.666667
0.666667
0.666667
0.666667
0.666667
0.666667
0.666667
0.666667
0.666667
0.666667
0.714286
0.666667
0.666667
0.666667
0.666667
0.666667
0.666667
0.666667
0.666667
0.666667
0.666667
0.749739
0.666667
0.666667
0.666667
0.6875
0.666667
0.666667
0.6875
0.733333
0.749809
0.666667
0.666667
0.666667
0.666667
0.714286
0.666667
0.666667
0.714286
0.749333
0.714286
0.714286
0.666667
0.666667
0.666667
0.666667
0.666667
0.666667
0.714286
0.666667
0.666667
0.666667
0.6875
0.749905
0.714286
0.748918
0.666667
0.714286
0.666667
0.666667
0.666667
0.714286
0.666667
0.666667
0.6875
0.666667
0.666667
0.666667
0.748454
0.743119
0.6875
0.6875
0.714286
0.666667
0.666667
0.666667
0.666667
0.666667
0.666667
0.666667
0.666667
0.74916
0.748527
0.714286
0.714286
0.714286
0.666667
0.666667
0.666667
0.666667
0.666667
0.666667
0.666667
0.666667
0.666667
0.666667
0.722222
0.714286
0.714286
0.714286
0.666667
0.666667
0.666667
0.71875
0.666667
0.666667
0.666667
0.714286
0.666667
0.666667
0.666667
0.714286
0.666667
0.666667
0.666667
0.666667
0.666667
0.714286
0.666667
0.666667
0.714286
0.666667
0.666667
0.666667
0.666667
0.666667
0.666667
0.714286
0.6875
0.714286
0.666667
0.6875
0.666667
0.714286
0.666667
0.749708
0.748479
0.714286
0.714286
0.714286
0.714286
0.666667
0.666667
0.666667
0.666667
0.666667
0.666667
0.666667
0.666667
0.6875
0.714286
0.666667
0.748682
0.748148
0.749724
0.749077
0.714286
0.666667
0.666667
0.714286
0.714286
0.666667
0.666667
0.666667
0.666667
0.666667
0.666667
0.666667
0.666667
0.666667
0.6875
0.666667
0.666667
0.666667
0.666667
0.666667
0.666667
0.666667
0.666667
0.666667
0.714286
0.666667
0.666667
0.714286
0.666667
0.714286
0.714286
0.714286
0.666667
0.714286
0.666667
0.666667
0.666667
0.666667
0.714286
0.666667
0.666667
0.714286
0.714286
0.6875
0.666667
0.714286
0.666667
0.714286
0.666667
0.6875
0.666667
0.714286
0.666667
0.666667
0.714286
0.733333
0.742188
0.748355
0.714286
0.666667
0.714286
0.722222
0.666667
0.666667
0.666667
0.666667
0.666667
0.714286
0.666667
0.666667
0.666667
0.666667
0.714286
0.666667
0.666667
0.666667
0.666667
0.666667
0.666667
0.749271
0.666667
0.714286
0.666667
0.666667
0.6875
0.666667
0.714286
0.714286
0.748663
0.666667
0.666667
0.666667
0.666667
0.666667
0.749049
0.74954
0.714286
0.666667
0.733333
0.666667
0.666667
0.666667
0.714286
0.666667
0.714286
0.666667
0.666667
0.666667
0.666667
0.714286
0.666667
0.749708
0.749168
0.749676
0.666667
0.6875
0.714286
0.714286
0.714286
0.714286
0.666667
0.714286
0.714286
0.6875
0.666667
0.666667
0.666667
0.714286
0.749306
0.745223
0.714286
0.666667
0.714286
0.666667
0.666667
0.666667
0.714286
0.666667
0.666667
0.666667
0.666667
0.666667
0.666667
0.666667
0.714286
0.666667
0.666667
0.666667
0.666667
0.666667
0.714286
0.714286
0.666667
0.714286
0.714286
0.666667
0.666667
0.666667
