0.198675
0.188482
0.175501
0.213333
0.111111
0.274157
0.40903
0.517608
0.583333
0.67
0.68624
0.68661
0.675325
0.660377
0.686801
0.683099
0.64
0.619048
0.706134
0.717546
0.714859
0.611111
0.717712
0.716981
0.716799
0.717489
0.739496
0.666667
0.588235
0.737705
0.748722
0.748521
0.631579
0.714286
0.749657
0.733333
0.727273
0.631579
0.745223
0.746975
0.71875
0.709091
0.692308
0.730435
0.75
0.714286
0.710526
0.747368
0.721519
0.728571
0.588235
0.761807
0.768908
0.777293
0.776596
0.734694
0.666667
0.780355
0.779874
0.778109
0.780193
0.775701
0.786557
0.811439
0.80829
0.811897
0.812283
0.793103
0.802974
0.73913
0.808354
0.811852
0.792793
0.8
0.75
0.78
0.812068
0.812426
0.817273
0.843502
0.866768
0.895247
0.905743
0.905859
0.906151
0.905839
0.906182
0.905985
0.905848
0.906163
0.906049
0.906215
0.906098
0.905882
0.900826
0.906002
0.899441
0.88
0.899543
0.894737
0.833333
0.9
0.851852
0.904762
0.906181
0.905947
0.906038
0.904762
0.89404
0.895833
0.905997
0.903485
0.906189
0.905621
0.901042
0.888889
0.903374
0.901235
0.905956
0.905977
0.891566
0.905933
0.906048
0.906088
0.906196
0.902439
0.905799
0.905987
0.898734
0.906088
0.906179
0.905895
0.906146
0.885057
0.905889
0.904502
0.906153
0.897297
0.906165
0.913803
0.929204
0.937436
0.937331
0.936972
0.928571
0.937438
0.93742
0.920635
0.911111
0.925
0.937434
0.934426
0.937347
0.920635
0.935829
0.937482
0.937456
0.937245
0.933775
0.932836
0.937479
0.937433
0.931035
0.931298
0.934272
0.931035
0.937455
0.937469
0.912281
0.934911
0.937446
0.93747
0.931624
0.933333
0.923077
0.934156
0.888889
0.937417
0.933333
0.932432
0.933333
0.937473
0.937409
0.93597
0.932773
0.937423
0.937356
0.937467
0.937466
0.923077
0.937459
0.9
0.932836
0.925
0.902439
0.90625
0.925532
0.884615
0.6
0.932886
0.917808
0.913043
0.917808
0.927632
0.921569
0.902439
0.917808
0.91954
0.924528
0.926471
0.875
0.935268
0.930233
0.934343
0.93578
0.937433
0.937077
0.936248
0.936893
0.928571
0.9
0.925926
0.882353
0.909091
0.92
0.894737
0.891892
0.891892
0.912281
0.888889
0.891892
0.892857
0.916667
0.897436
0.902439
0.897436
0.934579
0.934579
0.924242
0.875
0.935728
0.937476
0.916667
0.934694
0.936973
0.935673
0.910714
0.936259
0.923077
0.897436
0.931373
0.936194
0.932642
0.925373
0.882353
0.93599
0.936958
0.933702
0.902439
0.936915
0.936864
0.909091
0.9
0.902439
0.933702
0.937453
0.936214
0.92381
0.933735
0.931035
0.937333
0.897436
0.927152
0.935484
0.882353
0.93133
0.934783
0.935294
0.936658
0.920792
0.931624
0.915254
0.925926
0.921053
0.882353
0.934066
0.915493
0.928571
0.937272
0.932203
0.902439
0.934363
0.933702
0.923077
0.909091
0.927273
0.934037
0.929412
0.932076
0.93633
0.925926
0.93662
0.93652
0.93692
0.930233
0.937086
0.937163
0.937237
0.933333
0.935829
0.937282
0.932203
0.935007
0.917808
0.935018
0.917808
0.929078
0.92233
0.931298
0.88
0.857143
0.937286
0.937055
0.937411
0.929134
0.931818
0.936455
0.936207
0.934694
0.937292
0.937329
0.897436
0.891892
0.912281
0.882353
0.936902
0.937222
0.936782
0.935915
0.937386
0.936632
0.937212
0.929412
0.9
0.925926
0.932886
0.929412
0.929412
0.92
0.902439
0.9
0.924528
0.91954
0.929293
0.934911
0.915254
0.937144
0.93424
0.929078
0.934066
0.934694
0.897436
0.936872
0.936455
0.934066
0.934272
0.93692
0.937191
0.937176
0.928571
0.925926
0.935484
0.935961
0.933121
0.937029
0.937317
0.93738
0.93591
0.92
0.928571
0.909091
0.93125
0.937161
0.920792
0.936683
0.936426
0.921053
0.919355
0.936756
0.936639
0.937377
0.937279
0.937003
0.936877
0.935567
0.90625
0.933754
0.936723
0.924731
0.9
0.936849
0.919355
0.928571
0.937152
0.935802
0.937193
0.931217
0.935393
0.924242
0.936102
0.937212
0.937251
0.935205
0.936406
0.929688
0.936992
0.927152
0.93663
0.936285
0.93007
0.924528
0.937244
0.936926
0.934343
0.910714
0.937044
0.931624
0.904762
0.917808
0.914894
0.91954
0.934272
0.937077
0.935127
0.925
0.909091
0.936914
0.937152
0.913043
0.917808
0.926829
0.90625
0.93254
0.936893
0.93737
0.891892
0.919355
0.917808
0.936293
0.917808
0.919355
0.917808
0.932203
0.927007
0.929412
0.937121
0.909091
0.936631
0.924731
0.935103
0.936189
0.937378
0.937254
0.936236
0.927152
0.933099
0.937039
0.932927
0.924731
0.924242
0.913793
0.924528
0.9
0.920635
0.90625
0.9
0.934211
0.922078
0.916667
0.929688
0.936897
0.935644
0.936235
0.923913
0.937125
0.916667
0.937165
0.909091
0.929293
0.936808
0.909091
0.909091
0.933518
0.93708
0.90625
0.892857
0.933702
0.933333
0.93638
0.936269
0.929412
0.915493
0.935211
0.936723
0.882353
0.936732
0.937272
0.936883
0.924528
0.936614
0.929936
0.924731
0.935864
0.916667
0.937127
0.936662
0.936961
0.9
0.9
0.923077
0.93501
0.937105
0.93677
0.919355
0.934097
0.924731
0.9
0.9
0.892857
0.892857
0.916667
0.933333
0.933333
0.921875
0.936955
0.937286
0.936597
0.911111
0.936763
0.936321
0.936727
0.937085
0.93133
0.936255
0.934783
0.936298
0.936034
0.935294
0.934831
0.929688
0.929293
0.913793
0.918033
0.916667
0.921053
0.929412
0.93125
0.933594
0.933099
0.924242
0.927419
0.921053
0.936799
0.888889
0.936635
0.892857
0.931373
0.929293
0.909091
0.924731
0.9
0.90625
0.924051
0.937019
0.932515
0.924528
0.934932
0.928
0.936975
0.929936
0.903226
0.937105
0.927835
0.936788
0.935927
0.936658
0.93586
0.936293
0.925532
0.922078
0.933014
0.920635
0.93609
0.937076
0.927083
0.931937
0.927711
0.932836
0.934211
0.930233
0.936464
0.935484
0.927083
0.923913
0.935986
0.937051
0.93254
0.929487
0.936312
0.935792
0.916667
0.933754
0.935821
0.933544
0.918033
0.916667
0.937268
0.93038
0.926316
0.929688
0.918033
0.935039
0.918033
0.93593
0.937282
0.928
0.935368
0.909091
0.930435
0.936488
0.916667
0.90625
0.926316
0.919355
0.916667
0.920635
0.930851
0.924528
0.93601
0.927419
0.929412
0.936283
0.903226
0.896552
0.896552
0.892857
0.927152
0.931624
0.914286
0.933511
0.923913
0.93677
0.925926
0.934177
0.927083
0.93038
0.927928
0.93007
0.936983
0.892857
0.903226
0.909091
0.930769
0.936401
0.935035
0.936477
0.932203
0.935421
0.932367
0.925373
0.920635
0.926316
0.903226
0.918033
0.909091
0.896552
0.9
0.929688
0.937389
0.892857
0.909091
0.931973
0.928571
0.911765
0.92381
0.924528
0.916667
0.935638
0.934383
0.933673
0.936546
0.936523
0.929936
0.937342
0.928
0.925532
0.937029
0.9
0.918033
0.892857
0.9
0.90625
0.9
0.892857
0.892857
0.903226
0.892857
0.928571
0.892857
0.896552
0.892857
0.896552
0.892857
0.918033
0.892857
0.915254
0.933852
0.896552
0.923077
0.934483
0.92
0.937433
0.918033
0.93609
0.928994
0.892857
0.909091
0.916667
0.9
0.935185
0.936372
0.924528
0.936836
0.919355
0.933036
0.892857
0.93038
0.919355
0.909091
0.892857
0.9
0.903226
0.915493
0.892857
0.892857
0.919355
0.892857
0.929936
0.892857
0.9
0.903226
0.918033
0.911765
0.903226
0.892857
0.930435
0.892857
0.903226
0.892857
0.909091
0.920635
0.93617
0.937387
0.896552
0.916667
0.9
0.9
0.936937
0.916667
0.896552
0.919355
0.90625
0.909091
0.916667
0.934959
0.935927
0.937433
0.934831
0.90625
0.892857
0.931298
0.931818
0.9
0.926471
0.892857
0.925926
0.892857
0.892857
0.903226
0.9
0.892857
0.896552
0.896552
0.909091
0.904762
0.927711
0.934783
0.932099
0.9
0.884615
0.932735
0.936603
0.928571
0.90625
0.896552
0.892857
0.90625
0.892857
0.916667
0.921053
0.927711
0.932203
0.937455
0.926316
0.892857
0.892857
0.90625
0.925926
0.935185
0.924731
0.935561
0.934211
0.927419
0.924242
0.930851
0.937045
0.928
0.927007
0.9
0.933333
0.892857
0.892857
0.924731
0.934555
0.921053
0.935252
0.928934
0.931298
0.926316
0.892857
0.929688
0.9
0.937013
0.903226
0.9
0.9
0.9
0.90625
0.932292
0.892857
0.892857
0.90625
0.902439
0.914894
0.929577
0.932886
0.915493
0.921053
0.918919
0.936913
0.892857
0.892857
0.892857
0.892857
0.892857
0.9
0.928571
0.909091
0.936873
0.918033
0.892857
0.911765
0.931217
0.93659
0.935424
0.909091
0.9
0.892857
0.9
0.892857
0.892857
0.892857
0.891892
0.892857
0.892857
0.892857
0.892857
0.925373
0.929293
0.929688
0.892857
0.896552
0.892857
0.90625
0.90625
0.914286
0.90625
0.93125
0.896552
0.903226
0.9
0.903226
0.920635
0.916667
0.927083
0.929412
0.934685
0.931035
0.920455
0.932432
0.896552
0.90625
0.929134
0.9
0.891892
0.911765
0.925926
0.932127
0.937354
0.927083
0.892857
0.90625
0.918033
0.9
0.90625
0.909091
0.896552
0.909091
0.892857
0.896552
0.896552
0.924242
0.90625
0.9
0.896552
0.909091
0.892857
0.9
0.933852
0.9
0.903226
0.9
0.894737
0.934066
0.921875
0.926471
0.892857
0.924528
0.924812
0.909091
0.896552
0.920635
0.909091
0.933754
0.918033
0.916667
0.937085
0.935644
0.903226
0.9
0.927419
0.896552
0.909091
0.933071
0.9
0.892857
0.926471
0.896552
0.90625
0.920635
0.911765
0.921875
0.921875
0.896552
0.892857
0.93
0.937135
0.909091
0.925926
0.933333
0.927835
0.9
0.903226
0.9
0.909091
0.909091
0.9
0.9
0.9
0.892857
0.903226
0.911111
0.937441
0.88
0.928571
0.914286
0.909091
0.90625
0.9
0.909091
0.923077
0.9
0.9
0.9
0.926471
0.928144
0.93038
0.892857
0.909091
0.93125
0.90625
0.926316
0.892857
0.924528
0.92623
0.916667
0.936793
0.896552
0.892857
0.896552
0.909091
0.919355
0.896552
0.892857
0.9
0.892857
0.9
0.921875
0.90625
0.90625
0.909091
0.93038
0.932806
0.90625
0.903226
0.909091
0.935305
0.892857
0.924731
0.892857
0.9
0.9
0.892857
0.913043
0.937383
0.933594
0.923077
0.933333
0.929412
0.909091
0.931624
0.909091
0.9
0.920635
0.909091
0.924731
0.9
0.9
0.892857
0.9
0.892857
0.911765
0.903226
0.924242
0.916667
0.919355
0.892857
0.924242
0.909091
0.90625
0.9
0.892857
0.919355
0.903226
0.892857
0.90625
0.919355
0.930769
0.924528
0.892857
0.934853
0.935484
0.927152
0.925926
0.929577
0.892857
0.884615
0.892857
0.892857
0.892857
0.9
0.892857
0.9
0.9
0.90625
0.920635
0.918033
0.918033
0.929293
0.935484
0.916667
0.915254
0.9
0.892857
0.90625
0.9
0.892857
0.932806
0.9
0.916667
0.937123
0.892857
0.914286
0.924731
0.892857
0.892857
0.924242
0.911765
0.9
0.9
0.9
0.921053
0.90625
0.896552
0.914286
0.892857
0.9
0.892857
0.909091
0.892857
0.896552
0.892857
0.892857
0.892857
0.919355
0.892857
0.9
0.909091
0.909091
0.9
0.892857
0.892857
0.896552
0.9
0.924731
0.921053
0.932331
0.90625
0.903226
0.892857
0.896552
0.918033
0.916667
0.892857
0.892857
0.892857
0.921875
0.919355
0.892857
0.892857
0.9
0.928571
0.892857
0.896552
0.920635
0.892857
0.909091
0.9
0.90625
0.909091
0.929412
0.935673
0.924242
0.931818
0.927632
0.932203
0.935567
0.937193
0.934169
0.935252
0.925373
0.932271
0.929412
0.925926
0.9
0.929487
0.896552
0.916667
0.892857
0.92623
0.9
0.9
0.930556
0.927928
0.896552
0.9
0.896552
0.925926
0.884615
0.869565
0.922222
0.936769
0.935275
0.935039
0.892857
0.921053
0.932432
0.936411
0.919355
0.918033
0.892857
0.9
0.9
0.9
0.892857
0.9
0.892857
0.896552
0.903226
0.90625
0.896552
0.892857
0.937005
0.90625
0.920635
0.892857
0.9
0.90625
0.9
0.892857
0.896552
0.894737
0.909091
0.892857
0.927083
0.896552
0.925926
0.927419
0.9
0.903226
0.892857
0.9
0.9
0.9
0.892857
0.914286
0.9
0.924731
0.896552
0.90625
0.892857
0.90625
0.892857
0.892857
0.911765
0.919355
0.909091
0.935275
0.9
0.892857
0.916667
0.896552
0.892857
0.896552
0.919355
0.896552
0.90625
0.9
0.896552
0.927083
0.892857
0.909091
0.892857
0.9
0.919355
0.892857
0.896552
0.892857
0.9
0.892857
0.892857
0.9
0.920635
0.892857
0.90625
0.903226
0.902439
0.921053
0.916667
0.924242
0.918033
0.9
0.93633
0.896552
0.892857
0.892857
0.892857
0.90625
0.90625
0.909091
0.892857
0.9
0.896552
0.892857
0.892857
0.896552
0.90625
0.9
0.911765
0.896552
0.9
0.9
0.903226
0.892857
0.892857
0.9
0.936285
0.892857
0.892857
0.920635
0.91954
0.90625
0.904762
0.924242
0.921875
0.892857
0.9
0.918033
0.892857
0.90625
0.894737
0.892857
0.892857
0.921875
0.921053
0.934896
0.909091
0.892857
0.892857
0.892857
0.90625
0.924242
0.9
0.909091
0.902439
0.896552
0.924731
0.903226
0.9
0.90625
0.9
0.909091
0.90625
0.902439
0.923077
0.892857
0.892857
0.9
0.9
0.892857
0.90625
0.892857
0.9
0.892857
0.9
0.918033
0.90625
0.916667
0.896552
0.896552
0.9
0.896552
0.926471
0.929936
0.90625
0.909091
0.892857
0.892857
0.9
0.916667
0.90625
0.9
0.892857
0.927835
0.892857
0.903226
0.911765
0.9
0.896552
0.914286
0.927083
0.9
0.90625
0.892857
0.910714
0.902439
0.909091
0.924528
0.91954
0.933962
0.9
0.914286
0.923077
0.903226
0.921348
0.936131
0.934978
0.932292
0.916667
0.90625
0.903226
0.918033
0.919355
0.920635
0.928
0.9
0.917808
0.90625
0.914894
0.920455
0.909091
0.891892
0.925532
0.925373
0.9
0.90625
0.88
0.921875
0.911765
0.925532
0.927711
0.9
0.918033
0.9
0.909091
0.909091
0.9
0.921053
0.933099
0.935685
0.935185
0.933628
0.903226
0.909091
0.917808
0.902439
0.897436
0.935802
0.937019
0.936298
0.924731
0.9
0.9
0.924242
0.930233
0.933754
0.903226
0.909091
0.924528
0.936031
0.920635
0.916667
0.930233
0.932927
0.936081
0.903226
0.9
0.903226
0.903226
0.9
0.9
0.90625
0.90625
0.891892
0.927419
0.927419
0.916667
0.937376
0.932203
0.928962
0.935986
0.932099
0.933333
0.935374
0.931579
0.902439
0.928994
0.90625
0.916667
0.935936
0.937058
0.935583
0.93125
0.936556
0.932961
0.924528
0.927007
0.875
0.913043
0.934156
0.937372
0.937308
0.93125
0.927835
0.934286
0.919355
0.90625
0.903226
0.934783
0.9
0.920635
0.922222
0.936745
0.937234
0.936552
0.93456
0.935938
0.937189
0.920635
0.93125
0.937337
0.937438
0.937204
0.937019
0.920635
0.93038
0.9367
0.929412
0.936975
0.936047
0.892857
0.892857
0.90625
0.919355
0.903226
0.897436
0.9
0.903226
0.90625
0.930233
0.9
0.916667
0.892857
0.9
0.919355
0.894737
0.903226
0.903226
0.9
0.9
0.9
0.9
0.909091
0.921875
0.919355
0.9
0.9
0.934375
0.918367
0.932203
0.93
0.9
0.936973
0.917808
0.936795
0.936522
0.916667
0.892857
0.916667
0.914286
0.926471
0.925373
0.892857
0.924528
0.937351
0.903226
0.916667
0.935837
0.936848
0.909091
0.920635
0.9
0.892857
0.911765
0.892857
0.936658
0.916667
0.9
0.923913
0.896552
0.9
0.894737
0.904762
0.930636
0.937083
0.917808
0.936684
0.902439
0.924731
0.9
0.92437
0.902439
0.931373
0.923913
0.9
0.892857
0.9
0.892857
0.909091
0.930851
0.93
0.931559
0.933702
0.936401
0.931217
0.934343
0.934732
0.936147
0.936897
0.933754
0.930233
0.936493
0.937107
0.937086
0.93675
0.933908
0.909091
0.924731
0.923077
0.935583
0.931624
0.936632
0.934783
0.936973
0.924528
0.911765
0.933754
0.931035
0.918919
0.919355
0.917808
0.925373
0.930435
0.9
0.928144
0.935185
0.934343
0.935065
0.93038
0.926316
0.9
0.9
0.892857
0.933333
0.936492
0.924731
0.936145
0.935233
0.9
0.927083
0.935115
0.892857
0.909091
0.9
0.931937
0.892857
0.896552
0.931579
0.90625
0.919355
0.929412
0.925532
0.920635
0.903226
0.927835
0.90625
0.891892
0.936694
0.928571
0.933628
0.909091
0.911765
0.914286
0.9
0.9
0.90625
0.9
0.909091
0.90625
0.90625
0.896552
0.896552
0.916667
0.896552
0.9
0.9
0.926316
0.933036
0.9
0.9
0.909091
0.919355
0.911765
0.884615
0.936221
0.9
0.9
0.892857
0.934555
0.937321
0.892857
0.892857
0.903226
0.896552
0.892857
0.909091
0.93724
0.932806
0.927083
0.896552
0.896552
0.90625
0.892857
0.903226
0.892857
0.892857
0.896552
0.9
0.892857
0.919355
0.9
0.902439
0.919355
0.9
0.892857
0.892857
0.892857
0.903226
0.90625
0.90625
0.892857
0.892857
0.896552
0.9
0.892857
0.891892
0.9
0.909091
0.9
0.896552
0.9
0.902439
0.892857
0.921053
0.903226
0.915493
0.920635
0.903226
0.9
0.911765
0.892857
0.916667
0.911765
0.903226
0.932432
0.9
0.920635
0.928571
0.896552
0.909091
0.911765
0.911765
0.896552
0.903226
0.90625
0.90625
0.9
0.916667
0.903226
0.892857
0.9
0.911765
0.916667
0.9
0.909091
0.909091
0.896552
0.9
0.903226
0.909091
0.911111
0.925926
0.936961
0.892857
0.903226
0.903226
0.894737
0.9
0.90625
0.935275
0.937352
0.892857
0.9
0.9
0.909091
0.929688
0.892857
0.892857
0.896552
0.892857
0.892857
0.90625
0.892857
0.909091
0.918033
0.92381
0.918033
0.9
0.911765
0.916667
0.929936
0.892857
0.930233
0.903226
0.915493
0.9
0.9
0.9
0.896552
0.911765
0.9
0.911765
0.924242
0.9
0.90625
0.90625
0.935028
0.9
0.896552
0.9
0.9
0.919355
0.892857
0.9
0.9
0.892857
0.892857
0.892857
0.896552
0.892857
0.930233
0.935407
0.897436
0.935417
0.896552
0.903226
0.892857
0.892857
0.892857
0.9
0.932127
0.929412
0.9
0.90625
0.928571
0.896552
0.903226
0.9
0.9
0.903226
0.903226
0.90625
0.90625
0.90625
0.924242
0.896552
0.923077
0.909091
0.896552
0.896552
0.896552
0.924528
0.9
0.924242
0.909091
0.9
0.90625
0.933333
0.921875
0.9
0.911765
0.9
0.90625
0.9
0.90625
0.90625
0.9
0.909091
0.903226
0.9
0.9
0.9
0.9
0.90625
0.9
0.90625
0.903226
0.916667
0.911765
0.90625
0.903226
0.9
0.909091
0.892857
0.892857
0.896552
0.90625
0.924528
0.9
0.896552
0.936066
0.90625
0.9
0.924242
0.919355
0.909091
0.916667
0.911765
0.911765
0.916667
0.903226
0.925926
0.923077
0.935167
0.9
0.937082
0.925532
0.9
0.892857
0.90625
0.892857
0.902439
0.921053
0.920635
0.892857
0.892857
0.892857
0.892857
0.892857
0.903226
0.9
0.925532
0.916667
0.9
0.90625
0.921053
0.933071
0.90625
0.902439
0.916667
0.927083
0.892857
0.9
0.9
0.911765
0.9
0.909091
0.932886
0.934831
0.926316
0.9
0.929412
0.921569
0.909091
0.894737
0.923077
0.925532
0.892857
0.892857
0.896552
0.924528
0.929412
0.9
0.892857
0.90625
0.90625
0.90625
0.9
0.911765
0.896552
0.9
0.909091
0.90625
0.9
0.916667
0.918033
0.892857
0.90625
0.90625
0.911765
0.914286
0.897436
0.896552
0.896552
0.925373
0.909091
0.892857
0.932836
0.918033
0.914286
0.90625
0.9
0.914286
0.902439
0.892857
0.921875
0.923077
0.923077
0.903226
0.896552
0.9
0.896552
0.911765
0.9
0.9
0.924528
0.924528
0.937077
0.914286
0.9
0.9
0.916667
0.896552
0.916667
0.929412
0.925532
0.892857
0.909091
0.894737
0.909091
0.9
0.931624
0.929412
0.93125
0.9
0.916667
0.909091
0.911765
0.896552
0.921053
0.90625
0.892857
0.9
0.9
0.917808
0.935567
0.903226
0.894737
0.9
0.909091
0.892857
0.9
0.896552
0.892857
0.896552
0.916667
0.896552
0.892857
0.9
0.9
0.896552
0.892857
0.9
0.892857
0.921875
0.936281
0.925926
0.924528
0.90625
0.903226
0.90625
0.9
0.9
0.896552
0.903226
0.896552
0.90625
0.892857
0.9
0.920635
0.892857
0.892857
0.928058
0.936656
0.929293
0.933594
0.933566
0.923077
0.902439
0.934028
0.934555
0.925373
0.909091
0.892857
0.902439
0.90625
0.9
0.892857
0.892857
0.916667
0.921053
0.935583
0.933594
0.930435
0.924528
0.934211
0.896552
0.93038
0.932127
0.923077
0.921053
0.935662
0.892857
0.891892
0.936759
0.924242
0.916667
0.933333
0.913043
0.923077
0.936298
0.90625
0.936552
0.935673
0.936697
0.936673
0.934896
0.931624
0.927835
0.913793
0.935441
0.931217
0.929648
0.923077
0.892857
0.923913
0.932292
0.931677
0.928571
0.919355
0.929134
0.933036
0.937453
0.932308
0.925373
0.932127
0.936242
0.930769
0.931818
0.916667
0.894737
0.909091
0.909091
0.929293
0.937246
0.921875
0.927007
0.913043
0.903226
0.909091
0.933036
0.929412
0.933566
0.90625
0.922078
0.937327
0.916667
0.934383
0.90625
0.9
0.924242
0.897436
0.929688
0.920635
0.920635
0.929688
0.927083
0.931035
0.916667
0.919355
0.9
0.9
0.921875
0.9
0.911765
0.922078
0.92
0.924528
0.933333
0.916667
0.925532
0.90625
0.894737
0.911765
0.918919
0.921053
0.921875
0.909091
0.892857
0.869565
0.90625
0.9
0.911765
0.911765
0.896552
0.896552
0.903226
0.904762
0.903226
0.896552
0.896552
0.9
0.929412
0.919355
0.911765
0.911111
0.919355
0.903226
0.90625
0.9
0.924242
0.913043
0.90625
0.9
0.90625
0.903226
0.932515
0.935556
0.936261
0.903226
0.919355
0.925532
0.916667
0.909091
0.928571
0.931624
0.914286
0.897436
0.911765
0.918033
0.9
0.894737
0.928571
0.932127
0.911111
0.918033
0.9
0.9
0.903226
0.911765
0.9
0.916667
0.919355
0.9
0.9
0.90625
0.903226
0.924528
0.93038
0.920635
0.897436
0.903226
0.923077
0.906977
0.927083
0.929688
0.923913
0.929078
0.926606
0.925532
0.925926
0.937352
0.937189
0.916667
0.937118
0.93724
0.936238
0.934272
0.933735
0.930818
0.924051
0.892857
0.892857
0.914286
0.896552
0.892857
0.918033
0.897436
0.894737
0.934615
0.92381
0.9
0.920792
0.920635
0.911111
0.9
0.896552
0.90625
0.892857
0.896552
0.892857
0.911111
0.921875
0.892857
0.892857
0.896552
0.903226
0.922078
0.9
0.90625
0.903226
0.9
0.9
0.903226
0.924731
0.90625
0.936648
0.927083
0.909091
0.914286
0.919355
0.914286
0.9
0.911765
0.909091
0.937299
0.9
0.909091
0.90625
0.9
0.90625
0.90625
0.9
0.9
0.9
0.903226
0.9
0.9
0.90625
0.909091
0.9
0.909091
0.9
0.892857
0.909091
0.909091
0.926606
0.924731
0.925926
0.914286
0.896552
0.911111
0.9
0.909091
0.896552
0.896552
0.896552
0.920635
0.909091
0.924528
0.894737
0.896552
0.9
0.921875
0.928571
0.90625
0.903226
0.919355
0.919355
0.918033
0.903226
0.921053
0.911765
0.90625
0.909091
0.896552
0.903226
0.896552
0.909091
0.922078
0.928571
0.929688
0.935282
0.937168
0.937122
0.926316
0.9
0.892857
0.937126
0.896552
0.896552
0.892857
0.892857
0.897436
0.892857
0.90625
0.892857
0.909091
0.913043
0.896552
0.9
0.9
0.90625
0.919355
0.9
0.911111
0.903226
0.921053
0.896552
0.911765
0.896552
0.90625
0.903226
0.90625
0.9
0.903226
0.927083
0.896552
0.9
0.909091
0.892857
0.930636
0.93697
0.936873
0.923077
0.937415
0.9
0.896552
0.896552
0.903226
0.9
0.9
0.9
0.916667
0.919355
0.936944
0.934286
0.9
0.894737
0.9
0.9
0.896552
0.90625
0.903226
0.918033
0.903226
0.925926
0.913043
0.903226
0.9
0.926471
0.896552
0.927083
0.920635
0.9
0.90625
0.903226
0.903226
0.9
0.90625
0.919355
0.90625
0.892857
0.932099
0.911765
0.903226
0.896552
0.896552
0.910714
0.897436
0.9
0.918033
0.896552
0.90625
0.9
0.914286
0.924731
0.903226
0.916667
0.9
0.909091
0.90625
0.903226
0.909091
0.896552
0.9
0.896552
0.909091
0.931373
0.928571
0.936455
0.937455
0.937372
0.914286
0.9
0.9
0.90625
0.90625
0.911765
0.903226
0.937096
0.937275
0.936012
0.90625
0.911765
0.929936
0.926606
0.934118
0.925532
0.90625
0.90625
0.9
0.896552
0.911765
0.9
0.90625
0.924051
0.90625
0.896552
0.909091
0.9
0.90625
0.90625
0.923077
0.933702
0.9
0.930769
0.9
0.9
0.90625
0.914286
0.892857
0.892857
0.892857
0.892857
0.918033
0.896552
0.896552
0.917808
0.918033
0.928571
0.931677
0.932836
0.935146
0.904762
0.928571
0.925926
0.918033
0.920635
0.896552
0.90625
0.929134
0.913043
0.93254
0.927083
0.918033
0.921875
0.927536
0.927419
0.903226
0.892857
0.933333
0.902439
0.919355
0.9
0.894737
0.914286
0.9
0.928571
0.892857
0.896552
0.9
0.909091
0.9
0.892857
0.892857
0.896552
0.903226
0.911765
0.896552
0.934109
0.922078
0.9
0.9
0.918033
0.9
0.894737
0.909091
0.90625
0.924242
0.924242
0.925926
0.934066
0.921875
0.914286
0.929293
0.909091
0.921875
0.891892
0.903226
0.909091
0.897436
0.914286
0.90625
0.911765
0.916667
0.932806
0.9
0.9
0.911765
0.9
0.923077
0.9
0.903226
0.909091
0.888889
0.90625
0.911765
0.909091
0.911765
0.9
0.9
0.916667
0.919355
0.90625
0.911111
0.903226
0.911765
0.911111
0.918919
0.928571
0.914286
0.923077
0.929412
0.931452
0.916667
0.9
0.9
0.896552
0.919355
0.903226
0.90625
0.904762
0.896552
0.932806
0.93
0.892857
0.90625
0.896552
0.928571
0.896552
0.9
0.9
0.896552
0.9
0.892857
0.914286
0.90625
0.892857
0.896552
0.897436
0.932735
0.929688
0.9
0.9
0.925373
0.892857
0.891892
0.919355
0.911111
0.934985
0.896552
0.923077
0.896552
0.919355
0.894737
0.896552
0.896552
0.892857
0.911765
0.903226
0.896552
0.9
0.909091
0.9
0.916667
0.896552
0.896552
0.892857
0.892857
0.909091
0.930108
0.923077
0.903226
0.921875
0.9
0.892857
0.892857
0.896552
0.916667
0.9
0.911765
0.896552
0.90625
0.919355
0.903226
0.9
0.9
0.9
0.9
0.928571
0.90625
0.891892
0.9
0.9
0.896552
0.9
0.903226
0.9
0.9
0.911765
0.9
0.911765
0.931217
0.90625
0.894737
0.925
0.915254
0.935065
0.928571
0.909091
0.9
0.903226
0.896552
0.9
0.9
0.903226
0.896552
0.909091
0.923077
0.9
0.9
0.903226
0.911765
0.913793
0.93501
0.90625
0.90625
0.9
0.9
0.922078
0.916667
0.90625
0.90625
0.9
0.9
0.909091
0.909091
0.921348
0.9
0.903226
0.896552
0.909091
0.90625
0.914286
0.90625
0.914286
0.9
0.9
0.90625
0.928571
0.90625
0.896552
0.896552
0.912281
0.911765
0.903226
0.909091
0.919355
0.9
0.93038
0.903226
0.9
0.9
0.896552
0.909091
0.930233
0.896552
0.9
0.909091
0.922222
0.892857
0.9
0.903226
0.896552
0.903226
0.896552
0.90625
0.903226
0.9
0.925926
0.90625
0.903226
0.916667
0.896552
0.9
0.920635
0.9
0.90625
0.9
0.90625
0.896552
0.9
0.9
0.903226
0.9
0.9
0.903226
0.923077
0.909091
0.911765
0.9
0.911765
0.909091
0.9
0.9
0.9
0.909091
0.920635
0.9
0.923077
0.921875
0.90625
0.90625
0.913043
0.914894
0.896552
0.909091
0.903226
0.90625
0.918033
0.9
0.914286
0.896552
0.903226
0.911765
0.896552
0.896552
0.90625
0.909091
0.9
0.90625
0.924731
0.90625
0.911765
0.9
0.928571
0.9
0.90625
0.9
0.896552
0.9
0.90625
0.90625
0.903226
0.9
0.928
0.9
0.918033
0.909091
0.90625
0.90625
0.9
0.90625
0.903226
0.896552
0.923077
0.90625
0.903226
0.91954
0.927711
0.923077
0.934156
0.93586
0.93609
0.929688
0.911765
0.9
0.9
0.896552
0.9
0.935551
0.9
0.911765
0.911765
0.9
0.90625
0.9
0.9
0.90625
0.9
0.924731
0.903226
0.920635
0.90625
0.9
0.9
0.9
0.891892
0.914286
0.9
0.9
0.903226
0.909091
0.896552
0.916667
0.9
0.903226
0.9
0.90625
0.933566
0.93038
0.9
0.903226
0.90625
0.926471
0.911765
0.909091
0.896552
0.909091
0.903226
0.9
0.9
0.903226
0.9
0.921053
0.9
0.90625
0.9
0.930233
0.9
0.916667
0.9
0.924731
0.90625
0.911111
0.9
0.931818
0.9
0.90625
0.903226
0.90625
0.904762
0.9
0.903226
0.90625
0.928571
0.935484
0.9
0.9
0.926471
0.916667
0.929293
0.90625
0.9
0.90625
0.9
0.90625
0.90625
0.892857
0.933071
0.894737
0.903226
0.919355
0.909091
0.9
0.909091
0.931579
0.90625
0.925532
0.9
0.903226
0.90625
0.909091
0.896552
0.903226
0.9
0.9
0.921875
0.9
0.9
0.903226
0.90625
0.927083
0.916667
0.903226
0.903226
0.9
0.911765
0.9
0.903226
0.924528
0.921875
0.90625
0.9
0.9
0.90625
0.903226
0.903226
0.896552
0.9
0.909091
0.926316
0.90625
0.916667
0.903226
0.9
0.914286
0.928571
0.892857
0.892857
0.892857
0.884615
0.884615
0.884615
0.926829
0.9
0.911111
0.9
0.9
0.90625
0.90625
0.9
0.914894
0.902439
0.920635
0.931624
0.894737
0.924731
0.930769
0.904762
0.921569
0.909091
0.914286
0.93
0.925532
0.928571
0.919355
0.933333
0.924242
0.9
0.922078
0.90625
0.896552
0.9
0.90625
0.90625
0.932432
0.927007
0.909091
0.903226
0.910714
0.896552
0.911765
0.903226
0.9
0.903226
0.913793
0.891892
0.9
0.896552
0.892857
0.892857
0.896552
0.892857
0.9
0.9
0.892857
0.896552
0.892857
0.892857
0.892857
0.9
0.892857
0.896552
0.892857
0.9
0.896552
0.9
0.924731
0.90625
0.90625
0.892857
0.9
0.9
0.90625
0.9
0.896552
0.903226
0.9
0.9
0.9
0.896552
0.896552
0.909091
0.896552
0.896552
0.914286
0.9
0.9
0.9
0.904762
0.925532
0.9
0.914894
0.903226
0.90625
0.903226
0.909091
0.909091
0.896552
0.896552
0.903226
0.90625
0.903226
0.9
0.9
0.9
0.90625
0.924528
0.892857
0.892857
0.9
0.892857
0.922222
0.928571
0.9
0.911765
0.892857
0.90625
0.924528
0.928571
0.903226
0.9
0.90625
0.9
0.9
0.903226
0.896552
0.9
0.896552
0.896552
0.896552
0.914286
0.918033
0.892857
0.90625
0.90625
0.9
0.923077
0.931217
0.927083
0.909091
0.896552
0.892857
0.932203
0.909091
0.928571
0.931217
0.90625
0.918033
0.923077
0.915493
0.913793
0.924731
0.896552
0.892857
0.9
0.90625
0.916667
0.894737
0.9
0.902439
0.892857
0.892857
0.9
0.923077
0.884615
0.926316
0.896552
0.903226
0.909091
0.896552
0.892857
0.903226
0.9
0.90625
0.903226
0.896552
0.916667
0.903226
0.914286
0.9
0.90625
0.9
0.891892
0.9
0.90625
0.9
0.909091
0.884615
0.9
0.9
0.90625
0.9
0.9
0.9
0.9
0.903226
0.934959
0.9
0.9
0.903226
0.90625
0.921875
0.910714
0.923077
0.9
0.896552
0.896552
0.9
0.90625
0.903226
0.892857
0.892857
0.90625
0.896552
0.90625
0.903226
0.909091
0.896552
0.9
0.9
0.914286
0.914286
0.9
0.9
0.9
0.9
0.90625
0.916667
0.896552
0.896552
0.9
0.892857
0.9
0.919355
0.896552
0.9
0.911765
0.909091
0.925532
0.928571
0.9
0.90625
0.914286
0.896552
0.896552
0.892857
0.892857
0.911765
0.897436
0.90625
0.90625
0.918033
0.909091
0.9
0.928
0.918033
0.921348
0.933071
0.932099
0.918033
0.9
0.90625
0.9
0.9
0.903226
0.903226
0.90625
0.90625
0.9
0.916667
0.911765
0.909091
0.892857
0.903226
0.911765
0.9
0.90625
0.9
0.909091
0.896552
0.9
0.903226
0.9
0.90625
0.903226
0.916667
0.90625
0.903226
0.90625
0.9
0.9
0.90625
0.90625
0.914286
0.903226
0.9
0.903226
0.896552
0.916667
0.892857
0.9
0.911765
0.911765
0.911765
0.903226
0.9
0.90625
0.892857
0.903226
0.9
0.9
0.903226
0.902439
0.933566
0.903226
0.9
0.9
0.9
0.894737
0.9
0.9
0.923077
0.9
0.896552
0.9
0.90625
0.9
0.90625
0.903226
0.892857
0.892857
0.9
0.9
0.892857
0.892857
0.903226
0.909091
0.903226
0.9
0.90625
0.903226
0.9
0.892857
0.9
0.90625
0.9
0.892857
0.892857
0.9
0.909091
0.9
0.903226
0.916667
0.924528
0.92623
0.921053
0.934483
0.916667
0.931677
0.926471
0.930818
0.915493
0.934286
0.918033
0.892857
0.9
0.892857
0.903226
0.892857
0.916667
0.90625
0.911765
0.892857
0.892857
0.892857
0.9
0.9
0.902439
0.896552
0.9
0.9
0.892857
0.903226
0.90625
0.9
0.9
0.891892
0.932127
0.904762
0.903226
0.936862
0.936015
0.918033
0.931818
0.894737
0.925532
0.927083
0.918367
0.934844
0.914286
0.926471
0.928571
0.93617
0.919355
0.921875
0.9
0.9
0.903226
0.909091
0.9
0.930233
0.923077
0.924731
0.90625
0.903226
0.911765
0.896552
0.90625
0.935123
0.925373
0.892857
0.927711
0.90625
0.894737
0.903226
0.892857
0.892857
0.9
0.896552
0.894737
0.911765
0.9
0.9
0.904762
0.913043
0.936141
0.911765
0.903226
0.9
0.934944
0.93038
0.934483
0.903226
0.9
0.916667
0.935798
0.909091
0.9
0.9
0.922078
0.920635
0.924242
0.9
0.88
0.892857
0.903226
0.892857
0.921875
0.9
0.903226
0.9
0.896552
0.904762
0.9
0.891892
0.897436
0.9
0.90625
0.914286
0.911765
0.90625
0.90625
0.903226
0.9
0.9
0.896552
0.9
0.896552
0.9
0.90625
0.9
0.916667
0.90625
0.903226
0.9
0.9
0.931818
0.9
0.9
0.9
0.903226
0.9
0.9
0.909091
0.9
0.90625
0.90625
0.9
0.9
0.896552
0.9
0.896552
0.9
0.9
0.904762
0.884615
0.90625
0.9
0.903226
0.9
0.9
0.9
0.90625
0.916667
0.909091
0.909091
0.90625
0.9
0.904762
0.892857
0.892857
0.896552
0.892857
0.9
0.9
0.91954
0.924731
0.921875
0.903226
0.892857
0.9
0.9
0.9
0.892857
0.924528
0.902439
0.9
0.9
0.897436
0.9
0.896552
0.9
0.9
0.9
0.9
0.9
0.90625
0.9
0.9
0.9
0.9
0.9
0.894737
0.9
0.9
0.891892
0.909091
0.892857
0.892857
0.917808
0.915493
0.896552
0.919355
0.921053
0.90625
0.921875
0.892857
0.892857
0.909091
0.914286
0.90625
0.896552
0.903226
0.90625
0.892857
0.892857
0.9
0.896552
0.9
0.9
0.892857
0.9
0.903226
0.909091
0.90625
0.90625
0.9
0.909091
0.909091
0.914286
0.918367
0.919355
0.936849
0.90625
0.916667
0.911765
0.90625
0.903226
0.892857
0.892857
0.896552
0.892857
0.9
0.9
0.9
0.9
0.9
0.909091
0.903226
0.9
0.90625
0.9
0.916667
0.911765
0.897436
0.925926
0.894737
0.90625
0.9
0.911765
0.911765
0.911765
0.923077
0.90625
0.90625
0.9
0.896552
0.897436
0.90625
0.911765
0.9
0.9
0.90625
0.903226
0.9
0.9
0.892857
0.903226
0.892857
0.90625
0.9
0.892857
0.892857
0.892857
0.896552
0.9
0.911765
0.9
0.892857
0.896552
0.892857
0.911111
0.911765
0.90625
0.9
0.9
0.909091
0.909091
0.929936
0.911765
0.903226
0.896552
0.9
0.896552
0.892857
0.903226
0.9
0.9
0.892857
0.9
0.9
0.90625
0.892857
0.892857
0.9
0.892857
0.90625
0.892857
0.892857
0.904762
0.903226
0.9
0.892857
0.892857
0.903226
0.909091
0.891892
0.916667
0.909091
0.9
0.896552
0.909091
0.925926
0.936407
0.902439
0.9
0.921875
0.936073
0.929412
0.909091
0.90625
0.902439
0.916667
0.909091
0.920635
0.902439
0.897436
0.915493
0.920635
0.928
0.90625
0.9
0.911765
0.90625
0.892857
0.896552
0.924528
0.903226
0.919355
0.896552
0.891892
0.911765
0.9
0.896552
0.9
0.896552
0.897436
0.9
0.914286
0.9
0.90625
0.90625
0.896552
0.9
0.891892
0.903226
0.897436
0.90625
0.9
0.90625
0.9
0.90625
0.90625
0.914286
0.9
0.896552
0.914286
0.90625
0.909091
0.921875
0.903226
0.9
0.903226
0.924731
0.915493
0.931677
0.933798
0.884615
0.936623
0.93517
0.925532
0.918033
0.9
0.9
0.90625
0.903226
0.911765
0.9
0.896552
0.911765
0.909091
0.90625
0.909091
0.914286
0.892857
0.90625
0.9
0.9
0.9
0.911765
0.90625
0.9
0.896552
0.892857
0.9
0.916667
0.892857
0.903226
0.90625
0.90625
0.911765
0.911765
0.9
0.903226
0.9
0.90625
0.9
0.90625
0.9
0.90625
0.9
0.9
0.90625
0.9
0.909091
0.90625
0.924242
0.909091
0.9
0.90625
0.9
0.911765
0.896552
0.909091
0.896552
0.9
0.911111
0.90625
0.9
0.90625
0.875
0.914286
0.924731
0.90625
0.884615
0.9
0.90625
0.9
0.892857
0.9
0.894737
0.90625
0.90625
0.9
0.909091
0.931818
0.892857
0.932292
0.931624
0.927632
0.892857
0.925926
0.904762
0.896552
0.911765
0.892857
0.903226
0.909091
0.894737
0.90625
0.896552
0.90625
0.924528
0.922078
0.9
0.894737
0.9
0.914286
0.911765
0.924528
0.932735
0.923077
0.892857
0.909091
0.916667
0.90625
0.903226
0.9
0.903226
0.9
0.914286
0.903226
0.897436
0.9
0.911765
0.914286
0.9
0.911765
0.913793
0.911765
0.9
0.892857
0.90625
0.9
0.9
0.9
0.9
0.909091
0.90625
0.9
0.896552
0.9
0.91954
0.903226
0.90625
0.909091
0.9
0.9
0.90625
0.90625
0.911765
0.903226
0.896552
0.925926
0.914286
0.90625
0.903226
0.9
0.911111
0.904762
0.9
0.9
0.9
0.9
0.916667
0.909091
0.892857
0.9
0.892857
0.914286
0.892857
0.90625
0.896552
0.892857
0.892857
0.903226
0.892857
0.892857
0.911765
0.916667
0.892857
0.90625
0.909091
0.9
0.909091
0.934066
0.911765
0.891892
0.90625
0.90625
0.909091
0.90625
0.903226
0.90625
0.90625
0.90625
0.914286
0.9
0.911765
0.9
0.903226
0.911765
0.9
0.903226
0.9
0.9
0.9
0.903226
0.9
0.9
0.9
0.90625
0.916667
0.894737
0.903226
0.894737
0.9
0.894737
0.891892
0.884615
0.932927
0.9
0.894737
0.896552
0.90625
0.9
0.9
0.903226
0.903226
0.9
0.911765
0.916667
0.903226
0.9
0.909091
0.9
0.9
0.923077
0.935927
0.923077
0.91954
0.909091
0.903226
0.9
0.896552
0.9
0.9
0.896552
0.90625
0.90625
0.9
0.9
0.892857
0.896552
0.892857
0.892857
0.903226
0.90625
0.914286
0.90625
0.911765
0.903226
0.9
0.916667
0.911765
0.90625
0.903226
0.9
0.90625
0.896552
0.90625
0.9
0.90625
0.90625
0.903226
0.909091
0.90625
0.911765
0.9
0.896552
0.90625
0.909091
0.924528
0.925373
0.916667
0.894737
0.9
0.909091
0.918033
0.9
0.9
0.9
0.891892
0.925926
0.90625
0.914286
0.9
0.892857
0.892857
0.9
0.884615
0.911765
0.913793
0.911765
0.904762
0.9
0.896552
0.892857
0.9
0.9
0.9
0.892857
0.896552
0.896552
0.916667
0.9
0.891892
0.9
0.903226
0.911765
0.909091
0.9
0.932
0.884615
0.892857
0.884615
0.911765
0.9
0.916667
0.896552
0.892857
0.933993
0.928
0.927835
0.922222
0.894737
0.935146
0.903226
0.9
0.9
0.897436
0.923077
0.892857
0.884615
0.90625
0.933333
0.916667
0.9
0.914286
0.911765
0.929936
0.884615
0.884615
0.925926
0.935792
0.926316
0.90625
0.935714
0.909091
0.9
0.925373
0.909091
0.911765
0.9
0.911765
0.925532
0.90625
0.896552
0.909091
0.9
0.903226
0.9
0.903226
0.892857
0.892857
0.911765
0.90625
0.90625
0.909091
0.90625
0.903226
0.902439
0.903226
0.9
0.90625
0.9
0.9
0.9
0.892857
0.90625
0.9
0.904762
0.915493
0.896552
0.896552
0.894737
0.894737
0.924731
0.9
0.892857
0.90625
0.909091
0.909091
0.916667
0.896552
0.896552
0.909091
0.933908
0.927419
0.9
0.9
0.9
0.9
0.903226
0.903226
0.9
0.9
0.9
0.911765
0.9
0.90625
0.90625
0.90625
0.9
0.913793
0.909091
0.896552
0.90625
0.903226
0.896552
0.9
0.904762
0.9
0.90625
0.896552
0.90625
0.892857
0.896552
0.911765
0.9
0.896552
0.903226
0.914286
0.892857
0.896552
0.916667
0.892857
0.909091
0.925926
0.897436
0.90625
0.923077
0.933594
0.911765
0.90625
0.90625
0.90625
0.9
0.909091
0.9
0.896552
0.903226
0.90625
0.903226
0.9
0.9
0.896552
0.9
0.9
0.9
0.911765
0.9
0.9
0.916667
0.903226
0.903226
0.909091
0.9
0.903226
0.896552
0.9
0.9
0.9
0.90625
0.9
0.896552
0.909091
0.9
0.903226
0.9
0.903226
0.903226
0.903226
0.903226
0.90625
0.9
0.896552
0.9
0.90625
0.903226
0.903226
0.926471
0.9
0.911765
0.90625
0.903226
0.9
0.911765
0.9
0.903226
0.916667
0.909091
0.90625
0.90625
0.9
0.90625
0.90625
0.911765
0.911765
0.916667
0.903226
0.934659
0.903226
0.90625
0.9
0.9
0.9
0.9
0.90625
0.911765
0.9
0.9
0.925373
0.894737
0.9
0.90625
0.909091
0.914286
0.903226
0.903226
0.9
0.9
0.9
0.9
0.903226
0.9
0.909091
0.914286
0.9
0.920635
0.918033
0.919355
0.9
0.891892
0.90625
0.9
0.909091
0.914286
0.913043
0.90625
0.914286
0.911765
0.896552
0.909091
0.9
0.9
0.914286
0.90625
0.90625
0.9
0.90625
0.9
0.90625
0.9
0.90625
0.9
0.9
0.90625
0.909091
0.891892
0.9
0.9
0.924528
0.925532
0.90625
0.903226
0.90625
0.9
0.9
0.909091
0.892857
0.925926
0.892857
0.934426
0.936364
0.884615
0.884615
0.92623
0.884615
0.884615
0.892857
0.927835
0.934641
0.913793
0.924242
0.875
0.923077
0.903226
0.896552
0.90625
0.911765
0.90625
0.892857
0.9
0.911765
0.892857
0.896552
0.896552
0.90625
0.9
0.9
0.9
0.9
0.9
0.903226
0.9
0.930818
0.914286
0.892857
0.925373
0.884615
0.884615
0.925926
0.921053
0.923077
0.919355
0.90625
0.9
0.892857
0.903226
0.892857
0.9
0.9
0.903226
0.9
0.90625
0.90625
0.9
0.90625
0.9
0.892857
0.90625
0.909091
0.894737
0.9
0.910714
0.910714
0.926471
0.90625
0.90625
0.9
0.9
0.896552
0.9
0.90625
0.9
0.925926
0.894737
0.925373
0.9
0.892857
0.909091
0.9
0.924528
0.914286
0.903226
0.9
0.9
0.9
0.9
0.911765
0.903226
0.892857
0.9
0.892857
0.892857
0.892857
0.911765
0.9
0.90625
0.909091
0.90625
0.896552
0.9
0.916667
0.9
0.916667
0.9
0.911765
0.90625
0.894737
0.892857
0.90625
0.9
0.909091
0.9
0.90625
0.884615
0.931937
0.925926
0.903226
0.9
0.90625
0.892857
0.892857
0.9
0.9
0.90625
0.9
0.903226
0.90625
0.9
0.914286
0.909091
0.911765
0.911765
0.896552
0.9
0.894737
0.892857
0.90625
0.891892
0.911765
0.90625
0.909091
0.916667
0.90625
0.90625
0.916667
0.9
0.916667
0.90625
0.875
0.9
0.925926
0.925
0.9
0.9
0.909091
0.920635
0.931624
0.921053
0.929412
0.937278
0.936239
0.932722
0.931373
0.9
0.897436
0.925926
0.9
0.894737
0.924242
0.919355
0.914286
0.9
0.916667
0.925926
0.909091
0.925
0.909091
0.90625
0.926606
0.936929
0.923077
0.926316
0.914894
0.88
0.933333
0.916667
0.884615
0.913793
0.884615
0.892857
0.931624
0.897436
0.884615
0.884615
0.884615
0.884615
0.892857
0.913793
0.935294
0.931035
0.916667
0.929412
0.914286
0.921569
0.931624
0.916667
0.921348
0.894737
0.904762
0.928571
0.919355
0.924731
0.903226
0.924528
0.923077
0.916667
0.892857
0.929412
0.928571
0.909091
0.909091
0.894737
0.925
0.909091
0.920635
0.929412
0.933962
0.929577
0.934272
0.90625
0.936034
0.891892
0.903226
0.909091
0.90625
0.9
0.9
0.903226
0.911765
0.90625
0.896552
0.914286
0.903226
0.909091
0.903226
0.9
0.90625
0.909091
0.9
0.90625
0.916667
0.9
0.909091
0.90625
0.934959
0.916667
0.884615
0.892857
0.924242
0.928571
0.913043
0.884615
0.884615
0.88
0.937308
0.920792
0.933036
0.936445
0.916667
0.896552
0.896552
0.903226
0.897436
0.90625
0.923077
0.90625
0.903226
0.9
0.914286
0.903226
0.924051
0.88
0.916667
0.923077
0.931429
0.916667
0.884615
0.892857
0.919355
0.919355
0.884615
0.93038
0.93494
0.9
0.9
0.9
0.9
0.903226
0.90625
0.90625
0.914286
0.9
0.9
0.9
0.9
0.9
0.914286
0.9
0.891892
0.927083
0.918033
0.9
0.932624
0.934555
0.926829
0.884615
0.916667
0.928571
0.892857
0.923077
0.914894
0.916667
0.933934
0.909091
0.903226
0.90625
0.912281
0.919355
0.92623
0.884615
0.884615
0.913793
0.912281
0.884615
0.892857
0.930851
0.931677
0.919355
0.903226
0.911765
0.9
0.9
0.9
0.9
0.90625
0.891892
0.9
0.90625
0.90625
0.9
0.9
0.9
0.903226
0.90625
0.9
0.9
0.9
0.9
0.9
0.9
0.909091
0.90625
0.9
0.896552
0.9
0.896552
0.9
0.911765
0.9
0.9
0.9
0.9
0.9
0.90625
0.90625
0.896552
0.894737
0.90625
0.911765
0.9
0.909091
0.911765
0.90625
0.897436
0.9
0.90625
0.9
0.911765
0.911765
0.90625
0.884615
0.896552
0.903226
0.911765
0.892857
0.892857
0.892857
0.9
0.914286
0.90625
0.9
0.911765
0.9
0.9
0.909091
0.896552
0.9
0.896552
0.916667
0.903226
0.90625
0.911765
0.909091
0.892857
0.911765
0.892857
0.892857
0.896552
0.9
0.90625
0.909091
0.936857
0.921348
0.884615
0.884615
0.9
0.933852
0.920635
0.9
0.9
0.903226
0.9
0.9
0.892857
0.90625
0.894737
0.894737
0.909091
0.892857
0.884615
0.892857
0.884615
0.884615
0.935795
0.910714
0.931035
0.936494
0.919355
0.919355
0.93038
0.93007
0.884615
0.884615
0.884615
0.892857
0.927083
0.903226
0.916667
0.923077
0.90625
0.90625
0.9
0.9
0.903226
0.903226
0.909091
0.909091
0.911111
0.911111
0.920635
0.892857
0.90625
0.9
0.9
0.9
0.892857
0.9
0.919355
0.919355
0.924731
0.925
0.915493
0.921875
0.911765
0.916667
0.896552
0.903226
0.911765
0.903226
0.9
0.90625
0.9
0.90625
0.896552
0.9
0.925926
0.902439
0.911765
0.894737
0.9
0.9
0.90625
0.903226
0.90625
0.9
0.90625
0.9
0.90625
0.896552
0.9
0.90625
0.916667
0.911765
0.891892
0.9
0.9
0.909091
0.9
0.894737
0.909091
0.909091
0.90625
0.903226
0.9
0.921875
0.909091
0.911765
0.90625
0.9
0.903226
0.90625
0.903226
0.911765
0.913793
0.921875
0.884615
0.884615
0.88
0.936407
0.937321
0.911765
0.897436
0.911765
0.90625
0.911765
0.896552
0.916667
0.903226
0.914286
0.903226
0.90625
0.9
0.909091
0.9
0.9
0.90625
0.896552
0.911765
0.911765
0.90625
0.911765
0.903226
0.9
0.9
0.9
0.903226
0.911765
0.875
0.924528
0.892857
0.90625
0.9
0.9
0.9
0.90625
0.9
0.9
0.903226
0.90625
0.911765
0.897436
0.9
0.892857
0.90625
0.9
0.903226
0.897436
0.909091
0.916667
0.9
0.9
0.9
0.917808
0.932099
0.909091
0.917808
0.9
0.896552
0.911765
0.903226
0.90625
0.888889
0.920635
0.9
0.921875
0.930233
0.903226
0.90625
0.9
0.909091
0.9
0.9
0.9
0.90625
0.9
0.9
0.916667
0.90625
0.90625
0.896552
0.909091
0.903226
0.90625
0.90625
0.9
0.891892
0.914286
0.911765
0.909091
0.9
0.9
0.9
0.9
0.90625
0.9
0.9
0.894737
0.911765
0.9
0.909091
0.9
0.911765
0.903226
0.9
0.911765
0.903226
0.90625
0.9
0.90625
0.891892
0.916667
0.9
0.90625
0.9
0.896552
0.9
0.90625
0.891892
0.9
0.90625
0.90625
0.9
0.90625
0.909091
0.90625
0.911765
0.90625
0.9
0.90625
0.9
0.9
0.9
0.90625
0.914286
0.9
0.9
0.909091
0.90625
0.918033
0.909091
0.916667
0.9
0.904762
0.924528
0.925926
0.9
0.9
0.9
0.9
0.911765
0.903226
0.916667
0.9
0.902439
0.90625
0.90625
0.9
0.909091
0.896552
0.90625
0.894737
0.924242
0.90625
0.911765
0.9
0.896552
0.9
0.911765
0.9
0.9
0.911765
0.90625
0.9
0.9
0.9
0.9
0.916667
0.9
0.892857
0.911765
0.909091
0.909091
0.911765
0.896552
0.903226
0.896552
0.9
0.902439
0.896552
0.9
0.9
0.90625
0.903226
0.9
0.9
0.884615
0.911765
0.911765
0.9
0.896552
0.892857
0.909091
0.90625
0.9
0.909091
0.90625
0.921875
0.896552
0.896552
0.916667
0.902439
0.896552
0.896552
0.911765
0.9
0.909091
0.903226
0.903226
0.9
0.894737
0.9
0.90625
0.90625
0.903226
0.90625
0.9
0.9
0.90625
0.909091
0.914286
0.9
0.903226
0.90625
0.9
0.896552
0.90625
0.90625
0.896552
0.90625
0.916667
0.90625
0.911765
0.90625
0.9
0.896552
0.9
0.9
0.911765
0.9
0.930233
0.9
0.909091
0.912281
0.903226
0.911765
0.90625
0.911765
0.9
0.891892
0.88
0.892857
0.916667
0.914286
0.909091
0.914286
0.916667
0.90625
0.9
0.9
0.9
0.896552
0.896552
0.936216
0.935435
0.925532
0.926471
0.930556
0.897436
0.897436
0.924731
0.916667
0.90625
0.9
0.916667
0.90625
0.9
0.918033
0.924731
0.929412
0.914286
0.897436
0.921569
0.914286
0.894737
0.934028
0.932432
0.925373
0.926471
0.925532
0.920635
0.9
0.920635
0.90625
0.9
0.896552
0.911765
0.903226
0.897436
0.903226
0.9
0.911765
0.90625
0.90625
0.90625
0.903226
0.9
0.9
0.9
0.9
0.9
0.896552
0.911765
0.914286
0.9
0.911765
0.903226
0.909091
0.911765
0.916667
0.903226
0.9
0.911765
0.903226
0.9
0.911765
0.9
0.9
0.916667
0.911765
0.90625
0.909091
0.909091
0.914286
0.90625
0.9
0.9
0.90625
0.90625
0.90625
0.911111
0.911765
0.92233
0.909091
0.9
0.914286
0.911765
0.90625
0.903226
0.9
0.903226
0.9
0.9
0.9
0.9
0.90625
0.894737
0.911765
0.903226
0.916667
0.913043
0.911765
0.909091
0.916667
0.903226
0.925926
0.9
0.90625
0.911765
0.9
0.916667
0.9
0.911765
0.90625
0.894737
0.9
0.931624
0.923077
0.911765
0.9
0.90625
0.90625
0.916667
0.9
0.911765
0.90625
0.9
0.903226
0.911765
0.896552
0.909091
0.916667
0.911765
0.891892
0.911765
0.896552
0.903226
0.9
0.9
0.90625
0.90625
0.909091
0.90625
0.9
0.9
0.903226
0.90625
0.897436
0.909091
0.909091
0.894737
0.909091
0.9
0.90625
0.90625
0.911765
0.909091
0.896552
0.925926
0.916667
0.909091
0.90625
0.9
0.90625
0.9
0.896552
0.90625
0.892857
0.892857
0.892857
0.896552
0.90625
0.90625
0.9
0.90625
0.909091
0.9
0.911765
0.916667
0.903226
0.9
0.9
0.896552
0.90625
0.909091
0.9
0.90625
0.903226
0.925926
0.930769
0.914286
0.9
0.911765
0.891892
0.916667
0.9
0.903226
0.903226
0.896552
0.9
0.9
0.911765
0.9
0.9
0.911765
0.90625
0.9
0.903226
0.90625
0.903226
0.9
0.9
0.9
0.911765
0.9
0.903226
0.911765
0.896552
0.9
0.90625
0.90625
0.909091
0.911765
0.90625
0.9
0.90625
0.9
0.903226
0.916667
0.90625
0.896552
0.90625
0.9
0.9
0.9
0.9
0.90625
0.909091
0.914286
0.911765
0.9
0.9
0.916667
0.896552
0.90625
0.909091
0.923077
0.913793
0.930481
0.884615
0.926316
0.933333
0.903226
0.892857
0.892857
0.884615
0.884615
0.933661
0.936421
0.932203
0.902439
0.9
0.90625
0.896552
0.9
0.916667
0.90625
0.896552
0.896552
0.894737
0.911765
0.911765
0.904762
0.914286
0.909091
0.892857
0.909091
0.916667
0.90625
0.909091
0.90625
0.9
0.914286
0.9
0.9
0.9
0.9
0.911765
0.9
0.90625
0.911765
0.909091
0.90625
0.914286
0.909091
0.9
0.914286
0.897436
0.90625
0.903226
0.9
0.903226
0.896552
0.911765
0.911765
0.90625
0.903226
0.9
0.916667
0.9
0.9
0.9
0.9
0.911765
0.909091
0.9
0.911765
0.9
0.914286
0.916667
0.909091
0.914286
0.914286
0.9
0.909091
0.911765
0.911765
0.903226
0.9
0.90625
0.896552
0.9
0.90625
0.916667
0.916667
0.9
0.90625
0.911765
0.896552
0.909091
0.916667
0.896552
0.90625
0.904762
0.903226
0.9
0.9
0.90625
0.911765
0.9
0.9
0.896552
0.911765
0.916667
0.903226
0.891892
0.90625
0.9
0.891892
0.903226
0.9
0.926471
0.894737
0.916667
0.896552
0.90625
0.909091
0.90625
0.90625
0.914286
0.891892
0.925532
0.90625
0.9
0.914286
0.916667
0.90625
0.90625
0.896552
0.894737
0.90625
0.903226
0.909091
0.90625
0.9
0.9
0.904762
0.918033
0.911765
0.896552
0.90625
0.903226
0.909091
0.911765
0.911111
0.9
0.909091
0.911765
0.925926
0.9
0.911765
0.909091
0.9
0.916667
0.903226
0.911765
0.909091
0.911765
0.903226
0.911765
0.9
0.9
0.909091
0.9
0.9
0.9
0.909091
0.903226
0.904762
0.9
0.90625
0.925926
0.892857
0.892857
0.911765
0.9
0.90625
0.920635
0.903226
0.925373
0.9
0.903226
0.90625
0.903226
0.9
0.90625
0.9
0.9
0.903226
0.9
0.896552
0.911765
0.909091
0.9
0.909091
0.9
0.916667
0.903226
0.909091
0.903226
0.894737
0.903226
0.909091
0.909091
0.9
0.9
0.9
0.903226
0.909091
0.914286
0.911765
0.909091
0.9
0.911765
0.916667
0.9
0.911765
0.911765
0.9
0.894737
0.9
0.9
0.911765
0.9
0.90625
0.90625
0.9
0.9
0.9
0.9
0.90625
0.90625
0.90625
0.90625
0.9
0.9
0.884615
0.904762
0.914286
0.894737
0.902439
0.9
0.90625
0.90625
0.9
0.914286
0.9
0.911765
0.911765
0.90625
0.896552
0.90625
0.9
0.909091
0.896552
0.9
0.90625
0.903226
0.9
0.911765
0.902439
0.916667
0.896552
0.903226
0.90625
0.9
0.911765
0.911765
0.896552
0.911765
0.896552
0.903226
0.896552
0.911765
0.904762
0.896552
0.911765
0.909091
0.9
0.9
0.903226
0.911765
0.90625
0.90625
0.903226
0.891892
0.925926
0.903226
0.903226
0.911765
0.9
0.903226
0.9
0.90625
0.909091
0.90625
0.892857
0.892857
0.903226
0.903226
0.903226
0.9
0.9
0.90625
0.9
0.894737
0.909091
0.9
0.903226
0.916667
0.90625
0.903226
0.903226
0.9
0.90625
0.90625
0.911765
0.90625
0.9
0.9
0.9
0.911765
0.9
0.903226
0.90625
0.896552
0.90625
0.9
0.90625
0.903226
0.9
0.9
0.90625
0.9
0.90625
0.911765
0.90625
0.9
0.925926
0.913043
0.9
0.9
0.9
0.911765
0.904762
0.903226
0.90625
0.896552
0.909091
0.903226
0.903226
0.9
0.916667
0.90625
0.9
0.894737
0.903226
0.896552
0.9
0.903226
0.903226
0.924528
0.903226
0.9
0.90625
0.9
0.904762
0.903226
0.902439
0.90625
0.9
0.911765
0.903226
0.90625
0.884615
0.911765
0.90625
0.896552
0.909091
0.911765
0.9
0.903226
0.90625
0.9
0.903226
0.896552
0.914286
0.90625
0.9
0.903226
0.903226
0.909091
0.914286
0.903226
0.9
0.903226
0.9
0.911765
0.90625
0.903226
0.911765
0.9
0.916667
0.9
0.911111
0.929487
0.928571
0.9
0.90625
0.9
0.903226
0.911765
0.9
0.916667
0.924528
0.921569
0.911765
0.909091
0.90625
0.903226
0.9
0.9
0.891892
0.90625
0.9
0.9
0.903226
0.90625
0.9
0.916667
0.9
0.9
0.909091
0.916667
0.911765
0.9
0.90625
0.909091
0.9
0.9
0.914286
0.909091
0.9
0.90625
0.911765
0.9
0.9
0.9
0.9
0.9
0.914286
0.9
0.9
0.916667
0.9
0.896552
0.911765
0.9
0.903226
0.911765
0.916667
0.903226
0.896552
0.903226
0.896552
0.903226
0.90625
0.90625
0.9
0.9
0.911765
0.9
0.903226
0.894737
0.894737
0.9
0.896552
0.904762
0.909091
0.911765
0.934579
0.915493
0.9
0.9
0.916667
0.911765
0.911765
0.9
0.911765
0.90625
0.9
0.911765
0.9
0.90625
0.902439
0.90625
0.896552
0.9
0.9
0.9
0.90625
0.9
0.896552
0.9
0.9
0.911765
0.933086
0.909091
0.911765
0.911765
0.911765
0.9
0.90625
0.916667
0.90625
0.9
0.9
0.909091
0.911765
0.909091
0.903226
0.9
0.90625
0.923077
0.911765
0.909091
0.909091
0.916667
0.9
0.9
0.891892
0.897436
0.90625
0.9
0.9
0.916667
0.90625
0.90625
0.914286
0.914286
0.90625
0.909091
0.9
0.911765
0.903226
0.911765
0.916667
0.896552
0.909091
0.923077
0.911765
0.916667
0.896552
0.9
0.903226
0.909091
0.9
0.9
0.911765
0.90625
0.903226
0.896552
0.9
0.903226
0.9
0.894737
0.9
0.9
0.9
0.9
0.891892
0.90625
0.90625
0.9
0.9
0.90625
0.903226
0.903226
0.90625
0.911765
0.90625
0.891892
0.911765
0.90625
0.903226
0.9
0.903226
0.90625
0.896552
0.926471
0.909091
0.903226
0.90625
0.90625
0.90625
0.891892
0.909091
0.9
0.914286
0.90625
0.911765
0.903226
0.891892
0.896552
0.909091
0.891892
0.90625
0.9
0.90625
0.9
0.90625
0.909091
0.923077
0.90625
0.911765
0.925926
0.925532
0.909091
0.927419
0.909091
0.933121
0.929487
0.884615
0.921053
0.926829
0.934985
0.916667
0.90625
0.9
0.90625
0.9
0.9
0.9
0.90625
0.911111
0.916667
0.9
0.904762
0.903226
0.9
0.903226
0.9
0.9
0.911765
0.909091
0.90625
0.909091
0.909091
0.894737
0.90625
0.9
0.909091
0.911765
0.9
0.903226
0.90625
0.911765
0.896552
0.909091
0.90625
0.909091
0.911765
0.90625
0.9
0.903226
0.924528
0.9
0.894737
0.904762
0.897436
0.897436
0.896552
0.903226
0.90625
0.914286
0.910714
0.909091
0.9
0.914286
0.916667
0.9
0.916667
0.896552
0.911765
0.903226
0.90625
0.916667
0.909091
0.9
0.911765
0.90625
0.903226
0.892857
0.9
0.896552
0.9
0.9
0.891892
0.903226
0.90625
0.911765
0.903226
0.9
0.916667
0.911765
0.9
0.909091
0.9
0.914286
0.90625
0.903226
0.9
0.903226
0.903226
0.923077
0.9
0.909091
0.90625
0.903226
0.9
0.891892
0.9
0.90625
0.9
0.896552
0.909091
0.90625
0.9
0.9
0.909091
0.916667
0.914286
0.90625
0.9
0.90625
0.9
0.916667
0.90625
0.896552
0.90625
0.90625
0.891892
0.9
0.90625
0.911765
0.9
0.9
0.896552
0.90625
0.914286
0.9
0.911765
0.90625
0.911765
0.911765
0.913793
0.902439
0.909091
0.925926
0.916667
0.911765
0.896552
0.90625
0.90625
0.90625
0.9
0.909091
0.90625
0.9
0.911765
0.911765
0.891892
0.90625
0.911765
0.9
0.90625
0.911765
0.911765
0.903226
0.9
0.891892
0.923077
0.909091
0.909091
0.90625
0.90625
0.9
0.914286
0.909091
0.903226
0.896552
0.90625
0.9
0.911765
0.909091
0.9
0.9
0.9
0.9
0.90625
0.9
0.904762
0.925
0.935829
0.919355
0.914286
0.916667
0.909091
0.891892
0.903226
0.909091
0.909091
0.90625
0.911765
0.90625
0.9
0.903226
0.90625
0.909091
0.90625
0.909091
0.9
0.909091
0.90625
0.909091
0.9
0.896552
0.9
0.90625
0.894737
0.909091
0.903226
0.90625
0.90625
0.909091
0.9
0.9
0.9
0.9
0.9
0.90625
0.896552
0.9
0.896552
0.90625
0.9
0.90625
0.9
0.9
0.9
0.909091
0.9
0.9
0.9
0.9
0.903226
0.90625
0.896552
0.90625
0.920635
0.903226
0.9
0.909091
0.90625
0.903226
0.90625
0.9
0.903226
0.896552
0.90625
0.884615
0.9
0.9
0.9
0.911765
0.90625
0.909091
0.9
0.903226
0.914286
0.903226
0.90625
0.90625
0.90625
0.9
0.896552
0.9
0.90625
0.916667
0.914286
0.9
0.909091
0.90625
0.911765
0.924528
0.925926
0.896552
0.896552
0.903226
0.90625
0.90625
0.896552
0.9
0.9
0.90625
0.916667
0.9
0.90625
0.9
0.903226
0.896552
0.903226
0.903226
0.9
0.903226
0.911765
0.911765
0.9
0.916667
0.90625
0.903226
0.914286
0.90625
0.896552
0.90625
0.9
0.90625
0.90625
0.911765
0.894737
0.90625
0.891892
0.90625
0.90625
0.896552
0.916667
0.90625
0.9
0.909091
0.9
0.903226
0.903226
0.911765
0.903226
0.90625
0.9
0.903226
0.903226
0.914286
0.903226
0.9
0.9
0.9
0.9
0.90625
0.924528
0.911765
0.909091
0.891892
0.926471
0.894737
0.896552
0.909091
0.90625
0.90625
0.910714
0.930851
0.926316
0.915254
0.915493
0.909091
0.90625
0.916667
0.918033
0.911765
0.9
0.909091
0.892857
0.9
0.892857
0.896552
0.891892
0.891892
0.892857
0.892857
0.9
0.9
0.909091
0.892857
0.892857
0.892857
0.911765
0.894737
0.884615
0.914286
0.894737
0.936102
0.937098
0.884615
0.929825
0.934483
0.896552
0.909091
0.892857
0.896552
0.9
0.9
0.9
0.9
0.903226
0.9
0.903226
0.892857
0.90625
0.928571
0.925926
0.904762
0.914286
0.896552
0.896552
0.909091
0.911765
0.90625
0.90625
0.896552
0.896552
0.9
0.90625
0.90625
0.9
0.9
0.9
0.911765
0.914286
0.9
0.90625
0.916667
0.90625
0.911765
0.911765
0.9
0.911765
0.9
0.896552
0.9
0.9
0.9
0.896552
0.90625
0.9
0.9
0.9
0.909091
0.911765
0.9
0.9
0.90625
0.903226
0.927835
0.911765
0.904762
0.933333
0.914286
0.9
0.90625
0.903226
0.90625
0.896552
0.90625
0.892857
0.923077
0.892857
0.892857
0.894737
0.911765
0.90625
0.911765
0.896552
0.896552
0.892857
0.90625
0.903226
0.892857
0.892857
0.892857
0.903226
0.892857
0.896552
0.892857
0.892857
0.904762
0.892857
0.892857
0.903226
0.916667
0.892857
0.892857
0.892857
0.9
0.911765
0.9
0.896552
0.9
0.891892
0.9
0.9
0.9
0.9
0.9
0.9
0.896552
0.90625
0.891892
0.9
0.916667
0.909091
0.909091
0.90625
0.9
0.916667
0.903226
0.896552
0.9
0.9
0.9
0.90625
0.914286
0.892857
0.911765
0.9
0.9
0.9
0.911765
0.9
0.903226
0.9
0.896552
0.9
0.9
0.9
0.911765
0.916667
0.9
0.896552
0.9
0.914286
0.914286
0.90625
0.90625
0.9
0.90625
0.90625
0.9
0.90625
0.919355
0.896552
0.9
0.90625
0.90625
0.896552
0.903226
0.903226
0.9
0.90625
0.913043
0.892857
0.884615
0.884615
0.892857
0.892857
0.892857
0.903226
0.909091
0.911765
0.9
0.90625
0.896552
0.909091
0.9
0.9
0.892857
0.896552
0.903226
0.90625
0.90625
0.90625
0.911765
0.911765
0.896552
0.909091
0.9
0.9
0.9
0.90625
0.903226
0.909091
0.903226
0.9
0.90625
0.891892
0.916667
0.9
0.90625
0.915254
0.9
0.916667
0.90625
0.90625
0.9
0.9
0.916667
0.911765
0.9
0.9
0.9
0.9
0.911765
0.903226
0.909091
0.9
0.9
0.9
0.894737
0.896552
0.9
0.916667
0.909091
0.911765
0.9
0.911765
0.911765
0.894737
0.903226
0.9
0.9
0.90625
0.9
0.911765
0.90625
0.90625
0.911765
0.9
0.9
0.903226
0.896552
0.903226
0.9
0.896552
0.897436
0.911765
0.903226
0.916667
0.90625
0.9
0.9
0.90625
0.9
0.896552
0.9
0.903226
0.916667
0.9
0.90625
0.9
0.90625
0.90625
0.911765
0.894737
0.90625
0.916667
0.914286
0.90625
0.9
0.911765
0.922078
0.931937
0.90625
0.9
0.9
0.894737
0.896552
0.9
0.916667
0.903226
0.914286
0.9
0.90625
0.9
0.909091
0.90625
0.894737
0.9
0.9
0.914286
0.920635
0.904762
0.9
0.909091
0.9
0.90625
0.896552
0.903226
0.9
0.90625
0.90625
0.9
0.894737
0.892857
0.914286
0.9
0.894737
0.909091
0.9
0.914286
0.911765
0.90625
0.9
0.9
0.90625
0.911765
0.9
0.891892
0.924528
0.903226
0.903226
0.916667
0.9
0.9
0.9
0.9
0.903226
0.906977
0.936115
0.90625
0.916667
0.9
0.902439
0.909091
0.909091
0.909091
0.891892
0.896552
0.9
0.892857
0.892857
0.896552
0.911765
0.911765
0.90625
0.903226
0.892857
0.9
0.90625
0.9
0.909091
0.9
0.903226
0.9
0.904762
0.911765
0.914286
0.9
0.903226
0.90625
0.925373
0.914286
0.909091
0.90625
0.9
0.9
0.90625
0.9
0.903226
0.903226
0.903226
0.911765
0.909091
0.9
0.9
0.90625
0.916667
0.9
0.9
0.90625
0.90625
0.9
0.9
0.920635
0.919355
0.922222
0.904762
0.9
0.903226
0.904762
0.9
0.904762
0.892857
0.909091
0.903226
0.903226
0.9
0.896552
0.9
0.9
0.90625
0.909091
0.911765
0.9
0.903226
0.903226
0.9
0.9
0.9
0.903226
0.9
0.896552
0.911765
0.909091
0.9
0.891892
0.9
0.90625
0.909091
0.90625
0.903226
0.914286
0.914286
0.903226
0.903226
0.9
0.916667
0.903226
0.909091
0.903226
0.914286
0.916667
0.916667
0.90625
0.911765
0.896552
0.914286
0.911765
0.916667
0.9
0.896552
0.896552
0.909091
0.909091
0.927632
0.90625
0.896552
0.90625
0.909091
0.9
0.892857
0.892857
0.892857
0.9
0.911765
0.914286
0.911765
0.903226
0.896552
0.90625
0.90625
0.896552
0.90625
0.903226
0.903226
0.909091
0.903226
0.90625
0.9
0.914286
0.90625
0.9
0.9
0.896552
0.9
0.9
0.90625
0.9
0.903226
0.911765
0.9
0.911765
0.90625
0.914286
0.9
0.926316
0.931373
0.916667
0.9
0.903226
0.9
0.9
0.903226
0.904762
0.903226
0.90625
0.9
0.9
0.9
0.903226
0.909091
0.90625
0.9
0.9
0.9
0.9
0.896552
0.903226
0.90625
0.903226
0.911765
0.911765
0.90625
0.909091
0.911765
0.9
0.90625
0.918033
0.9
0.903226
0.90625
0.9
0.911765
0.9
0.909091
0.90625
0.9
0.911765
0.903226
0.90625
0.9
0.903226
0.90625
0.9
0.9
0.9
0.9
0.911765
0.903226
0.896552
0.921875
0.911765
0.90625
0.90625
0.90625
0.90625
0.909091
0.911765
0.903226
0.9
0.903226
0.9
0.90625
0.9
0.90625
0.90625
0.894737
0.914286
0.909091
0.9
0.909091
0.903226
0.911765
0.903226
0.911765
0.909091
0.90625
0.909091
0.9
0.916667
0.909091
0.9
0.896552
0.90625
0.90625
0.909091
0.9
0.9
0.9
0.916667
0.9
0.903226
0.9
0.90625
0.903226
0.9
0.916667
0.903226
0.9
0.9
0.9
0.9
0.90625
0.9
0.891892
0.916667
0.909091
0.903226
0.903226
0.90625
0.909091
0.909091
0.90625
0.914286
0.914286
0.90625
0.903226
0.911765
0.90625
0.9
0.9
0.909091
0.911765
0.9
0.9
0.90625
0.921875
0.891892
0.909091
0.9
0.9
0.9
0.911765
0.90625
0.9
0.896552
0.90625
0.9
0.9
0.914286
0.914286
0.90625
0.9
0.9
0.911765
0.894737
0.896552
0.90625
0.90625
0.909091
0.903226
0.896552
0.892857
0.903226
0.90625
0.911765
0.911765
0.90625
0.9
0.909091
0.916667
0.90625
0.911765
0.90625
0.9
0.90625
0.914286
0.9
0.90625
0.914286
0.90625
0.911765
0.9
0.9
0.9
0.896552
0.90625
0.90625
0.90625
0.9
0.909091
0.911765
0.909091
0.896552
0.903226
0.90625
0.916667
0.903226
0.916667
0.903226
0.896552
0.916667
0.9
0.90625
0.90625
0.90625
0.903226
0.903226
0.9
0.915254
0.933852
0.934169
0.90625
0.921875
0.9
0.9
0.90625
0.909091
0.911765
0.90625
0.9
0.896552
0.891892
0.896552
0.9
0.9
0.90625
0.903226
0.9
0.9
0.909091
0.90625
0.9
0.9
0.896552
0.909091
0.909091
0.894737
0.909091
0.9
0.9
0.911765
0.90625
0.90625
0.9
0.9
0.90625
0.9
0.909091
0.903226
0.90625
0.911765
0.9
0.897436
0.9
0.90625
0.909091
0.9
0.9
0.916667
0.909091
0.916667
0.90625
0.9
0.90625
0.9
0.90625
0.9
0.9
0.9
0.9
0.90625
0.896552
0.911765
0.90625
0.90625
0.896552
0.903226
0.9
0.896552
0.903226
0.90625
0.911765
0.90625
0.891892
0.9
0.911765
0.90625
0.909091
0.9
0.911765
0.90625
0.90625
0.90625
0.911765
0.903226
0.90625
0.909091
0.9
0.9
0.90625
0.90625
0.909091
0.911765
0.903226
0.90625
0.911111
0.913793
0.884615
0.929688
0.931217
0.9
0.911765
0.892857
0.892857
0.875
0.9
0.909091
0.9
0.892857
0.911765
0.90625
0.892857
0.90625
0.90625
0.90625
0.911111
0.903226
0.9
0.909091
0.896552
0.892857
0.932127
0.915254
0.918033
0.884615
0.914286
0.90625
0.90625
0.903226
0.896552
0.892857
0.896552
0.892857
0.892857
0.892857
0.892857
0.891892
0.90625
0.90625
0.9
0.90625
0.90625
0.9
0.9
0.911765
0.911765
0.909091
0.909091
0.9
0.903226
0.904762
0.892857
0.909091
0.9
0.896552
0.9
0.9
0.911765
0.903226
0.903226
0.90625
0.911111
0.913793
0.911765
0.90625
0.903226
0.894737
0.903226
0.892857
0.90625
0.909091
0.909091
0.90625
0.9
0.896552
0.90625
0.9
0.896552
0.909091
0.9
0.9
0.90625
0.9
0.896552
0.897436
0.909091
0.90625
0.902439
0.90625
0.9
0.914286
0.914286
0.911765
0.903226
0.903226
0.9
0.9
0.9
0.916667
0.909091
0.903226
0.916667
0.90625
0.909091
0.9
0.911765
0.903226
0.894737
0.911765
0.9
0.90625
0.911765
0.909091
0.90625
0.902439
0.9
0.9
0.914286
0.921569
0.911765
0.911765
0.903226
0.903226
0.891892
0.896552
0.916667
0.916667
0.90625
0.909091
0.90625
0.903226
0.9
0.916667
0.9
0.90625
0.9
0.90625
0.9
0.903226
0.909091
0.90625
0.909091
0.90625
0.9
0.9
0.9
0.909091
0.894737
0.90625
0.891892
0.903226
0.916667
0.916667
0.929688
0.896552
0.90625
0.903226
0.9
0.9
0.909091
0.924528
0.9
0.9
0.903226
0.90625
0.903226
0.9
0.903226
0.90625
0.909091
0.90625
0.914286
0.90625
0.903226
0.90625
0.914286
0.9
0.9
0.896552
0.9
0.914286
0.896552
0.911765
0.9
0.911765
0.9
0.9
0.90625
0.9
0.904762
0.914286
0.909091
0.9
0.891892
0.9
0.896552
0.911765
0.9
0.896552
0.903226
0.896552
0.903226
0.909091
0.897436
0.897436
0.909091
0.891892
0.916667
0.911765
0.892857
0.903226
0.911765
0.9
0.896552
0.9
0.9
0.903226
0.926316
0.916667
0.914286
0.914286
0.90625
0.9
0.891892
0.896552
0.916667
0.90625
0.9
0.896552
0.9
0.9
0.9
0.9
0.911765
0.90625
0.90625
0.896552
0.90625
0.9
0.909091
0.914286
0.90625
0.90625
0.903226
0.9
0.911765
0.9
0.916667
0.9
0.9
0.911765
0.911765
0.896552
0.90625
0.909091
0.9
0.9
0.9
0.897436
0.9
0.916667
0.9
0.894737
0.894737
0.903226
0.891892
0.911765
0.896552
0.90625
0.90625
0.9
0.903226
0.9
0.90625
0.916667
0.9
0.9
0.9
0.9
0.914286
0.914286
0.90625
0.911765
0.894737
0.911765
0.903226
0.9
0.90625
0.9
0.9
0.911765
0.9
0.903226
0.909091
0.924731
0.930233
0.911765
0.9
0.90625
0.896552
0.903226
0.892857
0.90625
0.903226
0.911765
0.903226
0.9
0.90625
0.9
0.894737
0.896552
0.90625
0.90625
0.914286
0.9
0.90625
0.894737
0.9
0.903226
0.9
0.904762
0.9
0.90625
0.90625
0.916667
0.90625
0.9
0.924528
0.920635
0.903226
0.9
0.914286
0.9
0.9
0.909091
0.90625
0.923077
0.928571
0.919355
0.914286
0.9
0.9
0.909091
0.90625
0.9
0.916667
0.903226
0.914286
0.9
0.90625
0.9
0.90625
0.896552
0.9
0.9
0.911765
0.90625
0.90625
0.90625
0.903226
0.916667
0.90625
0.9
0.896552
0.9
0.9
0.891892
0.903226
0.9
0.911765
0.909091
0.9
0.90625
0.9
0.909091
0.90625
0.90625
0.9
0.896552
0.903226
0.9
0.90625
0.903226
0.909091
0.911765
0.90625
0.896552
0.909091
0.9
0.896552
0.911765
0.903226
0.903226
0.903226
0.903226
0.896552
0.90625
0.896552
0.903226
0.909091
0.914286
0.935737
0.891892
0.924812
0.891892
0.896552
0.909091
0.911765
0.90625
0.9
0.894737
0.894737
0.911765
0.909091
0.90625
0.909091
0.9
0.896552
0.9
0.9
0.911765
0.9
0.90625
0.90625
0.90625
0.911765
0.916667
0.9
0.928571
0.90625
0.9
0.90625
0.911765
0.891892
0.90625
0.9
0.9
0.911765
0.909091
0.90625
0.911765
0.90625
0.9
0.9
0.9
0.916667
0.90625
0.9
0.891892
0.90625
0.916667
0.90625
0.923077
0.916667
0.903226
0.9
0.90625
0.9
0.903226
0.903226
0.9
0.916667
0.9
0.909091
0.903226
0.911765
0.90625
0.90625
0.90625
0.90625
0.916667
0.909091
0.896552
0.90625
0.90625
0.894737
0.896552
0.892857
0.9
0.892857
0.903226
0.9
0.90625
0.9
0.909091
0.909091
0.9
0.9
0.90625
0.90625
0.90625
0.9
0.903226
0.90625
0.90625
0.911765
0.916667
0.909091
0.911765
0.90625
0.909091
0.911111
0.909091
0.928571
0.903226
0.9
0.9
0.9
0.916667
0.90625
0.911765
0.911765
0.90625
0.916667
0.911765
0.9
0.914286
0.909091
0.9
0.903226
0.903226
0.90625
0.911765
0.903226
0.911765
0.909091
0.903226
0.90625
0.9
0.9
0.903226
0.90625
0.9
0.903226
0.903226
0.896552
0.90625
0.9
0.90625
0.9
0.9
0.90625
0.9
0.9
0.915254
0.928
0.9
0.903226
0.903226
0.896552
0.90625
0.90625
0.896552
0.911765
0.90625
0.891892
0.909091
0.909091
0.932203
0.933628
0.897436
0.903226
0.896552
0.90625
0.9
0.90625
0.90625
0.9
0.9
0.9
0.9
0.914286
0.90625
0.894737
0.909091
0.894737
0.909091
0.911765
0.909091
0.916667
0.891892
0.896552
0.9
0.891892
0.9
0.902439
0.903226
0.9
0.903226
0.909091
0.911765
0.9
0.916667
0.894737
0.896552
0.9
0.909091
0.903226
0.9
0.891892
0.911765
0.911765
0.90625
0.916667
0.9
0.9
0.9
0.911765
0.90625
0.9
0.9
0.909091
0.914894
0.925926
0.90625
0.884615
0.884615
0.892857
0.934066
0.9
0.891892
0.923077
0.911765
0.9
0.892857
0.914286
0.90625
0.9
0.923077
0.903226
0.909091
0.9
0.90625
0.909091
0.9
0.903226
0.888889
0.925926
0.903226
0.896552
0.915493
0.920635
0.925373
0.9
0.9
0.909091
0.911765
0.911765
0.896552
0.892857
0.9
0.892857
0.917808
0.891892
0.892857
0.903226
0.892857
0.904762
0.911111
0.916667
0.918033
0.914286
0.892857
0.90625
0.896552
0.896552
0.892857
0.892857
0.9
0.896552
0.894737
0.875
0.892857
0.923077
0.9
0.9
0.896552
0.909091
0.875
0.90625
0.90625
0.892857
0.9
0.909091
0.875
0.9
0.90625
0.891892
0.892857
0.875
0.903226
0.909091
0.909091
0.90625
0.9
0.869565
0.924528
0.896552
0.909091
0.904762
0.88
0.869565
0.909091
0.909091
0.9
0.875
0.909091
0.909091
0.892857
0.909091
0.909091
0.911765
0.93299
0.913793
0.884615
0.919355
0.888889
0.934579
0.936614
0.936665
0.884615
0.90625
0.875
0.934109
0.936776
0.922222
0.936073
0.937441
0.93709
0.937028
0.936937
0.936778
0.935167
0.936975
0.937252
0.937182
0.916667
0.934978
0.936235
0.919355
0.92562
0.9
0.913793
0.936773
0.929134
0.913793
0.921875
0.935841
0.932961
0.936989
0.913793
0.92623
0.932292
0.924242
0.892857
0.909091
0.90625
0.884615
0.892857
0.913793
0.921053
0.937369
0.937336
0.937269
0.884615
0.892857
0.884615
0.921348
0.882353
0.937457
0.937162
0.930233
0.930769
0.932907
0.913793
0.916667
0.93125
0.910714
0.937228
0.937221
0.912281
0.937455
0.891892
0.937444
0.937322
0.927083
0.936805
0.924731
0.936664
0.93501
0.884615
0.875
0.896552
0.9
0.884615
0.930556
0.933702
0.909091
0.896552
0.9
0.914286
0.9
0.884615
0.919355
0.896552
0.927835
0.909091
0.924242
0.918367
0.884615
0.916667
0.9
0.933333
0.923913
0.911765
0.916667
0.913793
0.884615
0.913793
0.892857
0.937411
0.937473
0.936639
0.936522
0.937342
0.90625
0.911765
0.93625
0.937389
0.937113
0.936546
0.937265
0.935294
0.936581
0.916667
0.922222
0.892857
0.909091
0.937197
0.932432
0.931937
0.937241
0.9
0.916667
0.936524
0.913793
0.875
0.921875
0.936601
0.936229
0.937346
0.892857
0.913793
0.913793
0.926829
0.909091
0.9
0.875
0.892857
0.892857
0.892857
0.888889
0.922222
0.936422
0.928571
0.92562
0.88
0.884615
0.92562
0.888889
0.93038
0.912281
0.912281
0.916667
0.930233
0.937086
0.929293
0.903226
0.90625
0.896552
0.892857
0.90625
0.892857
0.875
0.884615
0.90625
0.9
0.896552
0.884615
0.935018
0.921875
0.928571
0.934066
0.935354
0.937063
0.936837
0.928571
0.936752
0.924528
0.929412
0.892857
0.892857
0.892857
0.892857
0.90625
0.896552
0.892857
0.9
0.9
0.875
0.909091
0.875
0.913793
0.892857
0.884615
0.884615
0.875
0.875
0.884615
0.875
0.884615
0.884615
0.90625
0.9
0.884615
0.884615
0.884615
0.884615
0.884615
0.875
0.892857
0.930233
0.930108
0.916667
0.930435
0.896552
0.892857
0.892857
0.884615
0.916667
0.884615
0.9
0.884615
0.884615
0.892857
0.92623
0.903226
0.911765
0.916667
0.92
0.928934
0.896552
0.903226
0.909091
0.903226
0.88
0.896552
0.892857
0.909091
0.875
0.90625
0.896552
0.875
0.90625
0.891892
0.909091
0.916667
0.909091
0.888889
0.904762
0.90625
0.875
0.904762
0.888889
0.909091
0.9
0.896552
0.909091
0.888889
0.931937
0.914286
0.9
0.916667
0.909091
0.884615
0.884615
0.884615
0.884615
0.892857
0.933162
0.937178
0.884615
0.934579
0.936399
0.936073
0.937346
0.937414
0.884615
0.935821
0.937186
0.933333
0.937439
0.937333
0.922222
0.915254
0.934066
0.875
0.884615
0.913793
0.875
0.884615
0.884615
0.916667
0.9
0.892857
0.875
0.884615
0.892857
0.875
0.884615
0.884615
0.884615
0.922222
0.921053
0.937148
0.93742
0.882353
0.937471
0.936425
0.930108
0.902439
0.90625
0.875
0.884615
0.92562
0.909091
0.936085
0.88
0.9
0.892857
0.884615
0.884615
0.875
0.916667
0.921348
0.918033
0.915254
0.928
0.913793
0.892857
0.875
0.892857
0.884615
0.90625
0.884615
0.915254
0.931217
0.931193
0.936208
0.884615
0.936196
0.9
0.884615
0.910714
0.919355
0.913793
0.884615
0.930108
0.922222
0.875
0.913793
0.913793
0.884615
0.924242
0.892857
0.918033
0.884615
0.932862
0.916667
0.884615
0.913793
0.922222
0.92562
0.913793
0.920455
0.913793
0.933099
0.921053
0.933333
0.921875
0.92623
0.929487
0.937387
0.892857
0.916667
0.884615
0.935955
0.921348
0.935323
0.9
0.935629
0.884615
0.884615
0.884615
0.884615
0.884615
0.884615
0.936031
0.937441
0.937456
0.937058
0.937322
0.920635
0.935989
0.875
0.934579
0.666667
0.936372
0.93747
0.892857
0.875
0.884615
0.918367
0.923077
0.88
0.884615
0.884615
0.884615
0.884615
0.937153
0.919355
0.916667
0.9
0.884615
0.903226
0.909091
0.90625
0.892857
0.9
0.911765
0.892857
0.892857
0.9
0.90625
0.9
0.9
0.90625
0.909091
0.937261
0.937412
0.933862
0.919355
0.928105
0.884615
0.875
0.892857
0.884615
0.884615
0.884615
0.875
0.884615
0.892857
0.875
0.884615
0.884615
0.884615
0.875
0.90625
0.892857
0.90625
0.892857
0.884615
0.884615
0.884615
0.932432
0.923913
0.937428
0.928571
0.935616
0.936105
0.884615
0.875
0.913793
0.892857
0.911111
0.892857
0.915254
0.937257
0.912281
0.884615
0.925373
0.921348
0.922222
0.936848
0.929134
0.935039
0.937454
0.930769
0.919355
0.916667
0.925373
0.884615
0.910714
0.912281
0.921348
0.925532
0.936784
0.913793
0.925
0.922222
0.9
0.884615
0.892857
0.9
0.9
0.884615
0.909091
0.935897
0.913793
0.912281
0.934959
0.931217
0.929412
0.909091
0.884615
0.916667
0.891892
0.896552
0.9
0.892857
0.909091
0.936955
0.937422
0.931727
0.875
0.913793
0.884615
0.884615
0.884615
0.884615
0.892857
0.875
0.925926
0.937256
0.884615
0.937239
0.923077
0.926471
0.884615
0.936741
0.913043
0.884615
0.884615
0.920635
0.884615
0.9
0.884615
0.894737
0.90625
0.892857
0.9
0.9
0.911765
0.90625
0.916667
0.884615
0.9
0.90625
0.903226
0.884615
0.903226
0.884615
0.875
0.884615
0.884615
0.875
0.933862
0.934694
0.884615
0.90625
0.90625
0.884615
0.896552
0.909091
0.884615
0.9
0.903226
0.90625
0.909091
0.935088
0.913793
0.933333
0.884615
0.909091
0.909091
0.936599
0.937355
0.935662
0.937357
0.929412
0.929825
0.937456
0.884615
0.884615
0.911765
0.884615
0.884615
0.884615
0.892857
0.884615
0.884615
0.9
0.911765
0.918919
0.931624
0.934694
0.936798
0.937455
0.937199
0.930348
0.911765
0.891892
0.928571
0.884615
0.902439
0.884615
0.892857
0.909091
0.935088
0.894737
0.93747
0.937462
0.909091
0.921053
0.913793
0.892857
0.9
0.892857
0.884615
0.884615
0.916667
0.9
0.910714
0.937122
0.884615
0.884615
0.909091
0.926829
0.884615
0.909091
0.884615
0.911111
0.924528
0.936639
0.937451
0.928571
0.937352
0.937087
0.9
0.937005
0.937206
0.925926
0.9
0.896552
0.911765
0.914286
0.884615
0.884615
0.924528
0.930108
0.936059
0.884615
0.884615
0.913793
0.909091
0.934685
0.884615
0.884615
0.884615
0.884615
0.924528
0.875
0.884615
0.884615
0.875
0.884615
0.894737
0.913043
0.892857
0.9
0.892857
0.884615
0.892857
0.884615
0.884615
0.935438
0.937366
0.892857
0.929936
0.913793
0.921053
0.884615
0.875
0.892857
0.884615
0.884615
0.875
0.921053
0.75
0.937439
0.884615
0.912281
0.922222
0.884615
0.884615
0.884615
0.884615
0.884615
0.884615
0.884615
0.892857
0.922222
0.884615
0.884615
0.884615
0.935992
0.875
0.913793
0.933673
0.93038
0.88
0.918033
0.923077
0.9
0.913793
0.913793
0.884615
0.884615
0.936123
0.934389
0.937146
0.935143
0.909091
0.937282
0.937409
0.922222
0.912281
0.888889
0.934874
0.937026
0.936858
0.936323
0.884615
0.884615
0.884615
0.884615
0.884615
0.884615
0.884615
0.892857
0.925926
0.936768
0.934783
0.918033
0.913793
0.911111
0.896552
0.884615
0.884615
0.884615
0.9
0.936607
0.933702
0.884615
0.884615
0.884615
0.916667
0.892857
0.894737
0.937093
0.884615
0.884615
0.884615
0.909091
0.928571
0.884615
0.9
0.911765
0.930233
0.933333
0.937173
0.934783
0.937388
0.934343
0.933735
0.937242
0.937353
0.936837
0.936796
0.925
0.884615
0.884615
0.909091
0.932271
0.884615
0.884615
0.884615
0.884615
0.884615
0.884615
0.884615
0.884615
0.892857
0.884615
0.88
0.93655
0.884615
0.892857
0.875
0.884615
0.884615
0.884615
0.9
0.884615
0.884615
0.934066
0.930556
0.888889
0.884615
0.884615
0.9
0.892857
0.934066
0.892857
0.896552
0.930876
0.884615
0.924731
0.927711
0.909091
0.892857
0.929648
0.875
0.884615
0.9363
0.884615
0.884615
0.9
0.884615
0.931035
0.892857
0.884615
0.884615
0.884615
0.884615
0.875
0.884615
0.884615
0.934783
0.892857
0.884615
0.884615
0.884615
0.913793
0.884615
0.884615
0.75
0.932836
0.931193
0.903226
0.884615
0.666667
0.937388
0.93697
0.90625
0.884615
0.884615
0.909091
0.884615
0.884615
0.875
0.892857
0.884615
0.9
0.892857
0.912281
0.869565
0.927273
0.9
0.90625
0.9
0.909091
0.90625
0.90625
0.892857
0.892857
0.897436
0.894737
0.892857
0.884615
0.875
0.892857
0.884615
0.884615
0.90625
0.884615
0.936508
0.937278
0.90625
0.921875
0.926471
0.936458
0.934896
0.90625
0.90625
0.884615
0.9368
0.90625
0.909091
0.931373
0.934021
0.892857
0.875
0.884615
0.884615
0.875
0.884615
0.884615
0.925532
0.9
0.888889
0.9
0.919355
0.930769
0.913043
0.934659
0.925926
0.934146
0.913793
0.884615
0.913793
0.884615
0.9
0.884615
0.9
0.92
0.928994
0.928571
0.884615
0.884615
0.884615
0.909091
0.936421
0.892857
0.9
0.884615
0.884615
0.936464
0.884615
0.884615
0.892857
0.9
0.884615
0.892857
0.892857
0.892857
0.884615
0.909091
0.937033
0.9
0.934389
0.884615
0.884615
0.875
0.884615
0.884615
0.928571
0.884615
0.884615
0.884615
0.913043
0.884615
0.9
0.884615
0.884615
0.884615
0.884615
0.913793
0.884615
0.875
0.884615
0.884615
0.666667
0.937395
0.884615
0.884615
0.884615
0.884615
0.884615
0.884615
0.884615
0.884615
0.913793
0.925532
0.933333
0.884615
0.884615
0.924242
0.9
0.892857
0.884615
0.884615
0.884615
0.884615
0.884615
0.884615
0.892857
0.930769
0.911765
0.894737
0.937043
0.937233
0.935146
0.911765
0.916667
0.90625
0.9
0.90625
0.90625
0.90625
0.884615
0.90625
0.918033
0.919355
0.925926
0.909091
0.9
0.884615
0.921875
0.923077
0.9
0.884615
0.911765
0.891892
0.937455
0.937167
0.884615
0.884615
0.892857
0.936009
0.935702
0.911765
0.919355
0.913793
0.884615
0.90625
0.884615
0.884615
0.920455
0.934146
0.931624
0.884615
0.912281
0.921053
0.936556
0.930108
0.916667
0.911765
0.93617
0.936769
0.918367
0.903226
0.930108
0.884615
0.884615
0.884615
0.904762
0.884615
0.884615
0.894737
0.892857
0.913793
0.903226
0.884615
0.884615
0.892857
0.892857
0.884615
0.884615
0.913043
0.911765
0.9
0.892857
0.90625
0.936078
0.884615
0.884615
0.884615
0.884615
0.884615
0.884615
0.929032
0.9
0.884615
0.909091
0.927928
0.884615
0.909091
0.914286
0.9
0.884615
0.884615
0.884615
0.9
0.884615
0.884615
0.884615
0.884615
0.88
0.884615
0.884615
0.884615
0.884615
0.884615
0.884615
0.875
0.884615
0.904762
0.884615
0.9
0.926316
0.9
0.936778
0.909091
0.913793
0.884615
0.919355
0.933121
0.884615
0.884615
0.90625
0.884615
0.884615
0.913793
0.884615
0.884615
0.884615
0.884615
0.884615
0.884615
0.884615
0.913043
0.922222
0.884615
0.884615
0.884615
0.884615
0.884615
0.9
0.934944
0.875
0.884615
0.884615
0.9
0.884615
0.909091
0.92623
0.921053
0.923077
0.931677
0.930233
0.891892
0.930556
0.922222
0.934211
0.931035
0.884615
0.884615
0.884615
0.884615
0.892857
0.894737
0.926471
0.884615
0.916667
0.923077
0.884615
0.904762
0.925926
0.935583
0.926829
0.936782
0.909091
0.884615
0.884615
0.892857
0.909091
0.929412
0.909091
0.892857
0.897436
0.884615
0.875
0.884615
0.913793
0.884615
0.892857
0.930108
0.884615
0.909091
0.935435
0.9
0.884615
0.884615
0.913793
0.928571
0.909091
0.930131
0.666667
0.937418
0.937445
0.937399
0.911765
0.884615
0.884615
0.884615
0.884615
0.884615
0.884615
0.92623
0.916667
0.9
0.884615
0.884615
0.884615
0.9
0.884615
0.884615
0.915254
0.913793
0.930556
0.937276
0.931373
0.884615
0.926471
0.884615
0.884615
0.884615
0.904762
0.884615
0.916667
0.892857
0.918367
0.884615
0.916667
0.884615
0.912281
0.904762
0.937037
0.937292
0.933884
0.922222
0.884615
0.892857
0.914894
0.9
0.928105
0.937466
0.914894
0.913793
0.919355
0.666667
0.937464
0.937391
0.931035
0.909091
0.937111
0.936675
0.909091
0.922222
0.884615
0.903226
0.892857
0.884615
0.884615
0.884615
0.936981
0.937248
0.909091
0.935961
0.925373
0.937445
0.922222
0.922222
0.884615
0.913793
0.884615
0.884615
0.884615
0.884615
0.892857
0.931298
0.937197
0.921053
0.932476
0.884615
0.892857
0.892857
0.884615
0.884615
0.918367
0.936779
0.937361
0.937442
0.932886
0.937434
0.924242
0.884615
0.884615
0.884615
0.884615
0.884615
0.884615
0.884615
0.892857
0.937003
0.937307
0.937452
0.937445
0.884615
0.884615
0.892857
0.892857
0.884615
0.892857
0.884615
0.884615
0.884615
0.884615
0.884615
0.884615
0.884615
0.875
0.884615
0.884615
0.884615
0.884615
0.875
0.909091
0.909091
0.937453
0.937433
0.88
0.875
0.888889
0.937461
0.892857
0.884615
0.884615
0.884615
0.884615
0.884615
0.884615
0.937384
0.937195
0.884615
0.892857
0.884615
0.913793
0.884615
0.909091
0.937313
0.937427
0.913793
0.909091
0.937429
0.937179
0.922222
0.884615
0.892857
0.913793
0.919355
0.912281
0.884615
0.892857
0.892857
0.884615
0.892857
0.934211
0.884615
0.910714
0.884615
0.931193
0.922222
0.884615
0.909091
0.935435
0.884615
0.894737
0.937446
0.884615
0.884615
0.875
0.884615
0.875
0.884615
0.884615
0.884615
0.892857
0.884615
0.884615
0.884615
0.884615
0.892857
0.884615
0.884615
0.884615
0.884615
0.884615
0.9
0.892857
0.884615
0.892857
0.884615
0.892857
0.892857
0.892857
0.884615
0.884615
0.884615
0.884615
0.884615
0.892857
0.884615
0.884615
0.909091
0.9
0.935088
0.884615
0.884615
0.892857
0.875
0.884615
0.892857
0.921348
0.875
0.884615
0.891892
0.875
0.884615
0.922222
0.936723
0.714286
0.935919
0.937274
0.937366
0.884615
0.884615
0.884615
0.884615
0.884615
0.884615
0.892857
0.884615
0.93619
0.884615
0.884615
0.884615
0.892857
0.884615
0.90625
0.884615
0.936997
0.884615
0.884615
0.892857
0.884615
0.884615
0.884615
0.884615
0.9
0.884615
0.875
0.884615
0.884615
0.913793
0.892857
0.914894
0.923077
0.936837
0.884615
0.884615
0.884615
0.875
0.884615
0.892857
0.884615
0.884615
0.884615
0.884615
0.884615
0.884615
0.884615
0.884615
0.913793
0.923913
0.884615
0.891892
0.936009
0.875
0.9
0.884615
0.884615
0.875
0.884615
0.884615
0.925926
0.936364
0.937333
0.884615
0.909091
0.925532
0.911765
0.931193
0.884615
0.869565
0.934831
0.937448
0.937042
0.936816
0.884615
0.916667
0.925
0.936959
0.934599
0.884615
0.884615
0.884615
0.894737
0.937341
0.937484
0.937483
0.937421
0.937442
0.937485
0.937431
0.937482
0.923913
0.884615
0.937395
0.909091
0.904762
0.884615
0.884615
0.884615
0.892857
0.891892
0.884615
0.884615
0.912281
0.884615
0.884615
0.884615
0.911765
0.933842
0.934783
0.937239
0.937415
0.9
0.937315
0.884615
0.75
0.937388
0.937479
0.884615
0.884615
0.884615
0.9
0.892857
0.9
0.884615
0.884615
0.884615
0.884615
0.894737
0.884615
0.914286
0.892857
0.892857
0.884615
0.9
0.875
0.884615
0.892857
0.884615
0.884615
0.884615
0.910714
0.884615
0.884615
0.875
0.892857
0.884615
0.884615
0.903226
0.892857
0.875
0.892857
0.884615
0.884615
0.884615
0.916667
0.91954
0.902439
0.920635
0.914286
0.923913
0.925926
0.936052
0.75
0.936582
0.884615
0.884615
0.884615
0.884615
0.913793
0.884615
0.884615
0.884615
0.884615
0.884615
0.892857
0.884615
0.884615
0.875
0.884615
0.875
0.884615
0.884615
0.884615
0.875
0.884615
0.884615
0.884615
0.884615
0.921569
0.937433
0.937432
0.937449
0.937476
0.884615
0.875
0.892857
0.884615
0.884615
0.884615
0.916667
0.884615
0.884615
0.884615
0.892857
0.884615
0.884615
0.909091
0.929688
0.934545
0.93587
0.931217
0.882353
0.936833
0.910714
0.884615
0.924528
0.875
0.892857
0.90625
0.875
0.9
0.920635
0.884615
0.884615
0.884615
0.922222
0.921875
0.90625
0.875
0.884615
0.892857
0.884615
0.9
0.875
0.892857
0.884615
0.875
0.875
0.884615
0.884615
0.884615
0.884615
0.884615
0.875
0.904762
0.9
0.918033
0.884615
0.884615
0.875
0.9
0.884615
0.924242
0.935484
0.916667
0.904762
0.913793
0.884615
0.9
0.884615
0.884615
0.875
0.884615
0.892857
0.918033
0.892857
0.884615
0.884615
0.884615
0.929936
0.884615
0.884615
0.933798
0.892857
0.884615
0.884615
0.884615
0.884615
0.93544
0.892857
0.934097
0.9
0.935407
0.90625
0.921875
0.892857
0.9
0.884615
0.884615
0.892857
0.884615
0.884615
0.884615
0.884615
0.892857
0.884615
0.884615
0.884615
0.884615
0.884615
0.892857
0.892857
0.884615
0.9
0.929936
0.884615
0.884615
0.9
0.923077
0.928571
0.884615
0.884615
0.892857
0.892857
0.884615
0.884615
0.884615
0.892857
0.875
0.884615
0.875
0.90625
0.892857
0.884615
0.884615
0.930233
0.934389
0.9
0.936493
0.884615
0.884615
0.891892
0.935636
0.913793
0.884615
0.910714
0.884615
0.884615
0.892857
0.884615
0.884615
0.884615
0.892857
0.926316
0.903226
0.928571
0.882353
0.934874
0.930851
0.913793
0.928
0.904762
0.884615
0.884615
0.884615
0.884615
0.884615
0.884615
0.884615
0.884615
0.933962
0.922222
0.884615
0.928571
0.892857
0.884615
0.875
0.875
0.884615
0.916667
0.892857
0.884615
0.884615
0.933594
0.875
0.884615
0.884615
0.892857
0.884615
0.875
0.875
0.884615
0.932432
0.884615
0.666667
0.936667
0.884615
0.884615
0.884615
0.892857
0.884615
0.931193
0.925532
0.875
0.884615
0.892857
0.884615
0.875
0.884615
0.884615
0.884615
0.875
0.884615
0.90625
0.892857
0.884615
0.875
0.911765
0.884615
0.884615
0.9
0.884615
0.884615
0.884615
0.884615
0.884615
0.884615
0.913043
0.9
0.884615
0.884615
0.884615
0.875
0.875
0.884615
0.884615
0.884615
0.884615
0.884615
0.884615
0.884615
0.884615
0.892857
0.9
0.934389
0.892857
0.931035
0.913793
0.928934
0.924242
0.884615
0.892857
0.884615
0.884615
0.913793
0.884615
0.892857
0.884615
0.884615
0.884615
0.913793
0.933628
0.92623
0.892857
0.927419
0.884615
0.9
0.884615
0.884615
0.884615
0.892857
0.884615
0.884615
0.884615
0.875
0.875
0.884615
0.884615
0.892857
0.884615
0.884615
0.884615
0.892857
0.892857
0.884615
0.918033
0.884615
0.913793
0.90625
0.932
0.927419
0.925373
0.930851
0.916667
0.75
0.937308
0.9
0.884615
0.884615
0.913043
0.925926
0.929134
0.937229
0.892857
0.884615
0.884615
0.892857
0.934599
0.892857
0.884615
0.9
0.934169
0.9
0.916667
0.875
0.892857
0.884615
0.884615
0.884615
0.892857
0.937187
0.937355
0.884615
0.884615
0.884615
0.91954
0.884615
0.884615
0.884615
0.884615
0.884615
0.884615
0.875
0.884615
0.892857
0.894737
0.93735
0.937324
0.937407
0.937212
0.917808
0.936214
0.923077
0.884615
0.884615
0.884615
0.884615
0.875
0.902439
0.875
0.923077
0.884615
0.892857
0.884615
0.913793
0.892857
0.892857
0.884615
0.884615
0.884615
0.884615
0.9
0.920635
0.884615
0.913793
0.884615
0.884615
0.9
0.927419
0.884615
0.884615
0.884615
0.892857
0.922222
0.923913
0.892857
0.884615
0.884615
0.892857
0.916667
0.884615
0.884615
0.884615
0.892857
0.884615
0.884615
0.884615
0.884615
0.884615
0.884615
0.884615
0.9
0.884615
0.884615
0.884615
0.884615
0.884615
0.9
0.892857
0.875
0.884615
0.884615
0.892857
0.892857
0.884615
0.884615
0.892857
0.884615
0.892857
0.892857
0.892857
0.884615
0.884615
0.892857
0.884615
0.936702
0.92233
0.892857
0.884615
0.892857
0.884615
0.892857
