-114.124
-31.6604
-28.5605
-32.9403
-6.06005
-0.499999
0.140001
-0.219999
-0.639999
-23.6804
-29.4406
-35.0601
-1.62
-1.24
-3.74001
-4.04001
-9.24005
-33.2006
0.0200006
-17.2202
-0.159999
-1.56
-38.1606
-30.9006
-33.0203
-8.04009
-16.3602
-27.8405
-53.1999
-40.7407
-108.434
-137.714
-1.76
-2.64
-58.3405
-45.9804
-15.2203
-40.6806
-45.5604
-10.2601
-55.7608
-12.8001
-8.46011
-43.8806
-25.6005
-11.9601
-29.9405
-27.3605
-9.88012
-0.259999
0.62
-3.90002
-1.8
-36.5199
0.0400007
-4.32003
0.66
-2.86
-0.899999
-34.5605
-0.499999
-1.5
-1.3
-2.44
-4.44003
-11.2801
-34.8405
-14.0002
0.66
0.6
0.46
0.72
-3.28
0.5
0.34
0.52
-0.219999
-8.64004
-1.14
-5.08004
-18.6803
-48.0806
-10.5601
-2.42
-0.359999
-1.7
0.160001
-1.66
-10.7401
-17.9203
0.14
0.72
0.42
0.46
-3.08
0.32
-0.0399994
-0.0199994
-0.839999
-0.339999
0.64
0.68
0.62
0.6
0.72
0.64
-9.56009
-11.4401
0.38
0.6
-2.94
-0.0799993
-2.16
0.12
-3.64001
-0.0399994
-4.68003
0.66
-0.199999
-0.319999
0.68
0.4
0.58
0.6
-8.80012
-0.139999
-0.839999
-0.0599995
-1.14
0.48
-4.60003
0.68
-0.0599996
-26.2004
-27.4405
-2.04
-0.259999
-2.02
-0.179999
-4.86003
-2.36
0.0200006
-0.719999
0.54
-11.0001
-10.9602
-2.22
-0.819999
-1.58
-0.479999
-15.7002
-7.64008
0.36
-0.339999
0.5
-1.08
0.64
-0.219999
-2.48
0.24
0.140001
-0.119999
-8.78013
-0.999999
0.0200006
-5.26004
-23.5204
-18.9403
-2.78
-2
-0.619999
0.22
-1.3
-0.0399994
-1.64
0.16
-4.64003
-1.4
-0.339999
0.46
0.32
-9.86007
-2.08
0.68
0.64
0.38
0.18
0.62
0.52
-15.2603
-2.1
-39.9606
-0.359999
-1.72
-0.359999
-1.04
0.24
0.62
-8.4801
-44.9796
-0.439999
0.0600005
0.58
0.34
-4.92003
-10.1002
0.26
0.120001
-3.14
0.64
6.55651e-07
0.6
0.64
0.44
0.3
-1.72
0.72
-12.6801
0.46
0.18
-0.219999
0.52
0.2
0.62
0.54
0.7
0.54
-0.0599993
0.66
0.4
-0.239999
0.0400006
-0.719999
6.55651e-07
0.78
0.56
0.48
0.0400006
0.76
0.36
0.6
-8.68009
-26.6805
0.18
-1.16
0.66
0.7
0.26
-9.44007
-1.3
0.6
0.62
0.100001
0.62
0.38
0.66
0.7
0.54
0.38
0.58
0.38
0.44
0.6
0.76
0.72
0.7
0.42
0.120001
0.66
0.38
0.74
0.6
0.74
-4.34002
-59.9962
6.55651e-07
0.0800006
-8.90007
-24.1404
0.7
6.55651e-07
0.62
-19.1803
-3.74
0.62
0.78
0.7
0.38
0.38
0.48
0.5
0.16
-5.20001
-1.78
-0.0399994
0.44
-13.1602
-28.9005
-21.5403
-0.0199994
0.120001
-21.3004
-0.559999
-15.0803
0.26
0.28
-0.539999
0.7
0.64
0.3
0.52
0.44
-1.74
0.0200006
0.6
0.64
0.38
0.36
0.76
0.34
-0.159999
-3.58001
-5.54
-16.4203
0.0800006
0.0200006
-8.96012
0.8
-201.836
0.64
-42.9998
-30.2406
-8.92004
-10.9001
-135.843
0.48
0.76
0.82
0.8
-1.4
0.56
0.76
0.8
0.82
-2.46
-5.34002
0.8
0.68
0.8
0.78
0.8
0.76
0.76
0.8
0.78
-1.02
-5.10004
0.8
0.66
0.42
0.82
0.66
0.8
0.78
0.62
-8.18008
-1.86
0.82
0.82
0.78
0.74
0.82
0.7
0.76
0.7
0.82
0.66
0.78
0.8
0.82
0.8
0.82
0.8
0.82
0.82
0.8
0.66
0.68
0.8
0.8
0.82
0.78
0.8
0.8
0.74
0.22
0.82
0.82
0.8
0.82
0.76
0.48
0.8
0.8
0.8
0.8
0.82
0.8
0.82
0.66
0.0400006
0.78
0.82
0.72
0.82
0.78
0.76
0.8
0.82
0.8
0.82
0.82
0.8
0.7
-4.52002
-4.56003
-7.54008
-0.239999
0.8
0.74
0.56
0.76
0.8
0.8
0.66
0.72
0.68
0.78
-1.06
-6.26006
0.8
-2.04
-9.08008
0.78
0.78
0.72
0.78
-5.5
0.74
0.74
0.76
0.78
0.78
0.78
0.8
0.72
0.8
0.76
0.54
0.8
0.78
0.76
0.78
0.68
0.68
0.66
0.78
0.78
0.8
0.8
0.74
0.74
0.74
0.76
0.68
0.78
0.74
0.82
0.56
0.76
0.74
0.68
0.62
0.76
0.7
0.74
0.66
0.76
0.72
0.74
0.78
0.7
0.76
0.74
0.66
0.74
0.74
0.82
0.78
0.78
0.78
0.8
0.8
0.72
0.66
0.74
0.76
0.78
-26.9805
-42.5206
-0.559999
0.22
-0.999999
-1.02
-2.92
0.7
0.74
0.8
0.78
0.76
0.78
-8.24003
-5.04001
0.54
0.7
0.76
0.8
0.78
0.72
0.64
0.78
0.76
0.78
0.82
0.72
0.78
0.74
0.8
0.76
0.78
0.82
0.66
0.32
0.8
0.6
0.82
0.82
0.8
0.82
0.8
0.52
0.8
0.82
0.7
0.78
0.82
0.72
0.78
0.74
-0.919999
-12.7602
-5.64
-1.84
0.78
0.62
0.74
0.74
-1.8
0.62
-24.2804
0.76
0.78
0.76
0.48
0.76
0.78
0.78
0.76
0.82
0.8
0.76
0.8
0.8
0.8
0.8
0.78
-3.84001
-6.48008
0.78
0.78
0.8
0.72
0.8
0.74
0.6
0.78
0.76
0.8
0.58
0.64
0.8
0.8
0.72
0.6
0.64
0.48
0.64
0.72
0.58
0.7
0.78
0.76
0.78
0.24
-4.68
-3.54001
-2.76
-3.72
-0.899999
0.78
-6.48005
-9.22014
0.78
0.8
0.8
0.8
0.7
0.66
0.76
0.8
0.76
0.82
0.74
0.78
0.100001
0.76
0.8
0.7
0.8
0.8
0.56
0.8
0.8
0.72
0.74
0.68
0.8
0.8
0.76
0.76
0.8
0.72
0.8
0.74
-5.22004
-7.76011
0.76
0.8
0.78
0.8
0.82
0.72
0.82
0.82
0.8
0.76
-1.2
-3.1
0.74
0.8
0.72
0.78
0.74
0.78
0.78
0.7
0.78
0.78
0.68
0.82
0.8
0.8
-3.58001
-7.38008
0.74
-11.5002
0.76
0.76
0.76
0.76
0.82
0.82
0.82
0.82
0.74
0.8
-6.38006
-2.92
-0.639999
0.78
0.82
0.74
0.82
0.74
0.5
-3.62001
-2.62
0.78
-1.66
0.78
0.78
0.62
0.8
0.8
0.82
0.66
0.82
0.76
0.74
0.78
0.78
0.32
-4.44
0.72
0.66
0.78
0.8
0.7
0.78
0.76
0.12
0.82
0.74
-3.66001
-9.62015
-2.24
-0.259999
0.8
0.72
0.8
0.62
0.78
-4.56001
-0.159999
0.8
0.74
-14.8203
0.8
0.8
0.8
0.8
0.76
0.82
0.78
0.28
0.66
-28.6805
0.8
0.8
0.8
0.78
0.78
0.8
0.8
-4.36001
0.8
0.66
0.7
0.8
0.54
-0.0599995
0.76
-23.6204
-2.84
0.82
-0.239999
0.58
0.72
0.76
0.8
0.8
-25.4204
0.78
0.8
0.82
-4.22001
0.82
0.82
0.78
-3.9
-0.0399996
0.68
0.82
0.6
0.78
0.66
0.72
0.82
0.8
0.8
0.82
0.82
0.76
0.7
0.52
-2.76
-0.779999
-1.1
-4.46003
0.78
-16.4203
-2.62
0.140001
0.76
0.76
0.78
0.78
0.78
0.8
0.8
0.82
0.76
0.7
0.42
0.8
0.82
-1.18
-9.20014
0.8
0.8
0.72
0.8
0.82
0.8
-4.32002
-11.6802
0.8
0.8
0.8
0.74
-2.94
-0.659999
0.8
0.78
0.76
0.76
0.82
0.82
-0.999999
-11.1002
0.78
0.52
0.82
0.78
0.82
0.78
-3.1
-9.90015
0.82
0.76
0.78
0.78
0.78
0.82
0.76
0.8
0.82
0.78
0.72
-2.26
-10.0802
0.8
0.82
0.76
0.7
0.8
0.82
0.78
0.5
0.58
0.76
0.76
0.64
0.74
0.32
0.82
0.82
0.78
0.78
0.26
-5.78004
-9.58015
0.78
0.74
0.74
0.8
0.74
0.8
0.78
0.82
0.78
-0.219999
-11.7202
0.8
0.8
0.8
0.78
0.8
0.78
0.74
0.78
-3.84001
-8.82013
0.8
0.8
0.78
0.42
0.68
0.72
0.72
0.8
0.78
0.8
0.78
0.66
0.78
0.8
0.8
0.82
0.4
0.82
-3.32
-10.7202
0.8
0.5
0.76
0.8
0.62
-15.6802
0.82
0.8
0.78
0.82
0.68
0.82
0.78
0.78
0.64
0.74
0.74
0.62
0.78
0.78
0.82
0.3
0.8
0.82
0.7
0.78
0.8
0.82
0.82
0.82
0.7
0.8
0.8
0.8
0.42
0.82
0.8
0.64
0.76
-1.72
-12.4602
0.68
0.78
0.78
0.76
0.82
0.76
0.78
0.72
0.74
0.58
0.82
-1.5
-6.78008
0.82
0.76
0.82
0.8
-9.84013
0.7
0.82
0.78
0.82
0.78
0.72
0.8
0.82
0.76
0.8
0.78
0.82
0.78
0.78
0.0400006
0.78
0.78
0.82
0.82
0.68
0.82
0.8
0.82
0.8
-4.84003
-15.6402
0.56
0.76
0.66
0.76
0.8
0.82
0.78
0.72
0.7
0.46
0.74
0.78
0.78
0.8
0.8
0.74
0.76
0.78
0.68
0.74
0.76
0.78
0.78
0.6
0.78
0.8
0.76
0.66
0.78
0.8
0.78
0.76
0.76
0.78
0.82
0.82
0.82
0.8
0.78
0.82
0.82
0.6
0.78
-1.46
0.78
0.74
0.44
0.8
0.7
0.54
0.8
0.82
0.82
0.78
0.62
0.76
0.66
0.72
0.72
0.78
0.82
0.8
0.82
0.78
0.76
0.8
0.82
0.78
0.8
0.8
0.82
0.76
0.72
0.66
0.82
0.82
0.74
0.58
0.42
-5.98005
-33.6804
0.78
0.82
-2.62
-19.3003
0.44
0.78
0.82
0.76
0.8
0.8
0.82
0.8
0.76
0.82
0.8
0.8
0.8
0.78
0.82
0.82
0.8
0.82
-5.10003
-7.18009
0.78
0.74
0.82
0.82
0.82
0.82
-2.8
-1.24
0.8
0.78
0.62
0.82
0.8
0.8
0.74
0.8
0.82
0.8
0.82
0.72
0.82
0.82
-4.52003
-6.00007
0.78
0.72
0.76
-6.20005
-1.18
0.8
0.8
0.82
0.78
0.76
0.78
0.74
0.76
0.76
0.82
0.8
0.82
0.82
0.76
0.64
0.82
0.76
0.78
0.72
0.76
-3.34
-1.44
0.82
0.76
0.68
0.8
0.8
-0.739999
-11.4402
0.76
0.74
0.82
0.78
0.8
0.82
0.8
0.82
0.66
0.82
0.82
0.66
0.8
0.8
0.58
0.6
0.82
0.82
0.76
0.8
0.8
0.8
0.74
0.82
0.82
0.78
0.82
0.8
0.74
0.72
0.8
0.82
0.82
0.8
0.78
0.6
0.76
0.78
0.8
0.82
-3.66001
-14.9003
0.82
0.8
0.78
0.78
0.78
0.82
0.76
-4.50003
0.8
0.82
0.82
0.82
0.82
0.82
-2.1
0.82
0.78
-1.26
-12.4002
-1.36
0.34
0.82
0.82
0.8
0.8
0.82
0.54
-10.0401
-10.3002
0.78
0.8
0.82
0.76
0.82
0.82
0.8
0.52
0.82
0.46
0.74
0.76
0.66
0.82
0.74
0.8
0.8
0.8
0.6
0.74
0.8
0.8
0.78
0.8
0.8
0.82
0.8
0.76
0.82
0.82
0.8
0.8
0.82
0.8
0.74
0.78
0.82
0.8
0.76
0.82
0.72
-3.06
-14.2802
0.8
0.76
-2.92
-0.719999
0.78
0.7
0.8
0.8
0.8
0.5
0.82
0.8
0.78
0.36
0.8
0.8
0.8
0.72
0.78
0.76
0.7
0.82
0.8
0.82
0.72
0.72
-3.54001
-10.9802
0.7
0.76
0.82
-2.74
-0.199999
0.82
0.78
0.8
0.72
-3.2
-0.0599996
0.82
0.78
0.82
-2.6
-10.0002
0.82
0.82
-2.98
-4.26002
0.8
0.76
0.8
0.8
0.78
0.78
0.76
0.78
-1.06
-15.2203
0.8
0.8
-10.7202
0.8
0.58
0.82
0.62
0.82
0.82
0.8
0.82
0.7
0.68
0.78
0.76
0.8
0.8
0.78
0.6
0.7
0.76
0.82
0.82
0.82
0.78
-5.40004
-7.6401
0.64
0.8
0.82
0.68
0.78
0.7
0.6
0.74
0.82
0.78
0.8
0.82
0.68
0.82
0.82
0.72
0.78
0.76
0.76
0.82
0.82
0.72
0.6
0.82
0.66
0.8
0.8
0.8
0.82
0.76
0.8
0.74
0.8
0.78
0.7
0.66
0.82
0.8
0.8
0.8
0.74
0.54
0.46
0.48
0.68
0.82
0.76
0.82
0.78
0.8
0.78
0.7
0.76
-3.22
-25.4005
0.8
0.82
0.8
0.82
0.78
0.74
0.6
0.76
0.74
0.8
0.72
0.62
0.78
0.82
0.78
0.78
0.6
0.76
0.74
0.82
0.82
0.78
0.72
0.8
0.76
0.82
0.82
0.8
0.8
0.76
0.76
0.8
0.78
0.78
0.7
0.68
0.8
0.78
0.82
0.48
0.46
0.76
0.68
0.82
0.78
0.78
0.74
0.7
0.78
0.82
0.78
0.82
0.72
0.8
0.76
0.78
-2.98
-27.7406
0.78
-8.34008
0.76
0.78
0.76
0.8
0.82
0.78
0.8
0.66
0.76
0.82
0.8
0.8
0.8
0.8
0.82
0.74
0.8
-3.64001
-7.4001
0.74
0.82
0.82
0.8
0.82
0.74
0.66
0.8
0.7
0.8
-7.34007
-12.9202
0.56
0.74
0.76
0.82
0.64
0.36
0.8
0.8
0.8
0.78
-8.40004
-2.88
0.76
0.72
0.76
0.82
0.78
0.8
0.74
0.8
0.6
0.82
0.82
0.76
0.8
0.82
0.8
0.82
0.8
0.8
0.82
0.8
0.78
0.78
-0.959999
-11.5002
0.8
0.82
0.76
0.8
0.72
0.36
0.8
0.72
-3.86
-4.50003
0.78
0.8
-0.699999
-1.66
0.78
0.76
0.8
0.8
0.8
0.68
0.76
0.8
0.82
0.82
0.8
0.34
0.82
0.78
0.78
0.34
0.76
0.78
0.74
0.78
0.8
0.66
0.8
0.76
0.8
0.78
0.76
0.78
0.76
0.82
0.78
0.78
0.78
0.8
0.78
0.78
0.78
0.74
0.54
0.54
0.82
0.8
0.72
0.82
0.82
0.78
0.82
0.8
-1.4
0.78
0.78
0.82
0.72
0.82
0.82
0.78
0.82
0.7
0.8
0.8
0.26
-2.96
-4.08002
0.78
0.82
0.74
0.8
0.76
0.82
0.82
0.8
0.82
0.8
0.82
0.82
0.78
0.76
0.82
0.74
0.78
0.8
0.56
0.76
0.82
0.76
0.76
0.82
0.56
0.8
0.74
0.74
0.76
0.8
0.8
0.8
0.8
0.74
0.76
0.78
0.82
0.78
0.8
0.78
0.74
0.8
-4.08002
-14.7602
-4.58001
0.82
0.8
0.76
0.82
0.68
0.78
0.8
0.7
0.78
0.82
0.72
0.82
0.8
-3.12
-14.6603
0.8
0.74
0.8
0.78
0.58
0.8
0.76
0.74
0.82
0.82
0.8
0.82
0.72
0.8
-0.399999
-3
-12.9402
-1.74
-4.46001
0.78
0.82
0.78
0.82
0.78
0.8
0.8
0.78
0.78
0.82
0.82
0.22
0.82
0.8
0.72
0.72
-3.28
-8.64013
-17.5003
0.82
0.8
0.82
0.74
0.82
0.78
0.82
0.82
0.78
0.74
0.82
0.82
0.82
0.8
0.78
0.74
0.82
0.82
0.78
0.78
0.82
0.8
0.82
0.8
0.8
0.8
0.78
0.82
0.78
0.8
0.82
0.78
0.74
0.8
0.8
0.78
0.82
0.78
0.76
0.8
0.82
0.82
0.78
0.64
0.8
0.82
0.78
0.82
0.8
0.8
-2.42
-12.7802
0.74
0.82
0.78
0.8
0.8
0.8
0.74
0.8
0.78
-0.979999
-12.6002
0.82
0.82
0.8
0.78
0.8
0.82
0.82
0.64
0.78
0.8
0.76
0.82
0.78
0.8
0.8
0.82
0.82
0.82
0.82
0.82
0.82
0.82
-2.58
-5.76006
0.78
0.76
0.82
0.72
0.82
0.82
0.82
0.76
0.82
0.8
0.82
0.76
0.78
0.76
0.82
0.8
0.8
0.72
0.82
0.78
0.82
0.78
0.82
0.78
0.78
0.8
0.78
0.82
0.82
0.78
0.8
0.78
0.76
0.8
0.78
0.82
0.78
0.76
0.78
0.78
0.76
0.78
0.8
-3.88001
-1.62
0.8
0.8
0.82
0.78
0.82
0.7
-17.2203
0.82
0.78
0.78
0.82
-3.42001
-32.1605
0.8
0.78
0.76
0.76
0.78
0.78
0.74
0.64
0.8
0.8
0.82
0.82
0.78
0.8
0.78
0.76
0.74
0.76
0.78
0.78
-4.74003
-1.76
-15.4003
0.82
0.76
0.76
0.76
0.78
0.82
0.82
0.8
-3.42
-9.44014
0.8
0.8
0.8
-7.20008
-18.5003
0.78
0.8
0.82
0.8
0.82
0.8
0.76
0.74
0.82
0.82
0.82
0.8
0.8
0.8
0.78
0.8
0.8
0.82
0.82
0.8
-2.26
-10.2601
0.82
-6.00006
-4.46003
0.82
0.8
0.82
0.8
0.72
0.78
0.76
0.78
0.8
-3.46001
-9.38014
0.8
0.76
0.8
0.82
0.8
0.82
0.76
0.82
0.82
-6.82008
-4.14002
0.8
0.8
0.74
0.82
0.82
0.78
0.8
0.78
0.8
0.76
0.78
0.74
0.8
0.82
0.78
0.72
0.8
0.8
0.8
0.8
0.78
0.82
-11.1601
-1.66
0.78
0.78
0.8
0.78
0.74
0.8
0.8
0.78
0.82
0.6
0.78
-3.86001
-15.6403
0.0200005
-0.159999
0.78
0.76
0.7
0.76
0.8
0.82
-3.06
-7.24009
-2.22
-1.7
0.82
0.78
0.8
0.74
0.7
0.72
0.68
0.76
0.8
0.82
0.82
0.82
-2.7
-3.26
0.82
0.8
0.78
0.82
0.78
0.82
0.76
0.78
0.8
0.82
0.78
0.76
0.78
-0.799999
-16.9203
-12.2602
-4.94004
-2.44
0.76
0.76
0.82
0.76
0.76
0.76
0.82
0.8
0.72
0.8
0.8
0.8
0.82
-3.38
-3.76001
0.8
0.8
0.56
0.74
0.8
0.78
0.82
0.76
0.82
0.82
0.74
0.8
0.76
-9.98016
0.78
0.82
0.82
0.82
0.78
0.82
-6.56006
-13.7602
0.82
0.82
0.8
0.82
0.74
0.72
0.3
0.8
0.56
0.8
0.8
0.78
0.82
0.76
0.82
0.76
0.7
0.78
0.76
0.56
0.76
0.82
0.82
0.8
0.72
0.8
0.72
0.82
0.78
-3.72001
-9.20014
0.78
0.8
-0.239999
-2.94
-13.2402
0.72
0.140001
0.78
0.82
0.56
0.8
-5.80005
-11.4202
0.8
0.74
0.72
0.8
-8.46004
0.74
0.78
0.82
-7.08002
-4.50002
0.76
-0.699999
-13.9402
0.78
0.78
0.76
0.78
0.78
0.78
0.42
0.82
0.68
0.78
0.66
0.76
0.7
0.78
0.62
0.8
0.82
0.82
0.76
0.78
0.82
0.76
0.66
0.72
0.56
0.82
0.68
0.82
0.4
0.82
0.8
0.78
0.76
0.76
0.74
0.8
0.76
0.82
0.74
0.8
0.82
-0.719999
-9.88015
-10.4802
-0.659999
0.82
-9.40006
0.72
-9.04013
0.7
0.8
0.8
0.8
0.78
0.76
-0.279999
0.68
0.82
0.82
0.76
0.180001
0.72
0.54
0.78
0.78
0.82
0.78
0.82
0.76
0.8
0.78
0.74
0.78
0.8
0.8
0.78
0.76
0.74
0.82
0.74
0.76
0.82
0.76
0.76
0.8
0.56
0.5
0.82
0.76
0.72
0.72
-2.5
-7.96011
-15.7002
0.78
0.74
0.78
0.8
0.82
0.78
0.66
0.8
0.7
0.82
0.74
-3.28
-8.96013
0.82
0.82
0.74
-17.9003
0.82
0.78
0.78
0.8
0.78
-1.3
-9.84015
-1.2
0.82
0.72
0.56
0.82
0.8
0.8
0.82
0.76
0.82
-2.64
-1.94
0.5
0.82
0.74
0.76
0.8
-4.60003
-5.78005
0.72
0.82
0.82
0.72
0.8
0.82
0.7
0.82
0.78
0.76
0.78
0.82
0.82
0.78
0.74
0.72
0.82
0.78
0.76
0.8
0.82
0.52
0.82
0.56
0.8
0.8
0.8
0.82
0.8
0.8
0.76
0.8
0.82
0.76
0.82
0.7
0.76
-1.4
0.78
0.64
0.72
0.8
0.82
0.78
0.8
0.76
-6.30004
-5.24005
0.78
0.78
0.78
0.82
0.78
0.82
0.82
0.78
-1.72
0.82
0.82
0.78
-0.999999
-6.28007
0.78
0.7
0.8
0.8
0.78
0.76
0.68
0.8
0.82
0.8
0.82
0.76
0.82
0.78
0.78
0.82
0.8
0.78
0.78
0.8
0.74
0.82
0.8
0.78
0.8
0.74
0.8
0.78
0.8
0.64
0.82
0.82
0.82
0.82
0.8
0.8
0.82
0.74
0.8
0.8
0.78
-3.70001
-12.2002
0.8
0.8
0.78
0.78
0.78
-1.5
-8.98011
0.76
0.82
0.8
0.78
0.6
0.54
0.7
0.64
0.82
0.8
0.7
0.82
0.82
0.78
0.8
0.78
0.64
0.78
0.72
0.74
0.72
0.82
-1.84
-2.42
0.8
0.8
0.78
0.82
0.82
0.8
0.82
0.8
0.74
0.82
0.72
0.82
0.8
0.82
0.82
0.8
0.8
-2.72
0.72
0.8
0.74
0.78
0.82
0.68
0.8
0.82
0.52
-3.76001
-7.8201
-0.719999
0.78
0.78
0.82
0.8
0.8
0.72
0.8
0.8
0.8
0.8
0.8
0.82
0.82
0.76
0.82
0.8
0.78
0.8
0.74
0.82
0.8
0.82
0.8
0.76
0.78
0.74
0.82
0.82
0.8
0.78
0.78
0.82
0.82
0.76
0.76
0.58
0.78
0.82
0.72
0.78
0.52
0.82
0.78
0.8
0.78
0.78
0.82
0.64
0.74
0.82
0.64
0.76
0.78
0.72
0.8
-2.16
-2.76
-20.4803
-11.0401
0.82
-1.88
0.82
0.82
0.78
0.76
0.8
0.78
0.76
0.7
0.76
0.82
0.78
0.82
0.82
0.82
0.8
0.8
0.82
0.78
-1.66
0.52
0.58
0.72
0.76
0.76
0.76
0.8
0.8
0.58
0.78
0.82
0.8
0.76
0.8
0.76
0.8
0.8
0.82
0.78
-2.3
-10.2202
0.82
0.78
-0.939999
-3.2
0.8
0.74
0.76
0.74
0.76
0.76
0.8
0.8
0.82
0.78
0.8
0.82
0.8
0.8
-3.78001
-9.76015
0.82
-0.939999
-16.0402
0.7
0.82
0.8
0.82
0.8
0.74
0.44
0.68
0.76
0.8
0.82
0.76
0.8
0.82
0.8
-2.76
-7.6401
0.74
0.82
0.8
0.8
0.8
0.78
0.78
0.8
0.78
0.78
0.82
0.8
0.82
0.76
-15.7603
0.78
0.82
0.74
0.78
0.78
0.82
0.82
0.48
0.76
0.8
0.76
0.8
0.78
0.78
0.8
0.82
0.8
0.8
0.8
0.82
0.78
0.82
0.7
0.8
0.82
0.78
0.76
0.6
0.8
0.74
0.76
0.78
-3.44001
-5.86006
0.8
0.8
0.82
0.78
0.82
0.78
0.82
-4.18002
-15.0003
0.78
0.8
0.8
-2.62
0.6
0.76
0.74
0.82
0.82
0.82
0.8
0.76
0.76
0.82
0.8
0.8
0.8
0.82
-4.64003
-1.18
0.82
0.74
0.8
0.74
0.8
0.66
0.44
0.82
0.8
0.8
0.78
0.74
0.82
0.8
0.74
-5.76004
0.52
-13.5402
-7.5401
0.82
0.78
0.74
0.82
0.8
0.82
0.82
0.78
0.82
0.74
0.82
0.8
0.8
0.8
0.8
0.82
0.8
0.8
0.78
0.78
-0.759999
-12.2002
-2.22
-2.46
0.82
0.78
0.8
0.78
0.8
0.8
0.76
0.78
0.8
0.78
0.82
0.82
0.74
0.74
0.62
0.82
0.78
0.8
0.74
0.8
0.8
-3.76001
-11.3002
-0.459999
0.56
0.82
0.78
0.76
0.74
0.8
0.78
0.82
0.68
0.8
0.78
0.78
0.78
0.76
0.72
0.82
0.8
0.76
0.52
0.78
0.8
0.74
0.82
0.8
0.82
0.8
0.78
0.82
0.8
0.8
-2.92
-9.22012
-12.8602
-3.46
-4.60002
0.8
0.82
0.8
-14.5402
0.82
0.8
0.8
0.78
0.78
0.76
-8.28011
0.76
0.78
0.82
0.8
0.78
0.78
0.76
0.78
0.8
0.8
0.82
0.78
0.82
0.82
0.8
0.78
0.8
0.82
0.82
0.82
0.76
-1.14
-8.10011
-14.1402
-29.0806
-10.1602
0.74
0.82
0.76
0.74
0.82
0.76
0.78
0.78
0.82
-2.6
-10.6202
0.74
-2.36
-3.42
0.64
0.7
0.82
0.78
0.8
0.72
0.78
0.54
0.8
0.78
0.78
0.78
0.78
0.8
0.78
0.78
0.82
0.76
0.8
0.62
0.76
0.8
0.8
0.82
0.76
0.82
0.82
0.82
0.82
0.82
0.82
0.8
0.78
0.8
0.8
0.8
-2.8
-8.88013
0.78
0.8
0.8
0.82
0.8
0.78
0.72
0.82
0.76
0.76
0.8
0.78
0.78
0.8
0.74
0.8
0.82
0.78
0.8
0.82
0.78
0.76
0.82
0.8
0.82
0.76
0.8
0.74
0.76
0.82
0.76
0.74
0.8
0.8
-0.0599996
0.82
0.78
0.78
-2.56
-7.06009
0.54
0.8
0.76
-7.50009
0.8
0.74
-3.06
0.7
0.76
0.82
0.82
0.82
0.76
0.8
0.72
0.82
0.76
0.8
0.82
-3.48001
-5.68005
-0.399999
-0.399999
0.8
0.8
0.82
0.82
0.82
0.82
0.82
0.82
0.78
0.78
0.78
0.72
-7.44009
0.82
0.82
0.82
0.78
0.74
0.82
0.8
-2.26
-3.28
0.64
0.82
0.82
0.8
0.78
-12.6801
-2.86
0.8
0.8
0.76
0.52
-8.36003
-0.539999
-1.26
-6.68002
0.32
0.8
0.76
0.76
0.82
0.82
0.76
0.6
0.74
0.82
0.76
0.74
0.7
0.8
0.76
0.76
0.82
0.8
0.8
0.8
0.82
0.76
0.82
0.78
0.72
0.8
0.82
0.82
0.7
0.82
0.8
0.78
0.8
0.82
0.72
0.78
0.66
0.64
0.8
0.8
0.74
0.8
0.78
0.78
0.78
-5.88005
0.12
0.82
0.8
0.8
0.82
0.82
0.7
0.82
0.82
0.8
0.82
0.8
0.82
0.8
0.8
0.82
0.76
-8.80008
-2.72
-17.2603
-13.7802
-21.4404
-3.18
-18.6003
-4.82
-7.54001
-7.18004
-6.76003
-8.28011
-4.06
0.82
0.82
0.8
0.8
0.78
0.78
-19.7403
-3.24
-2.14
0.62
0.6
0.7
0.76
0.82
0.82
0.78
0.4
-2.74
-29.0005
-9.04013
0.78
0.74
0.8
0.8
0.8
0.82
0.78
0.8
0.8
0.82
0.82
0.82
0.8
0.82
0.82
0.82
0.8
-4.12
-12.2602
0.62
0.78
0.8
0.8
0.82
0.76
0.82
0.78
0.2
0.82
0.5
0.82
0.76
0.72
0.74
0.82
0.82
0.82
0.8
0.8
0.8
0.82
0.8
0.8
0.78
0.7
0.78
0.8
0.8
0.78
0.74
0.8
0.76
0.72
0.78
0.76
0.82
0.82
0.82
0.82
0.82
0.78
0.8
0.78
0.8
0.8
0.8
0.78
0.78
0.78
0.74
0.8
-16.1003
0.76
0.82
0.76
0.82
0.82
0.82
0.82
0.82
0.82
0.78
-6.92004
-11.4802
0.8
0.82
0.8
0.78
0.82
0.82
0.78
0.82
0.7
0.78
0.78
0.82
0.82
0.82
0.76
0.82
0.82
0.82
0.8
0.22
-11.0601
0.68
0.62
0.64
0.78
-14.7402
-12.6401
-12.1001
-12.8202
0.82
0.82
0.82
0.8
0.78
0.8
0.82
0.78
0.8
0.58
0.74
0.64
0.74
0.82
0.36
0.18
0.78
0.82
0.82
0.8
0.76
0.74
0.76
0.82
-27.7205
0.78
0.82
0.72
0.8
0.78
0.78
0.82
0.0400003
0.72
0.8
0.76
0.82
0.8
0.8
0.82
0.82
0.78
0.82
0.82
0.82
0.54
0.82
0.8
0.72
0.82
0.72
0.82
0.78
0.82
0.78
0.82
0.78
0.72
-3.60001
-1.92
0.82
0.82
0.8
0.74
0.82
0.78
0.78
0.78
0.8
0.7
0.82
0.82
0.8
0.8
0.72
0.78
0.8
0.82
0.82
0.8
0.7
0.82
0.82
0.82
0.8
0.8
0.8
0.74
-4.46003
-15.4203
-3.62001
0.48
0.78
0.7
0.82
0.82
0.8
0.82
0.78
0.82
0.82
0.82
0.7
0.82
0.78
0.8
0.82
0.76
0.76
0.8
0.8
0.82
0.82
0.78
-3.4
0.8
0.82
0.82
0.82
0.76
0.8
0.72
0.74
0.74
0.78
-12.0802
0.82
-1.4
-7.72008
0.82
-11.4201
-1.9
0.82
0.8
0.8
0.8
0.82
0.82
0.82
0.8
0.8
0.72
0.8
0.78
0.68
-15.4003
0.64
0.8
0.82
0.8
0.82
0.82
0.8
0.82
0.8
0.82
0.78
0.82
0.8
0.8
0.74
0.74
0.8
0.8
0.8
0.8
0.8
0.8
0.6
-10.9201
-2.18
0.76
0.82
0.82
0.8
0.82
0.8
0.82
0.76
0.82
0.76
0.8
0.74
0.82
0.76
0.82
0.8
0.78
0.78
0.82
0.8
0.8
0.8
0.76
0.8
0.82
0.8
0.8
0.78
0.82
-16.2003
-8.66004
-9.58015
-0.399999
0.82
-2.16
-17.5603
-2.54
-1.76
-16.1402
-1.52
-6.24003
0.8
0.76
0.8
0.8
0.7
0.52
0.74
0.78
0.82
0.76
0.8
-1.3
-5.60005
0.82
0.82
0.82
0.82
0.76
0.76
0.76
0.74
0.82
0.78
0.82
0.82
0.8
0.82
0.82
0.76
0.8
0.78
0.78
0.8
0.8
0.82
0.8
0.76
0.8
0.78
0.76
0.78
0.76
0.8
0.78
0.82
0.8
-3.4
-8.78013
-10.4602
-15.0202
0.8
0.78
0.78
0.78
0.74
0.56
0.82
0.8
0.76
0.78
0.8
0.82
0.8
-5.78003
-10.2001
-0.219999
0.82
0.82
0.78
0.8
0.78
0.78
0.78
-1.68
-2.9
0.82
0.8
0.82
0.76
0.8
-0.599999
-1.78
0.82
0.82
0.82
-3.98
-0.179999
0.82
0.78
0.66
0.82
0.82
0.68
0.52
0.78
0.64
0.74
0.82
0.78
0.76
0.8
0.82
0.8
0.76
0.0800003
-8.92012
0.8
0.78
0.78
0.82
-1.66
-6.80008
0.56
0.8
0.8
-13.3602
0.76
0.78
0.8
0.78
0.74
0.7
0.82
0.76
0.8
0.74
0.76
0.78
0.82
0.82
0.82
0.8
-0.979999
-7.4001
0.78
-2.78
-10.0202
0.32
0.82
0.82
0.74
0.76
0.8
0.8
0.8
0.78
0.8
0.8
0.7
0.8
0.82
0.8
0.78
0.78
0.72
0.8
0.82
0.82
0.82
-3.66001
-7.7401
-0.299999
0.64
0.82
0.82
0.76
0.76
0.82
0.8
0.8
0.82
0.8
0.76
0.82
0.82
-15.7003
-14.5602
-4.52001
0.74
0.78
0.8
0.78
0.82
0.7
0.6
0.72
0.8
0.8
0.78
0.8
0.78
0.8
0.76
0.82
0.74
0.78
0.74
0.8
0.78
0.82
0.82
0.78
0.82
0.8
0.8
0.76
0.8
-5.34004
-10.3002
0.26
0.74
0.82
-2.84
-11.6602
-4.14001
0.82
0.8
0.8
0.8
0.76
0.76
0.76
0.82
0.8
0.82
0.82
0.8
0.8
0.8
0.82
0.8
0.78
0.8
0.82
0.8
0.72
0.72
0.78
0.82
0.82
0.8
0.82
0.82
0.76
0.8
0.82
0.8
0.8
0.82
0.82
0.82
0.7
0.58
0.76
0.82
0.8
0.74
0.5
0.8
-18.1203
-0.559999
-0.639999
0.82
0.66
0.76
0.8
0.82
0.76
0.74
0.74
-4.14
-0.219999
0.8
0.82
0.82
0.78
0.76
0.78
0.76
0.7
0.8
-1.96
-0.939999
0.8
0.76
0.78
0.76
0.8
0.82
0.76
0.78
0.8
0.76
0.74
0.82
0.82
-3.94001
-10.6802
0.78
0.8
0.8
0.82
0.78
0.8
0.7
-1.56
-10.5202
0.8
0.82
0.78
-5.42005
-0.799999
0.8
-0.779999
-10.6402
0.82
0.82
0.82
0.82
0.82
0.8
0.82
0.8
0.82
0.82
0.82
0.72
0.8
0.82
0.82
0.82
0.78
0.82
0.82
0.8
0.82
-3.68001
-3.14
0.7
0.82
0.8
0.82
0.64
0.74
0.6
0.74
0.76
0.78
0.72
0.58
0.78
0.82
-0.839999
-5.24005
0.82
0.72
0.78
0.82
0.82
0.76
-1.36
-11.8002
0.76
0.8
0.72
-5.42002
-3.16
-7.84002
0.78
0.82
0.82
0.82
0.82
0.8
0.78
0.74
0.78
0.82
0.82
0.66
0.78
0.82
0.8
0.78
0.8
0.82
0.74
0.8
0.82
-6.78002
-9.34005
-0.179999
0.8
0.76
0.82
0.78
0.8
0.78
0.82
0.7
0.8
0.68
0.8
0.82
0.8
0.82
0.82
0.82
0.76
0.66
0.8
0.8
0.8
-0.699999
-9.68015
0.76
0.8
0.8
0.76
0.78
0.82
0.8
0.82
0.72
0.8
0.82
0.78
0.82
0.82
-4.02001
-1.88
-1.56
0.8
0.8
0.78
0.78
0.82
0.8
0.8
0.8
0.78
0.76
0.78
0.68
0.78
0.72
0.78
-0.659999
-7.6001
0.8
0.72
0.82
0.8
0.8
0.8
0.82
0.78
0.76
0.74
0.6
0.8
0.82
0.8
0.76
0.76
0.74
0.82
0.7
0.82
-2.56
-10.2402
-8.72012
0.8
0.82
0.82
0.8
0.58
0.8
0.82
0.74
0.8
0.62
0.74
0.78
0.74
0.8
0.82
0.8
0.78
0.76
0.78
0.76
0.82
0.8
0.82
0.82
0.8
0.74
0.8
0.78
0.8
0.82
0.8
0.82
0.82
0.78
-8.00006
-43.3802
-11.0201
0.78
-12.0401
-3.16
-48.26
-3.18
0.82
0.8
0.82
0.82
0.82
0.82
0.8
0.82
0.8
-49.6002
-13.4801
0.8
0.74
0.8
0.8
0.82
0.82
0.78
0.82
0.78
0.78
-7.42004
-1.94
0.78
0.68
0.8
0.8
0.82
0.8
0.82
0.82
0.74
0.78
0.8
0.8
0.82
0.78
0.82
0.8
0.8
0.7
0.82
0.78
0.82
0.68
0.82
0.74
-0.0799993
0.82
0.76
0.76
0.82
0.82
0.82
0.74
0.78
0.74
0.8
0.78
0.8
0.82
0.7
0.8
0.82
0.82
0.8
0.8
0.76
0.74
0.72
-6.28007
0.8
0.82
0.82
0.78
0.76
0.8
-2.66
-3.52001
0.74
0.82
0.8
0.78
0.74
0.76
0.74
0.8
0.76
0.78
0.82
0.78
0.76
0.76
0.82
0.72
0.8
0.8
0.82
0.7
0.78
0.82
0.8
0.8
0.82
0.82
0.8
0.82
0.82
0.8
0.8
0.78
0.8
0.8
0.8
0.8
0.82
0.78
0.82
0.8
0.82
0.78
0.78
0.78
0.82
0.82
0.8
0.72
0.82
0.82
0.8
0.78
0.72
0.82
0.82
0.78
0.7
-4.06001
-7.24009
-36.7802
-25.5805
-13.8002
-5.08
-0.539999
0.72
0.68
0.62
0.74
0.74
0.82
-3.12
-0.0599996
0.74
0.82
0.82
0.82
0.8
0.78
0.78
-1.82
-0.0999995
0.8
0.8
0.78
0.72
0.82
0.82
0.8
0.72
0.78
0.68
0.82
0.82
0.76
0.74
0.82
0.8
0.82
0.76
0.82
0.76
0.8
0.82
0.78
-4.58002
-15.1202
0.82
0.82
0.82
0.78
0.82
0.76
0.78
0.72
0.78
0.8
0.8
0.8
0.76
0.76
0.82
0.8
0.8
-3.18
-4.54003
0.82
0.8
-0.619999
-10.9602
-2.24
0.82
0.82
0.8
0.82
0.82
0.68
0.8
0.82
0.82
0.82
0.72
0.74
0.44
0.76
0.7
0.74
0.76
0.78
0.82
0.8
0.78
0.82
0.82
0.68
0.82
0.8
0.64
0.82
0.82
0.7
0.8
0.78
0.8
0.74
-2.92
-1.08
0.76
0.82
0.74
-1.36
-5.06004
0.78
0.7
0.62
0.76
0.78
0.78
0.78
0.76
0.8
0.82
0.8
-0.319999
-11.5802
-7.00007
0.8
0.78
0.82
0.82
0.8
0.8
0.78
0.8
-3.14
-7.8601
0.8
0.78
0.8
0.64
-7.8201
0.82
0.78
0.8
0.8
0.76
0.76
0.82
0.78
0.8
0.74
0.8
-6.36003
-16.3203
0.82
0.8
0.76
0.82
0.78
0.76
0.8
0.78
0.74
0.8
0.78
0.8
0.76
0.76
0.68
0.78
0.76
0.76
0.7
0.82
-0.839999
-5.86006
0.82
0.78
0.76
0.78
0.78
0.72
0.8
0.66
0.76
0.48
0.72
0.78
0.8
0.8
0.76
0.82
0.8
0.78
0.76
0.8
0.8
0.78
0.82
0.78
0.78
0.68
-0.319999
-26.7205
-9.18005
0.82
0.62
0.8
0.82
0.82
0.82
0.82
0.8
0.76
0.74
0.78
0.78
0.8
-4.48002
-5.76002
-19.5203
-8.34004
0.62
0.82
0.8
0.82
0.82
0.76
0.76
0.8
0.8
0.82
0.82
0.82
0.8
0.74
0.78
0.8
0.8
0.82
0.8
0.78
0.82
0.5
6.55651e-07
0.74
0.82
0.82
0.82
0.82
0.8
0.82
0.8
0.78
-1.06
-11.2602
0.76
0.82
0.82
0.8
0.8
0.82
0.82
0.74
0.82
0.8
0.74
0.8
0.76
0.8
0.76
0.82
0.74
0.72
0.74
0.74
0.8
0.78
0.46
-6.32005
-3.12
0.74
0.76
0.82
0.82
0.78
-3.18
-0.919999
-0.379999
-0.279999
0.8
0.8
0.8
0.82
0.78
0.8
0.8
0.82
0.82
0.78
0.82
-1.18
-4.26003
0.8
0.72
-5.20001
-1.48
0.8
0.82
0.8
0.8
0.82
0.8
0.82
0.74
0.82
0.82
0.66
0.82
0.76
-1.44
-4.70003
0.8
0.76
0.72
0.82
0.82
0.72
0.82
0.8
0.8
0.78
0.78
0.82
0.8
0.66
0.78
0.54
0.72
0.8
0.78
0.8
0.8
0.78
0.8
0.8
0.8
0.78
0.74
0.78
0.82
0.8
0.78
0.82
-4.72002
-4.96
0.64
0.82
0.76
0.8
0.68
0.58
0.78
0.82
0.8
0.8
0.82
0.8
0.82
0.76
0.78
0.82
0.76
0.78
0.82
0.8
0.54
0.78
0.82
0.8
0.66
0.66
0.58
0.6
0.76
0.8
0.82
0.76
0.82
0.68
0.8
-2.98
-3.52001
0.66
0.8
0.8
0.8
0.8
0.8
0.82
0.8
0.78
0.8
-6.06004
-4.58003
0.78
0.78
0.8
0.8
0.82
0.78
0.82
0.82
-6.04001
-0.699999
0.82
0.78
0.82
0.8
0.76
0.68
-3.56001
-8.28011
0.76
0.78
0.8
0.8
0.72
0.76
0.8
0.82
0.82
0.8
0.8
0.78
0.78
0.8
0.82
0.72
0.82
0.8
0.78
0.8
0.78
0.74
0.66
0.76
0.48
0.78
0.76
0.82
0.8
0.82
0.58
0.72
0.78
0.82
-4.84
-12.0602
0.82
0.8
0.8
0.82
0.8
0.82
0.12
-7.02008
0.8
0.76
0.78
0.7
0.82
0.76
0.82
0.82
0.8
0.78
0.74
0.8
0.8
0.82
0.8
0.78
0.8
-2.7
-16.5203
-0.14
-0.999999
0.78
0.78
0.8
0.78
0.7
0.78
0.34
0.64
0.8
0.82
0.78
0.82
0.7
0.64
0.82
0.8
0.74
0.82
0.8
0.76
0.82
0.7
0.8
0.8
0.82
0.78
0.82
0.8
0.78
0.78
0.8
0.82
0.82
0.8
0.78
0.78
0.8
0.82
-0.659999
-13.5202
0.82
0.78
0.66
0.76
0.8
0.8
0.82
0.72
0.82
0.72
0.74
0.82
0.74
0.82
0.76
0.8
0.76
0.8
0.6
0.8
0.78
0.82
0.78
-2.98
-10.0802
0.82
0.82
0.82
0.8
0.82
0.38
0.8
0.76
0.82
0.66
0.82
0.82
0.68
0.8
0.8
0.74
0.8
0.8
0.8
0.82
0.74
0.8
0.7
-2.6
-5.16005
0.76
0.82
0.82
0.82
0.82
0.78
0.82
0.82
0.78
0.78
0.8
-2.12
-9.52015
-14.1203
0.82
0.82
0.76
0.78
0.78
0.82
0.78
0.78
0.8
0.8
0.8
0.8
0.76
0.8
0.76
0.82
0.78
0.74
0.76
0.78
0.82
0.8
0.7
0.82
0.78
0.76
0.82
0.82
0.8
-2.5
-9.58015
0.78
0.76
0.82
0.8
0.68
0.78
0.82
0.8
0.72
0.8
0.78
0.8
0.68
0.7
0.82
0.82
-2.12
-11.3402
0.8
0.72
0.8
0.82
0.8
0.74
0.78
-4.02001
-5.00004
0.82
0.8
0.8
0.82
0.78
0.76
0.78
0.8
0.74
0.76
0.82
0.62
0.74
0.62
0.78
0.82
0.82
0.78
0.76
0.76
0.74
0.78
0.8
0.78
0.8
0.82
0.82
0.74
0.78
0.66
-3.08
-10.2602
0.78
0.8
0.8
0.78
0.7
-6.34002
-1.52
0.6
0.78
0.82
0.78
0.78
-3.16
-0.159999
0.8
0.82
0.8
0.8
0.8
0.82
0.82
0.82
0.78
0.76
0.76
0.78
0.82
0.8
0.72
0.8
-2.66
-1.2
0.82
0.76
0.78
0.82
0.82
0.82
0.82
0.8
0.78
0.64
0.72
0.78
0.76
0.82
-7.22004
-8.70013
0.8
0.78
0.72
0.78
0.78
0.78
0.8
0.8
0.82
0.7
0.82
0.78
0.82
0.82
0.8
0.78
0.8
0.64
0.74
0.66
0.82
0.76
0.82
0.78
0.82
0.8
0.78
0.82
0.82
0.78
0.8
-1.2
-10.9802
0.82
0.82
0.78
0.78
0.8
0.82
0.82
-3.76001
-8.0201
0.74
0.8
0.76
0.78
0.82
0.82
0.8
0.78
0.8
0.82
0.78
0.8
0.78
0.76
0.76
-4.62003
-2.14
0.78
-9.70015
0.74
0.8
0.78
0.82
0.74
0.78
0.78
0.7
0.72
0.8
0.76
0.82
0.82
0.76
0.78
0.8
0.8
0.74
0.76
0.8
0.82
-3.54001
-5.78006
0.72
0.8
0.74
0.8
0.82
0.78
0.82
0.76
0.82
0.62
0.82
0.8
0.8
-4.36002
-10.9602
-0.159999
0.7
0.8
0.8
0.82
0.82
0.76
0.82
0.82
0.8
0.74
0.78
0.76
0.76
0.82
0.8
0.8
0.8
0.82
0.82
0.6
0.82
0.82
0.76
0.7
0.82
0.7
0.82
0.78
0.72
0.8
0.8
0.76
0.8
0.8
0.78
0.82
0.78
0.8
0.78
0.78
0.8
0.78
0.82
0.78
0.76
-2.6
-11.5002
-1.04
0.72
0.76
0.68
0.8
0.78
-3.38001
-10.9402
0.8
0.82
0.82
0.74
0.8
0.82
0.78
0.82
0.82
0.8
0.74
0.74
0.82
0.82
-7.34003
-12.0202
0.76
0.74
-0.699999
-8.30011
0.82
0.78
0.78
0.8
0.8
0.82
0.42
-4.88004
-2.16
0.78
0.82
0.8
0.8
0.74
0.7
0.74
0.82
0.74
0.82
0.82
-4.50001
-7.08008
0.8
0.82
0.78
0.7
0.8
0.78
0.8
0.8
0.8
0.8
0.8
0.8
0.82
0.76
0.82
0.76
0.8
-4.18002
-6.96009
0.8
0.66
0.8
0.8
0.78
0.82
0.8
0.7
-3.50001
-4.84004
0.8
0.76
0.8
0.52
0.68
0.8
0.78
0.82
0.82
0.78
0.82
0.8
0.8
0.8
0.74
0.8
0.82
0.8
0.72
0.8
0.8
0.72
0.78
0.82
0.78
0.76
0.8
0.82
0.78
0.82
0.72
-0.14
-10.0802
0.78
0.8
0.8
0.8
0.8
0.82
-3.98002
-10.0001
0.82
0.82
0.78
0.8
0.8
0.8
0.78
0.82
0.82
0.8
0.76
0.82
0.78
0.8
0.82
0.76
-3.74001
-9.14013
-1.84
-7.10009
0.8
0.82
0.68
0.82
0.78
0.82
-1.68
-0.479999
0.8
0.82
0.8
0.74
0.82
0.8
0.8
0.8
0.76
0.78
0.82
0.78
0.8
0.82
0.82
-6.78006
-0.719999
0.8
0.8
0.8
0.76
0.8
0.76
0.8
0.78
0.72
0.8
0.82
0.8
-2.86
-6.30007
0.8
0.82
0.82
0.74
0.8
0.64
0.82
0.78
0.66
0.8
0.82
0.78
0.7
0.8
0.78
0.66
0.74
0.8
0.78
0.8
0.82
0.82
0.58
0.78
0.82
0.76
0.8
0.66
0.82
0.7
0.82
0.78
0.76
0.82
0.78
0.72
0.68
0.82
0.8
0.82
0.8
0.78
0.82
0.82
0.78
0.8
0.82
0.72
0.8
0.82
0.8
0.62
0.8
0.82
0.8
0.72
0.8
0.8
0.8
0.78
0.76
0.8
0.76
-1.44
-13.2402
0.82
0.82
-0.979999
-5.84006
0.82
0.82
0.76
-1.4
-0.319999
0.78
0.7
0.8
0.82
0.72
0.78
-1.88
-1.5
0.62
0.82
0.8
0.68
0.76
0.82
0.78
0.82
0.8
0.6
0.82
0.66
0.82
0.82
0.82
0.82
0.82
0.82
0.82
0.68
0.78
0.82
0.82
0.8
0.82
0.8
0.74
0.78
0.82
0.76
0.8
0.78
0.78
0.8
0.78
-0.259999
-6.66007
-0.279999
0.78
0.5
0.8
0.76
0.74
-2.8
-4.34003
0.82
0.78
0.78
0.8
0.62
0.8
0.82
0.82
-3.80001
-4.36003
0.78
0.7
-1.84
-2.48
0.78
0.82
0.76
0.74
0.76
0.74
0.78
0.8
0.74
-2.42
-4.48003
-0.839999
0.74
0.7
0.64
0.76
-3.1
-0.199999
0.8
0.82
0.82
0.8
0.74
0.8
0.74
0.74
0.8
-1.78
-6.06006
-1.38
-7.44009
-4.8
0.76
0.78
0.74
0.78
0.8
0.82
0.64
0.72
0.66
0.78
0.8
0.82
0.82
0.78
0.82
0.82
0.8
0.8
0.72
0.8
0.74
0.8
0.8
0.76
0.82
0.8
0.82
0.8
0.68
0.66
0.78
0.82
0.76
0.82
-9.24013
0.8
0.82
0.82
0.82
0.74
0.74
0.8
0.8
0.82
0.7
0.8
-3.50001
-10.0402
-1.1
0.82
0.78
0.8
-3.26
0.16
0.82
0.8
0.72
0.82
-0.18
-11.0802
0.78
0.76
-12.4801
-2.76
0.82
0.8
0.8
0.62
0.78
0.74
0.82
0.7
0.78
0.74
0.8
0.76
0.78
-1.92
-1.5
0.76
0.76
0.8
0.74
0.8
0.74
0.78
0.8
0.8
0.78
0.78
0.78
0.8
0.76
0.74
0.66
0.78
0.82
0.76
-3.54001
-2.98
0.8
0.78
0.74
0.82
0.8
0.76
0.76
-16.9203
-0.559999
-1.5
-10.8001
0.7
0.76
0.76
0.76
0.82
0.76
0.82
0.82
0.8
0.76
-7.48003
-2.88
-3.78
-29.0205
0.82
0.8
0.74
0.78
0.6
0.82
0.82
0.76
0.82
0.82
0.78
0.72
0.78
0.76
0.78
0.74
0.8
0.78
0.82
0.74
0.8
0.76
-1.2
-6.86008
0.8
0.8
0.68
0.8
0.82
0.78
0.82
0.82
0.8
0.82
0.7
0.82
0.72
0.8
0.8
0.78
0.8
0.8
0.64
0.8
0.8
0.82
0.8
0.8
0.8
0.8
0.8
0.82
0.8
-2.92
-8.66013
0.42
-8.14011
0.82
0.8
0.76
0.8
0.76
0.82
0.82
0.82
0.76
0.82
0.8
0.76
0.82
0.62
0.8
0.82
0.82
0.74
0.76
0.82
0.68
0.78
0.8
0.82
0.76
0.8
0.8
0.76
0.78
0.76
0.7
0.8
0.74
0.8
0.8
0.78
0.68
0.74
0.78
0.76
0.78
0.82
0.74
0.64
0.7
0.8
0.8
0.82
0.74
0.8
0.8
0.82
0.82
0.68
-1.64
-0.119999
0.82
0.82
0.76
0.74
0.8
0.82
0.8
0.7
0.82
0.8
0.68
0.82
0.62
0.82
0.82
0.66
0.72
0.82
0.8
0.8
0.82
0.82
0.7
0.76
0.72
0.8
0.74
0.78
0.8
0.66
0.78
0.72
0.8
0.78
0.8
0.76
0.82
0.82
0.76
0.78
0.72
0.82
0.8
0.74
-2.12
-18.0003
-15.4602
0.74
0.8
0.82
0.7
0.82
-2.22
-38.6002
-49.0786
0.78
0.8
0.74
0.78
0.74
0.8
0.78
0.8
0.82
0.74
0.82
0.8
0.78
0.7
0.82
-3.58001
-5.20004
0.82
0.74
0.78
0.82
0.76
0.74
0.82
0.82
0.8
0.76
0.8
0.78
0.7
0.6
0.7
0.8
0.76
0.8
0.8
0.8
0.74
0.74
0.78
0.66
0.8
0.74
0.76
0.82
0.82
0.8
0.74
0.82
0.52
0.76
-1.44
-5.88006
0.82
0.8
0.76
0.82
0.8
0.82
0.8
0.78
0.82
0.72
0.76
0.7
0.8
0.8
0.8
0.74
0.82
0.7
0.82
0.8
0.8
0.72
0.8
0.82
0.82
0.8
0.78
-2.16
-6.24007
0.8
0.82
0.82
0.68
0.82
0.76
0.78
0.8
0.82
0.82
0.82
0.82
0.8
0.78
-1.98
-11.8602
0.8
0.76
-2.5
-8.72012
0.82
0.82
0.8
0.82
0.76
0.8
0.74
0.82
0.74
0.8
0.82
0.72
-4.12002
-13.5202
0.78
0.8
0.76
0.82
0.82
0.8
0.82
0.78
0.82
0.8
-2.2
-0.979999
0.78
0.78
0.8
0.78
0.76
0.82
0.82
0.8
0.78
0.82
0.78
0.8
0.8
0.74
0.82
0.8
0.44
0.72
0.8
0.8
0.82
0.82
0.8
0.8
0.76
0.8
0.82
0.78
0.78
0.82
0.66
0.76
0.7
0.68
0.78
0.82
0.8
0.82
0.82
0.8
0.8
-2.62
0.8
0.8
0.8
0.78
0.8
0.74
0.76
0.78
0.76
0.82
0.8
0.78
0.76
0.82
0.82
0.82
0.82
0.8
0.7
0.8
-2.1
-9.34014
0.8
0.8
0.74
0.82
0.82
0.8
0.82
0.78
-3.2
-0.879999
-0.839999
-2.94
0.74
0.82
0.74
0.78
0.76
-30.9206
-0.419999
0.74
0.82
0.76
0.7
0.78
0.78
0.82
0.76
0.82
0.76
0.68
0.76
-2.1
-17.1403
-8.48005
0.8
0.76
0.76
0.74
0.82
-2.06
-0.259999
0.82
0.82
0.8
0.76
0.8
0.8
0.8
0.76
0.78
0.64
0.8
0.82
-1.02
-8.76012
0.8
-20.5203
-1.22
0.8
0.8
0.82
0.82
0.8
0.82
0.8
0.82
0.8
0.82
0.72
0.8
0.82
0.78
0.76
0.82
0.78
0.82
0.82
0.78
0.8
0.68
0.8
0.82
0.82
0.8
0.8
0.8
0.8
0.8
0.82
0.82
0.76
0.82
0.78
0.74
0.82
0.74
0.8
0.78
0.78
0.74
-1.52
-5.40005
-0.859999
-4.62003
0.8
0.74
0.82
-1.28
-0.699999
0.78
0.82
0.76
0.74
0.8
0.82
0.82
0.8
0.7
0.8
0.8
0.76
0.78
0.8
0.78
0.78
0.82
0.82
0.82
0.82
0.68
0.8
0.78
0.78
0.82
0.8
0.78
0.74
0.78
0.8
0.82
0.82
0.8
0.76
0.8
0.82
0.78
0.8
0.78
0.82
0.64
0.8
0.82
0.82
0.82
0.82
0.82
0.76
0.82
0.78
0.7
0.78
-0.219999
-9.78015
-25.2404
-0.959999
0.74
0.78
0.82
0.8
0.74
0.76
0.76
0.8
0.74
0.7
0.76
0.78
0.78
0.78
0.78
0.78
0.78
0.78
0.72
0.8
0.82
0.8
0.82
0.8
-4.56002
-10.9002
-0.819999
0.76
0.8
0.76
0.78
0.8
0.78
0.6
0.44
-0.899999
-7.80011
0.8
0.76
0.8
0.82
0.82
0.78
0.82
0.82
0.8
0.68
0.76
0.82
0.8
0.78
0.8
0.8
0.74
0.78
-2.88
-5.66006
0.8
0.74
0.8
0.8
0.8
0.78
0.82
0.82
0.78
0.8
0.8
0.8
0.82
0.78
0.82
0.7
0.82
-8.34007
-10.7202
0.8
0.8
0.72
0.78
0.78
0.82
0.82
-0.839999
0.82
-0.819999
-3.06
0.8
0.8
0.8
0.72
0.8
0.76
0.8
0.76
0.76
0.78
0.82
0.82
0.8
0.82
0.76
0.76
0.72
0.8
0.78
0.78
-2.8
-10.2802
0.76
0.8
0.8
0.76
0.6
0.78
0.8
0.8
0.8
0.62
0.8
0.6
-2.72
-5.90006
0.8
0.8
-1.68
-10.2002
0.74
0.7
-4.56
-0.12
0.8
0.78
0.78
0.7
-2.06
-11.0402
0.82
0.8
0.82
0.8
0.82
0.76
0.8
0.62
0.78
0.78
0.82
0.82
0.78
0.7
0.8
0.82
0.78
0.8
0.72
0.82
0.82
0.82
0.8
0.82
0.74
-2.82
-4.52003
0.78
0.76
0.8
0.8
0.82
0.82
0.68
0.82
0.78
0.74
0.78
0.8
0.82
0.74
0.82
0.78
0.82
0.74
0.7
0.78
0.74
0.78
0.8
0.78
0.78
0.78
0.76
0.82
0.76
0.82
0.8
0.82
0.78
-0.0199994
-10.4002
0.8
0.8
0.8
0.82
0.8
0.74
0.8
0.78
0.82
0.78
0.72
0.8
0.82
0.82
0.76
0.82
-2.58
-9.94016
0.82
0.82
0.82
0.82
0.8
0.8
0.82
0.76
0.82
0.68
0.8
0.82
0.82
0.78
0.8
0.78
0.78
0.72
0.78
0.78
0.82
0.8
0.78
0.78
0.8
0.78
0.72
0.7
0.8
0.8
0.78
0.82
0.82
0.8
0.78
0.66
0.68
0.78
0.82
0.8
0.76
0.8
0.78
0.82
0.82
0.8
0.72
0.76
0.72
0.82
0.76
0.8
0.8
0.8
0.76
0.8
-2.6
-8.34012
0.76
0.8
-2.08
-8.54006
0.82
0.76
0.74
0.62
0.8
0.82
0.82
0.76
0.76
0.78
0.76
0.72
0.82
0.74
0.78
0.78
0.56
0.82
0.82
0.78
0.82
0.82
0.8
0.8
0.8
0.72
0.8
0.82
0.78
0.8
0.82
0.8
0.82
0.7
0.82
0.8
0.8
0.78
0.72
0.82
0.74
0.8
0.74
0.8
0.76
0.82
0.82
-2.54
-8.72013
0.8
0.82
0.78
0.8
0.82
0.78
0.8
0.82
0.78
-19.8403
0.8
0.74
0.82
0.32
0.0600004
0.68
0.68
0.74
0.7
-1.76
0.76
0.66
0.76
0.78
0.7
0.82
0.78
0.82
0.76
0.82
0.78
0.72
-9.18007
-0.319999
0.82
0.76
0.78
0.8
0.8
0.72
0.8
0.68
0.8
0.74
0.82
0.8
0.82
0.8
0.8
0.8
0.8
0.78
0.8
0.66
0.82
0.8
0.76
0.82
0.76
0.78
0.78
0.8
0.82
0.78
0.8
0.82
0.8
0.8
0.8
0.78
0.78
0.8
0.76
0.82
0.8
0.8
0.78
0.82
0.8
0.78
0.76
-0.359999
-8.32012
0.74
0.8
0.78
0.82
0.82
0.82
0.78
-2.44
-10.7002
0.78
0.76
0.76
0.82
0.8
0.78
0.82
0.78
0.8
0.82
0.78
0.78
0.76
0.8
0.82
0.82
0.8
0.82
0.8
0.8
0.76
0.78
0.7
0.8
-1.68
-9.18013
-0.339999
0.8
0.78
0.8
0.8
0.8
0.74
0.78
0.78
0.78
0.8
0.76
0.74
0.82
0.82
0.82
0.74
0.78
0.8
0.72
0.8
0.74
0.8
0.78
0.78
0.78
0.76
0.8
0.8
0.76
0.8
0.78
0.82
0.74
0.76
0.8
0.8
0.74
0.76
0.82
-2.32
-9.86015
-5.18003
-0.539999
0.78
0.82
0.7
0.8
-2.04
-1.46
0.74
0.82
0.82
0.8
0.82
0.82
0.82
0.82
0.82
0.74
0.82
0.8
0.78
0.78
0.76
0.82
0.8
0.8
0.8
0.8
0.76
0.82
0.72
0.8
0.72
0.74
0.8
0.78
0.8
0.72
0.82
0.82
0.82
0.82
0.72
0.78
0.82
0.8
0.78
0.8
0.8
0.82
0.8
0.8
0.82
0.76
0.82
0.76
0.8
0.8
0.82
0.74
0.82
0.78
0.82
0.64
0.78
0.78
0.82
0.76
-2.68
-15.4003
-0.859999
0.78
0.72
0.82
0.82
0.78
0.7
0.8
0.82
0.74
0.8
0.78
0.78
0.74
0.8
0.78
0.72
0.82
0.7
0.74
0.8
0.78
0.82
0.8
-3.26
-11.5802
0.78
0.82
0.68
0.76
0.7
0.68
0.74
0.78
0.8
0.76
0.78
0.76
-3
-3.82001
0.8
0.82
0.82
0.8
0.8
0.78
0.78
0.82
0.78
0.78
0.72
0.76
0.7
0.82
0.76
0.82
0.82
0.78
0.8
0.82
0.8
0.8
0.78
0.78
0.8
0.78
0.82
0.8
0.8
0.78
0.78
0.82
0.82
0.8
0.78
0.82
0.76
0.8
-2.96
-11.3002
0.78
0.8
0.66
0.78
0.8
0.82
0.78
0.82
0.82
0.8
0.82
0.82
0.8
0.8
0.78
0.78
0.76
0.8
0.8
0.8
0.8
0.8
0.8
0.78
0.82
0.8
0.8
0.82
0.82
0.78
0.8
0.76
0.76
0.76
0.8
0.8
0.82
0.82
0.8
0.8
0.78
0.78
0.78
0.74
0.76
0.76
0.8
0.8
0.8
0.8
0.78
0.76
0.76
0.8
0.74
0.76
0.76
0.82
0.72
0.76
0.78
0.78
-3.16
-11.9402
0.8
0.8
0.76
0.76
0.8
0.8
0.68
0.8
0.78
0.76
0.8
0.82
0.82
0.8
0.78
0.7
0.68
0.78
0.76
0.8
0.68
0.82
0.8
0.82
0.8
0.74
0.68
0.82
0.74
0.78
0.82
0.82
0.76
0.8
0.8
0.8
0.78
0.8
0.78
0.76
0.72
0.74
0.8
0.8
-2.1
-0.419999
0.82
0.8
0.82
0.78
0.82
0.8
0.82
0.76
0.78
0.8
0.82
0.82
0.78
0.82
0.78
0.78
0.78
0.82
-1.82
-11.9802
-6.26007
-0.219999
0.78
0.8
0.76
0.78
0.8
-4.04
-0.499999
0.78
0.76
-2.34
-0.399999
0.82
0.8
0.76
0.78
-1.86
-0.839999
0.72
0.76
0.8
0.78
0.8
0.76
0.8
0.78
0.78
0.78
0.78
0.78
0.82
0.82
0.74
0.82
0.76
0.8
0.8
0.78
0.82
0.82
0.8
0.82
0.82
0.8
0.68
0.78
-5.60002
-12.0402
-1.72
0.78
0.78
0.82
0.82
0.78
0.78
-13.3202
-1.02
0.82
0.8
0.78
0.82
0.78
0.8
-3.58001
-5.42005
0.76
0.82
0.76
0.82
0.74
0.8
0.8
0.76
0.8
0.76
0.72
0.76
0.82
0.78
0.82
0.8
0.76
0.82
0.66
0.82
0.78
0.78
0.68
0.82
0.76
-2.7
-10.4202
0.8
0.82
0.82
0.78
0.78
0.8
0.78
0.72
0.8
0.74
0.8
0.76
0.76
0.8
0.7
0.74
0.78
0.7
0.82
0.76
0.8
0.78
0.8
0.82
0.7
0.74
-3.04
-11.1202
0.76
0.82
0.78
0.82
0.8
0.68
0.78
0.78
0.8
0.82
0.8
0.82
0.82
0.82
0.76
0.8
0.82
0.8
0.8
-1.32
-9.10014
0.78
0.8
0.82
0.76
0.82
0.8
0.78
0.78
0.7
0.82
-1.38
-8.68013
-0.319999
0.8
0.82
0.76
0.78
0.82
0.8
0.76
-4.58002
0.58
0.58
-1.2
-11.1802
0.78
0.82
0.8
0.8
0.76
0.78
0.82
0.8
0.78
0.76
0.82
0.82
0.82
0.76
0.82
0.7
0.82
0.82
0.78
0.8
0.8
0.78
0.78
0.8
0.78
0.78
0.74
0.62
0.8
0.76
0.78
0.8
0.8
0.8
0.78
0.82
0.8
0.78
0.8
0.82
0.82
0.8
0.8
0.82
0.72
0.76
0.78
0.82
0.78
0.82
0.82
-1.38
-7.6201
0.78
0.8
0.82
0.76
0.7
0.8
0.78
0.78
0.82
0.8
0.78
0.74
0.8
-0.499999
-7.7401
0.8
0.8
0.78
0.82
0.76
0.78
0.74
0.82
-1.8
-0.0599995
0.78
0.8
0.82
0.8
0.78
0.78
0.82
0.8
0.8
0.8
0.78
0.74
0.82
0.8
0.8
0.82
0.8
0.82
0.8
0.72
0.78
0.76
0.8
0.76
0.82
0.8
0.8
0.8
0.8
0.78
0.82
0.82
0.82
0.8
0.7
0.6
0.48
0.76
0.82
0.82
0.82
0.82
0.78
0.8
0.82
0.78
0.8
0.82
0.76
0.8
0.8
0.8
0.8
0.82
0.74
0.8
0.78
0.8
0.8
0.78
0.8
0.82
0.8
0.78
0.82
0.78
0.82
0.8
0.76
0.72
0.68
0.78
0.82
0.56
0.78
0.76
0.82
0.78
0.82
0.76
0.8
0.82
0.8
0.66
0.8
0.8
0.72
0.8
0.8
0.8
0.76
0.8
0.8
0.82
0.68
0.74
0.76
-0.439999
-6.90009
-0.699999
-9.10014
-2.04
-21.8803
-1.32
-0.279999
-2.96
-2.7
-0.179999
0.8
0.82
0.78
0.82
0.78
0.72
0.8
0.78
0.82
0.78
0.8
0.8
0.78
0.8
0.82
0.76
0.8
0.82
0.82
-3.36
-1.1
0.8
0.76
0.8
0.8
0.8
0.8
0.74
0.8
0.72
0.82
0.7
-0.479999
0.8
0.8
0.76
0.74
0.8
0.8
0.64
0.78
0.82
0.82
0.76
0.8
0.82
0.78
0.82
0.82
0.78
-2.26
-11.5202
0.8
0.8
0.32
0.76
0.72
0.8
0.74
0.82
0.78
0.82
0.76
-3.42
-6.30007
0.74
-1.3
-2.94
0.78
0.82
-6.24002
-2.56
0.82
0.78
0.72
0.82
-5
-2.58
0.82
0.8
0.78
0.8
0.78
0.78
0.82
-2.02
-0.559999
0.8
0.8
0.8
0.82
0.8
0.8
0.78
0.78
0.78
0.74
0.78
-5.26005
-0.559999
0.78
0.82
0.74
0.82
0.8
0.8
0.8
0.8
0.8
0.78
0.82
0.78
0.82
0.8
0.8
0.8
0.8
0.82
0.78
0.82
0.78
0.78
0.82
0.78
0.82
0.8
0.8
0.8
0.82
0.8
0.78
0.8
0.74
0.82
0.8
0.8
0.78
0.82
0.76
0.78
0.82
0.76
0.8
0.82
0.74
0.8
0.76
0.74
0.76
0.72
0.76
0.82
0.76
0.76
0.82
0.82
0.78
0.8
0.76
0.8
0.78
0.78
0.8
0.82
0.8
0.8
0.82
0.82
-2.02
-9.04013
-49.06
0.78
0.82
0.8
0.8
0.78
0.78
0.8
0.74
0.8
0.78
0.82
0.48
0.8
0.74
0.8
0.82
-1.84
-2.8
-10.2202
0.8
0.76
0.8
0.8
0.78
0.82
0.76
0.78
0.8
0.82
0.82
0.78
0.78
0.76
0.78
0.8
0.8
0.82
0.8
0.76
0.78
0.78
0.76
0.82
0.8
0.82
0.8
0.82
0.82
0.8
0.8
0.78
0.78
0.8
0.68
0.82
0.76
0.74
0.74
0.76
0.76
0.82
0.82
0.82
0.82
0.78
0.7
0.82
0.78
0.82
0.76
0.78
0.7
0.82
0.74
0.8
0.8
0.72
0.78
0.82
0.8
-1.66
-8.70013
-1.76
0.82
0.8
0.82
0.8
0.78
-16.0803
-2.58
-1.4
-0.599999
0.78
0.82
0.8
0.82
0.82
0.8
0.8
0.8
0.76
0.8
0.82
0.82
0.78
0.78
0.82
0.82
0.8
-3.18
-7.6801
0.8
0.78
0.82
0.78
0.68
0.82
0.76
0.82
0.8
0.82
0.78
0.66
0.78
0.76
0.76
0.78
0.8
0.8
0.82
0.8
0.78
0.7
0.76
0.82
0.82
0.82
0.82
0.82
-0.559999
-9.62015
0.82
0.74
0.78
0.8
0.82
0.78
-1.56
-5.52005
0.8
0.78
0.8
0.82
0.7
0.78
0.8
0.8
0.8
0.82
0.74
0.78
0.76
0.78
0.8
0.78
0.82
0.82
0.76
0.74
0.74
0.8
0.8
0.82
0.82
0.78
0.76
0.78
0.78
0.78
0.82
0.8
0.78
0.8
0.8
0.74
0.82
0.74
0.78
-1.5
-9.04013
0.66
0.82
0.78
0.78
0.76
0.82
0.8
0.82
0.78
0.82
-1.08
-5.86006
0.8
0.82
0.78
0.8
0.8
0.82
0.74
0.82
0.82
0.78
0.8
0.8
0.8
0.7
0.82
0.72
0.82
0.78
0.8
0.8
0.8
0.78
0.74
0.82
0.78
0.78
0.8
0.76
0.82
0.82
0.76
0.76
0.8
0.76
0.8
0.8
0.82
0.8
-2.88
-6.14007
0.74
0.82
0.78
0.8
0.78
0.76
0.76
0.78
0.82
0.82
0.8
0.8
0.82
0.82
0.76
0.8
0.8
0.78
0.76
0.78
0.8
0.82
0.76
0.6
-0.619999
-10.1402
0.74
-9.02007
-2.38
0.76
0.140001
-12.5402
0.8
0.82
0.8
0.82
0.78
0.72
0.76
0.8
0.78
0.78
0.68
0.8
0.82
0.82
0.8
0.8
0.78
0.78
0.68
0.8
0.74
0.68
0.8
0.74
0.82
0.8
0.8
0.8
0.78
0.8
0.8
0.82
0.76
0.78
0.8
-1.52
-0.919999
0.76
0.78
0.82
0.82
0.82
0.78
0.8
0.82
0.8
0.78
0.82
0.76
0.78
0.82
0.8
-2.3
-13.4802
0.8
0.82
0.8
0.76
0.72
0.82
0.74
-0.519999
-7.5601
0.8
0.82
0.78
0.82
0.82
0.8
0.8
0.8
0.82
0.76
0.74
-2.76
-9.04013
0.72
0.82
0.74
0.78
0.72
0.82
0.76
0.76
0.82
0.8
0.82
0.76
0.82
0.8
0.8
0.8
0.82
-1.66
-11.8202
0.82
0.78
0.8
0.7
0.76
0.82
0.8
0.76
0.82
0.78
0.78
0.62
0.8
0.74
0.76
0.8
0.8
0.78
0.78
0.78
0.78
0.8
0.78
0.82
0.82
0.8
-2.94
-7.28009
0.82
0.8
0.8
0.82
0.78
0.78
0.78
0.78
0.82
0.82
0.8
0.8
0.78
0.78
0.82
0.74
0.8
0.78
0.78
0.78
0.8
0.78
0.78
0.82
0.78
0.8
0.78
0.8
0.82
0.74
0.8
0.8
0.82
0.78
0.8
0.8
0.82
0.78
0.76
0.82
0.8
0.82
0.78
0.78
0.74
0.8
0.78
0.8
0.8
0.76
0.82
0.78
0.78
0.74
0.72
0.76
-1.16
-0.14
0.82
0.78
-1.6
-13.0202
0.78
0.82
0.82
0.72
0.64
0.76
0.78
0.78
0.78
0.78
0.8
0.8
0.82
0.76
0.78
0.8
0.8
0.82
0.4
0.82
0.78
0.8
0.76
0.8
0.78
0.82
0.74
0.82
0.8
0.8
0.78
0.72
0.82
0.8
0.72
0.82
0.78
0.74
0.8
0.76
0.82
0.8
0.8
0.8
0.8
0.82
0.74
0.8
0.82
0.8
0.82
0.78
-1.54
-9.54015
0.8
0.82
0.78
0.76
0.8
0.82
0.8
0.82
0.82
0.8
0.8
0.8
0.82
0.78
0.82
0.8
0.78
0.7
0.74
0.78
0.82
0.8
0.8
0.78
0.78
0.76
0.76
0.82
0.74
0.72
0.8
-7.62002
-6.94008
0.82
0.8
0.78
-1.06
-9.54015
0.74
0.78
0.76
0.82
0.8
0.8
0.8
-2.78
-1.6
0.8
0.8
0.78
0.8
0.78
0.76
0.78
0.8
0.76
0.8
0.78
0.82
0.74
0.8
0.82
0.78
-3.36
-9.38014
0.82
0.82
0.8
0.8
0.8
-1.36
-0.219999
0.82
-1.08
4.17233e-07
0.82
0.74
0.78
0.82
0.8
0.78
0.76
0.78
0.8
0.8
0.7
0.8
-1.6
-6.26007
0.78
0.78
0.76
0.8
0.82
0.8
0.82
0.78
0.82
0.82
0.8
0.82
0.8
0.78
0.78
0.8
0.82
0.7
0.76
0.76
0.78
0.8
0.78
0.76
0.76
0.8
0.82
0.8
0.82
0.78
0.8
0.72
-3.22
-9.36014
0.82
0.8
0.82
0.82
0.8
0.7
0.78
0.8
0.8
0.8
0.7
0.82
0.76
0.82
0.76
0.78
0.76
0.7
0.78
0.82
0.72
0.68
0.78
0.8
0.82
0.8
0.8
0.82
0.7
0.8
0.8
0.78
0.82
0.76
0.8
0.8
0.76
0.82
0.8
0.76
0.8
0.72
-1.48
-7.4401
0.82
0.78
0.8
0.8
0.76
0.8
0.74
0.8
0.8
-5.18003
-1.04
0.68
0.74
0.82
0.82
0.7
0.76
0.78
0.8
0.74
0.8
0.8
0.76
-1.4
-9.06013
0.8
0.78
0.82
0.82
0.8
0.82
0.8
0.78
0.82
0.82
0.74
0.72
0.8
0.76
0.76
0.78
0.76
-1.78
-6.82008
0.74
0.82
-10.5601
-1.98
0.78
0.72
0.78
0.8
0.74
0.74
0.8
0.8
0.78
0.74
0.8
0.74
0.8
0.8
0.8
0.82
0.76
0.8
0.76
-11.9402
-0.379999
0.76
0.82
0.78
0.8
0.78
0.74
0.82
0.72
0.78
0.82
0.82
0.76
0.76
0.8
0.82
0.78
0.78
0.76
0.74
0.82
0.82
0.82
0.76
0.8
0.8
0.8
0.82
0.78
0.76
0.76
-2.48
-7.6601
0.8
0.74
0.76
0.8
0.8
0.76
-2.62
-4.02002
0.78
0.76
-1.04
0.82
0.8
0.8
0.8
0.82
0.78
0.76
0.78
-1.88
-8.56011
0.76
0.76
0.8
-55.9997
-6.14001
0.82
0.8
0.82
0.72
0.68
0.76
0.74
0.78
0.78
0.68
0.76
0.78
0.8
0.76
0.78
0.76
0.8
0.78
0.76
0.78
0.82
0.82
-5.54005
-1.54
0.82
0.82
0.78
0.7
0.82
-6.32006
-1.24
0.8
0.78
0.76
0.82
0.78
0.8
0.82
0.8
0.78
0.82
0.82
0.76
0.82
0.8
0.82
0.8
0.72
0.78
0.78
-3.02
-10.2802
0.82
0.8
0.8
0.82
0.82
0.76
-1.32
-0.779999
0.8
0.82
0.76
0.82
0.8
0.82
0.76
0.82
0.76
0.82
0.7
0.8
0.82
0.76
0.8
0.78
0.82
-3.28
-5.00004
0.8
0.76
0.8
0.82
0.46
0.66
0.82
0.74
0.74
0.74
0.8
0.54
0.78
0.78
0.78
0.76
0.82
0.76
0.8
0.8
0.78
0.82
0.68
0.82
-2.32
-6.96009
0.8
0.76
0.76
0.52
-3.16
-0.919999
0.8
0.82
0.76
0.82
0.78
-2.62
-5.22004
0.72
0.78
0.8
0.82
0.78
0.8
0.82
0.8
0.76
-2.58
-10.2402
0.82
0.82
0.82
0.8
0.82
0.8
-1.76
-1.14
0.76
0.78
0.78
0.76
0.74
0.82
0.78
0.8
0.82
0.76
0.82
0.76
0.8
0.76
0.74
0.8
0.82
0.78
0.8
0.74
0.76
0.82
0.8
0.76
0.82
0.78
0.78
0.78
0.78
0.8
-2.44
-10.1602
0.74
0.8
0.82
0.8
0.82
0.82
0.82
0.76
0.78
0.82
0.64
0.82
0.72
0.74
-0.899999
-1.24
0.74
0.8
0.8
-0.579999
-10.7802
0.8
0.82
0.78
0.8
0.78
0.78
0.82
0.76
0.78
0.74
-12.1602
-1.86
0.8
0.78
0.78
-0.119999
-0.799999
-0.599999
0.76
0.8
0.8
0.74
0.8
0.8
0.78
0.76
0.82
0.76
-2.18
-11.7202
0.82
0.82
0.82
0.8
0.82
0.78
0.78
0.8
0.78
-2.94
-10.4402
0.8
0.76
0.78
0.82
0.82
0.78
0.8
0.82
0.8
0.8
0.82
0.66
0.78
-25.9005
0.78
0.78
0.8
0.82
0.82
0.8
0.64
0.78
0.78
0.8
0.82
0.78
0.82
0.76
0.78
0.76
0.8
0.78
0.8
0.7
-2.4
-2.62
0.78
0.78
0.82
0.78
0.76
0.78
0.76
-2.78
-11.7202
0.8
0.78
0.8
0.76
0.76
0.8
0.76
0.78
0.7
0.72
0.82
0.78
0.82
0.8
0.82
0.8
-1.36
-19.5803
0.74
0.8
0.8
0.8
0.76
0.82
0.78
0.8
0.78
0.82
0.76
0.62
0.76
0.76
-0.739999
-11.0802
0.74
0.6
0.74
-1.82
-9.80015
-0.759999
-2
0.76
-0.859999
-12.2202
0.76
0.8
0.8
0.8
0.78
0.8
-1.14
-10.8802
-6.34007
0.66
0.72
0.76
0.82
0.78
0.82
0.8
0.72
0.76
0.82
0.8
0.74
0.82
0.78
0.76
0.82
0.78
0.8
0.82
0.82
0.8
0.8
0.78
0.8
0.82
-2.9
-6.94009
0.76
0.76
0.82
0.76
0.74
0.82
0.8
0.82
0.82
0.78
0.78
0.8
0.76
0.82
0.78
-2.2
-10.9002
0.72
-4.56001
-5.22
0.82
0.8
0.82
0.74
0.72
0.78
0.82
0.78
0.64
0.82
0.82
0.78
-2.54
-0.639999
0.78
0.82
0.82
0.8
0.76
0.78
0.8
0.78
0.74
0.74
0.72
0.78
0.76
0.78
-2.46
-12.4202
0.78
0.8
0.76
0.8
0.8
0.76
0.74
0.82
0.74
0.74
0.78
0.8
0.8
0.8
0.82
0.8
0.78
0.78
0.8
0.78
0.78
0.78
0.78
0.72
0.78
0.74
0.76
-3.02
-11.9202
0.82
0.78
0.8
0.78
0.76
-7.3601
0.8
0.76
0.78
0.82
0.82
0.8
0.82
0.76
0.82
0.78
0.82
0.82
0.82
0.64
0.62
0.8
0.82
0.58
0.8
0.8
0.56
0.82
0.8
0.82
0.78
-3.54001
-11.8402
0.82
0.76
0.72
0.8
0.8
0.76
0.58
-1.44
-0.199999
0.78
0.8
0.74
0.78
0.82
0.82
0.82
0.8
0.78
0.7
0.76
0.78
0.78
0.82
0.76
0.74
0.74
0.82
0.74
0.8
0.82
0.72
0.78
0.82
0.76
0.82
0.8
0.82
0.78
0.82
0.76
0.76
0.82
0.76
0.82
0.82
0.66
0.76
0.82
0.74
0.8
0.8
0.82
0.74
0.8
0.82
0.8
0.82
0.74
0.78
-1.92
-11.2002
-7.94002
0.8
0.74
-1.5
-1.76
0.2
0.74
0.76
0.8
0.8
0.78
0.82
0.82
0.76
0.82
0.76
0.74
0.8
0.8
0.82
0.82
0.82
-4.82002
0.8
0.82
0.76
0.76
0.78
0.8
0.56
0.8
0.8
0.76
0.82
0.82
0.8
0.82
0.8
0.8
0.78
0.78
0.78
0.78
0.7
0.8
0.82
0.74
0.76
0.78
0.8
0.8
0.78
0.82
0.82
0.82
0.78
0.82
0.82
0.82
0.78
0.8
0.8
0.8
0.8
0.82
0.78
0.8
-1.72
-17.8003
0.76
0.68
0.8
0.74
0.76
0.7
0.76
0.8
0.78
0.78
0.76
0.8
0.82
0.82
0.82
0.8
0.76
0.74
0.82
0.78
0.76
0.8
0.78
0.82
-3.3
-8.86013
0.8
0.76
0.82
0.78
0.82
0.82
0.8
0.78
0.8
0.76
0.76
-15.3802
0.82
0.82
0.76
0.8
-1.32
-16.9203
0.76
0.8
0.82
0.82
0.82
0.72
0.72
0.82
0.62
0.8
0.78
0.76
0.76
0.8
0.72
0.8
0.8
0.78
0.78
0.82
0.8
0.8
0.78
0.72
0.78
0.82
0.78
0.8
0.78
0.82
0.74
0.72
-2.46
-12.2602
0.82
0.72
0.82
0.78
0.8
0.82
0.82
0.7
0.8
0.78
0.78
0.78
0.76
-1.14
-1.58
0.78
0.78
0.78
0.8
0.8
0.8
0.78
0.76
0.82
0.7
0.68
0.74
0.76
-2.9
-11.8002
0.72
0.8
0.78
0.76
0.82
0.74
0.8
0.8
0.76
0.82
0.82
0.74
0.78
0.78
-3.80001
-5.76006
0.8
0.82
0.82
-1.2
-11.2802
0.8
0.8
0.8
0.82
0.76
0.8
0.82
0.82
0.82
0.82
0.76
0.78
0.82
0.82
0.8
-1.2
-8.54012
0.78
0.8
0.76
0.78
0.78
0.78
0.76
0.78
0.8
0.74
0.78
0.78
0.8
-2.76
-8.70012
0.8
0.82
0.82
0.78
0.8
0.76
0.76
0.8
0.82
0.82
0.74
0.8
0.74
0.82
-2.3
-2.34
0.8
0.8
0.82
0.8
0.82
0.82
0.74
0.82
0.76
0.78
0.76
0.8
0.74
0.8
0.8
0.82
0.82
0.8
0.76
0.76
0.82
0.78
0.82
0.8
0.8
0.82
0.78
0.8
0.8
-3.54001
-8.94012
-0.0999993
0.8
0.78
0.76
-3.14
0.1
0.82
0.76
0.78
0.78
0.82
0.8
0.8
0.8
0.76
0.78
0.8
0.76
0.82
0.8
0.8
0.8
0.76
0.82
0.76
0.82
0.82
0.82
0.82
-0.379999
0.74
0.82
0.78
0.8
0.78
0.82
0.78
0.8
0.8
0.78
0.82
0.78
0.82
0.72
0.7
0.8
-0.779999
-10.0802
0.76
0.72
-2.68
-8.72013
0.82
0.78
0.78
0.78
0.74
0.8
0.82
0.78
-3.76001
-9.72015
0.8
0.76
0.74
0.82
0.74
0.76
0.78
0.82
0.8
0.8
-4.16002
-0.659999
0.78
0.82
0.82
-1.44
-1.88
0.8
0.78
0.8
0.78
0.74
0.7
0.76
0.82
0.78
0.8
0.82
0.82
0.78
0.8
0.8
0.8
0.76
-2.02
-3.32
0.78
0.82
0.78
0.78
0.76
0.82
0.78
0.78
0.68
0.8
0.76
-1.78
-6.36006
-9.98016
0.74
0.4
0.76
0.82
0.82
0.76
0.8
0.8
0.82
0.78
0.76
0.82
0.82
0.78
-2.74
-8.92013
0.82
0.78
0.78
0.8
0.78
0.82
0.78
0.72
-1.38
-9.68013
-10.3802
-8.38003
0.82
0.78
0.78
-1.64
0.0800003
0.82
-0.399999
0.0400004
0.8
0.78
0.82
0.76
0.82
0.82
0.82
0.8
0.76
0.82
0.74
0.76
0.74
0.74
0.8
0.82
0.78
0.76
0.8
0.82
0.8
0.82
0.82
0.78
0.76
0.76
0.8
0.82
0.82
0.78
0.82
0.82
0.76
0.8
0.74
0.8
0.74
0.8
0.76
0.8
0.82
0.76
0.8
0.82
0.82
0.74
0.8
0.82
-0.459999
-12.0802
0.82
0.74
0.82
0.82
0.78
-3.86001
-11.4202
-0.819999
0.8
0.8
0.74
0.8
0.72
0.82
0.82
0.82
0.82
0.82
0.78
0.76
0.78
0.76
0.8
0.8
0.8
0.8
-1.18
-5.88006
0.78
0.78
0.8
0.8
0.3
-7.18009
0.82
0.78
0.78
0.78
0.76
0.78
0.74
-4.34003
0.82
0.82
0.78
0.82
0.82
0.8
0.72
0.8
0.82
0.82
0.78
0.8
0.8
0.82
0.78
0.78
0.82
0.82
-1.72
0.78
0.8
0.76
0.8
0.8
0.72
0.78
0.82
0.74
0.8
-0.759999
-7.28009
0.82
0.8
0.76
0.82
0.66
0.8
0.78
-2.28
-7.18009
0.72
0.78
-2.44
-9.78015
-5.52005
0.8
0.8
-9.44006
0.2
0.8
0.82
0.74
0.78
0.8
0.76
0.82
0.8
-1.68
-0.319999
-0.559999
-0.219999
-8.20005
-12.2402
0.78
0.8
0.8
0.76
0.82
0.74
0.78
0.76
0.82
0.82
0.72
0.74
0.76
0.78
0.78
0.74
0.82
0.8
0.82
0.74
0.8
0.8
0.8
0.76
0.76
0.82
0.78
0.82
0.82
0.8
0.74
0.78
0.8
0.82
0.8
0.8
0.82
0.76
0.82
0.8
0.82
0.8
0.8
0.8
0.82
0.78
0.8
0.74
0.78
0.82
0.82
0.8
0.82
0.78
0.82
0.82
0.78
0.76
0.82
0.8
0.74
0.7
0.78
0.8
0.76
0.82
0.74
0.72
0.8
0.8
0.82
0.82
-4.14002
-6.22006
-1.2
-1.14
0.72
0.8
0.74
0.7
0.78
-2.78
-0.739999
0.82
0.82
0.74
0.82
0.76
0.82
0.78
0.8
0.8
0.78
0.8
0.72
0.8
0.8
0.8
0.78
0.74
0.76
0.8
0.66
0.78
0.82
0.78
-4.54003
-9.68015
-0.999999
-3.94002
0.82
-18.9003
-9.98015
0.8
0.82
0.78
0.76
0.8
0.8
0.8
0.78
0.8
0.8
0.8
0.82
0.8
-2.44
-0.879999
0.82
0.82
0.8
0.82
0.8
0.8
0.76
0.8
0.82
0.8
0.82
0.74
-1.22
-6.68008
0.8
0.78
-0.939999
-0.599999
0.78
0.76
0.8
0.8
0.78
-3.72001
-0.359999
0.82
0.78
0.76
0.8
0.8
0.8
0.82
0.82
0.82
0.8
0.64
0.74
0.8
0.72
0.78
0.78
0.8
0.78
0.8
0.76
-3.2
-17.0403
0.78
0.76
0.74
0.76
-7.56001
-1.74
-2.42
-7.36001
0.82
0.8
0.76
0.82
0.8
0.7
0.76
-1.76
-0.359999
-0.739999
-0.299999
0.78
0.82
0.82
0.78
0.82
0.8
0.78
0.8
0.66
0.8
0.78
0.76
0.76
0.8
0.8
0.82
0.74
0.74
0.72
0.82
0.78
0.82
0.76
0.82
0.36
0.8
0.8
0.78
0.78
0.78
0.8
0.82
0.78
0.8
0.78
0.82
0.82
0.78
-2.7
-3.32
0.78
0.8
0.82
0.82
0.76
0.76
0.82
0.8
0.82
0.8
0.76
0.78
0.82
0.82
0.78
0.8
0.78
0.82
0.8
0.82
0.82
0.78
0.82
0.72
0.74
0.82
0.8
0.8
0.78
0.78
0.8
0.82
0.78
0.82
-1.98
-13.6602
0.64
0.68
0.76
0.74
0.82
0.74
0.78
0.66
0.78
0.72
0.82
0.78
0.78
0.72
0.78
0.76
0.82
0.76
0.8
0.82
0.78
0.76
0.8
0.72
0.78
0.74
0.78
0.8
-1.36
-9.06013
-10.8001
0.8
0.82
0.76
0.78
0.78
0.82
0.8
0.8
0.82
0.82
0.8
0.76
0.82
0.82
0.8
0.82
0.8
0.78
0.8
0.78
0.8
0.82
0.76
0.82
0.74
0.76
0.8
0.82
0.82
0.8
0.72
-10.9002
0.82
0.8
0.82
0.82
0.8
0.82
0.8
0.8
0.82
0.8
0.8
0.72
0.72
0.76
0.82
0.76
0.82
0.72
0.78
0.82
0.8
0.78
0.8
0.8
0.82
0.82
0.82
0.82
0.78
0.8
0.82
0.82
0.82
0.78
0.76
0.76
0.78
0.78
0.82
0.82
0.78
0.82
0.74
0.82
-2.44
-11.0602
-0.579999
-1.48
-0.419999
-3.2
0.82
0.82
0.82
0.8
0.82
0.76
-4.10002
-1.1
0.76
0.72
0.82
0.8
0.82
-2.82
-0.499999
0.74
0.78
0.82
0.8
0.82
0.78
0.74
0.82
0.72
0.78
-3.42
-8.66013
0.7
0.74
0.7
0.76
0.74
-2.4
-4.54003
0.78
0.8
0.82
0.8
0.82
0.78
0.8
0.8
0.76
0.8
0.8
0.8
0.82
0.82
0.8
0.8
0.8
0.46
0.78
0.8
0.78
0.8
0.74
0.8
0.78
0.76
0.82
0.72
0.8
0.76
0.8
0.72
0.82
0.82
0.8
0.82
0.8
0.82
0.78
0.82
0.8
0.8
0.8
0.82
0.82
0.82
0.82
0.76
0.8
-1.98
-9.58015
0.8
0.82
0.8
0.8
0.8
0.82
0.78
-1.42
-6.80008
-6.56006
0.76
0.8
0.82
0.78
0.8
0.8
0.8
0.78
0.76
0.78
0.8
0.8
0.82
0.8
0.78
0.8
0.8
0.82
0.82
0.8
0.82
0.82
0.8
0.56
0.8
0.78
0.82
0.82
0.8
0.72
0.8
0.78
0.8
-2.44
-11.6002
0.64
0.74
0.74
0.82
0.76
0.8
0.8
0.8
0.76
0.78
0.78
0.82
0.8
0.8
-1.36
-7.96011
0.82
-0.699999
-2.94
-1.04
-1.78
-0.899999
-0.399999
-0.399999
0.8
0.82
0.8
0.82
0.8
0.78
0.72
0.76
0.5
-2.36
-5.46005
0.82
0.78
-0.999999
-6.88009
0.78
0.78
0.78
0.8
0.8
0.76
0.8
0.78
0.8
0.8
0.8
0.74
0.8
0.8
0.72
0.8
0.74
0.8
-1.78
-6.38007
0.72
0.8
0.82
0.8
0.8
0.8
0.8
0.82
0.82
-0.979999
-6.44006
0.78
0.78
0.78
0.66
0.8
0.78
0.82
0.82
0.76
0.76
0.8
0.78
-2.22
-1.16
0.8
0.8
0.82
0.8
0.8
0.76
0.8
0.8
-5.32004
-15.2803
0.8
0.82
0.8
0.82
0.82
0.82
0.7
0.8
0.82
0.8
0.72
0.74
0.8
0.78
0.76
0.8
0.76
0.8
0.8
0.8
0.8
0.8
0.76
0.8
0.78
0.82
0.8
0.78
0.82
0.82
0.66
0.76
0.78
0.74
0.82
0.76
0.82
0.8
0.82
0.8
0.78
-1.58
0.62
0.82
0.78
0.76
0.8
0.8
0.8
0.72
0.8
0.82
0.78
0.8
0.82
0.8
0.8
0.8
0.8
0.82
0.76
0.78
0.76
0.8
0.8
0.82
0.78
0.8
0.78
0.82
0.82
0.8
0.78
0.8
0.82
0.76
0.82
0.82
0.8
0.8
0.78
0.8
0.8
0.76
0.8
0.8
0.76
0.82
0.78
0.82
0.8
0.8
0.8
0.8
0.78
0.8
0.82
0.82
0.78
0.8
0.8
0.8
0.8
0.8
0.8
0.8
-2.42
-13.1202
0.82
0.8
0.82
0.82
0.82
0.82
0.78
0.82
0.82
0.8
-2.24
-6.94008
0.8
0.8
0.82
0.8
0.78
0.8
0.8
0.74
0.76
0.82
0.8
0.68
0.82
0.82
0.8
0.8
0.78
0.76
0.8
0.78
-2.5
-0.519999
-0.0399996
-12.3802
-0.179999
-0.779999
-8.22004
-0.259999
0.8
0.78
0.74
0.8
0.8
0.74
0.82
0.78
0.78
0.8
0.82
0.82
0.76
0.82
0.78
0.82
0.82
0.82
-1.4
-6.52008
0.56
-2.4
0.8
0.78
0.78
0.8
0.78
0.82
0.72
0.8
0.8
0.78
0.76
0.76
0.76
0.78
0.82
-4.16002
-2.48
0.76
0.8
0.74
0.82
0.82
0.76
0.62
0.62
0.82
0.8
-2.66
-5.20005
0.8
0.8
0.8
0.78
0.8
0.78
0.82
0.8
0.78
0.8
-2.2
-9.30014
0.8
0.78
0.74
0.82
0.8
0.8
0.82
0.8
0.76
0.82
0.78
0.8
0.82
0.78
0.8
-1.88
-11.4202
-8.58012
0.82
0.76
0.8
0.82
0.78
0.8
0.76
0.76
0.78
0.82
-1.96
-7.5601
-0.379999
-0.319999
0.8
0.68
0.8
0.82
0.82
0.76
0.8
0.78
0.76
0.78
0.76
0.78
0.8
0.82
-1.58
-10.3402
0.82
0.76
0.78
0.76
-3.92002
-0.719999
0.76
0.78
0.82
0.8
0.82
0.78
0.82
0.8
0.82
0.8
0.8
0.78
0.74
