-15.05
-12.36
-25.8303
-11.21
-1.34
-18.17
-14.33
-11.4
-19.3801
-21.1601
-25.4702
-19.0001
-14.2
-10.72
-16.23
-111.331
-11.61
-20.0201
-45.4702
-10.55
-10.84
-10.3
-20.7001
-13.79
-11.86
-16.9801
-16.13
-16.66
-13.35
-10.46
-12.28
-10.66
-14.78
-12.11
-16.82
-18.7201
-13.03
-14
-17.6801
-15.58
-11.7
-10.68
-66.7086
-33.9405
-35.8704
-69.6394
-13.7002
-18.2601
-17.56
-33.5004
-31.3403
-21.4001
-14.5602
-68.9567
-10.0001
-12.61
-21.6501
-20.5701
-85.5576
-13.9402
-30.4503
-22.7602
-52.7692
-9.22009
-17.2501
-27.6403
-38.1605
-34.7805
-14.09
-25.7703
-12.68
-21.8802
-55.7889
-19.1803
-26.8405
-12.79
-10.82
-111.503
-18.2601
-23.5102
-20.4501
-21.5001
-31.9605
-31.0303
-26.9703
-38.1805
-13.64
-30.3103
-19.9804
-31.8404
-18.7901
-37.0005
-7.16005
-17.67
-34.4905
-14.14
-17.2001
-63.2387
-28.5203
-17.93
-31.1006
-21.9404
-11.32
-19.6603
-18.4601
-38.9305
-13.18
-12.4801
-12.67
-15.82
-30.9604
-53.6693
-12.11
-12.05
-23.7802
-17.16
-36.4105
-19.9401
-22.2602
-13.9802
-19.7301
-36.3405
-28.8603
-34.4804
-32.8603
-11.26
-19.1203
-30.8704
-26.1903
-28.2603
-126.443
-28.1203
-7.88008
-14.45
-16.6602
-16.6003
-104.996
-84.3475
-3.54001
-10.58
-34.0401
-90.8683
-11.02
-8.02009
-14.73
-14.71
-17.5401
-123.002
-11.5402
-9.54012
-10.2401
-12.9002
0.0800004
-13.42
-85.84
-0.819999
-12.16
-12.0202
-10.26
-0.0199995
-11.28
-19.8203
-14.11
-17.5603
-1.18
-25.8102
-10.2201
-61.1188
-18.6601
-202.579
-15.53
-6.26005
-16.78
-171.912
-41.4802
-100.717
0.32
-10.38
-8.14007
-12.66
-7.02007
-119.004
-29.8703
-28.2205
-11.32
-14.04
-14.15
-160.38
-11.61
-16.73
-25.0005
-4.54001
-1.58
0.26
-12.36
-2.98
-307.603
-0.479999
-2.84
-1.76
-3.82
-182.182
-1.4
-0.859999
-14.53
-244.216
-3.90001
-13.68
-38.1405
-0.619999
-1.28
-12.6602
-1.12
-3.74
-11.43
-230.679
-2.98
-5.28003
-13.54
-82.2075
-173.7
-122.903
-11.4402
-11.76
-8.96009
-6.92005
-11.86
-5.72004
-0.759999
-4.32001
-14.1002
-115.266
-118.786
0.1
-12.56
-18.8603
-4.90002
-2.42
-13.68
-9.42011
-18.0701
0.18
-15.02
-182.128
-10.28
-40.2205
0.2
-12.41
-31.8804
-10.8802
-1.18
-3.18
-18.3801
-123.266
-0.539999
-12.72
-0.839999
-11.17
-7.48006
-9.06013
-18.7601
-117.684
0.68
-4.08002
-2.36
-0.139999
0.76
0.26
-12.86
-86.02
0.42
-0.0599993
-11.38
-217.243
-30.0603
-19.0101
0.0800005
-0.879999
-2.66
0.54
-10.69
-10.4002
-0.379999
0.68
-1.84
-1.32
0.18
0.56
0.6
0.56
-0.379999
-12.58
-245.028
0.62
0.68
0.54
0.28
-10.23
0.38
0.52
-3.66001
-0.299999
-11.39
-103.581
-2.88
-22.8804
-21.5004
-26.7205
0.76
0.52
-11.15
-8.70012
-1.04
0.68
-2.34
0.64
-10.47
-1.6
-10.24
-24.9404
0.42
0.28
0.36
0.16
-10.39
-2.62
0.3
-1.84
-103.502
-297.246
-0.219999
-5.34002
-16.34
-12.8802
-11.42
0.58
-0.0999994
0.76
0.74
0.34
-0.179999
-318
-111.083
-207.053
-6.96006
-2.82
0.76
-4.34002
0.3
0.56
-11.09
-7.04006
0.0800004
0.22
-2.1
-2.1
0.6
-28.6503
-68.5968
-10.63
-0.219999
-5.84003
-1.56
-1.22
0.68
0.54
0.68
0.78
-1.54
-1.16
-110.966
-4.08002
-203.608
-92.5616
-1.24
-3.78001
-11.51
-1.44
-0.639999
-4.42003
-95.3018
-21.8804
-14.67
-0.719999
-272.896
-20.6501
-6.96006
-10.22
-0.699999
-214.16
-308.267
-5.16004
-0.179999
-10.3
-12.93
-1.64
0.34
0.6
-1.22
-131.086
-10.56
-215.723
-2.46
-10.7
-15.54
-7.40005
-10.3601
-16.2403
-11.83
-160.056
-8.12005
-0.479999
0.74
0.5
-10.27
-7.48007
-0.199999
0.5
0.48
-0.119999
-9.22012
-0.539999
0.68
0.52
0.4
0.62
-1.06
-4.12002
0.68
0.78
0.58
0.52
0.74
0.68
0.76
0.68
0.52
0.68
0.2
0.58
0.64
0.76
0.76
0.68
0.68
0.66
-25.9205
0.68
-0.219999
0.52
0.62
0.68
0.58
0.6
0.62
0.68
-0.499999
0.62
0.68
0.6
0.54
-0.0999995
-1.38
0.22
0.6
0.58
0.58
0.56
0.72
0.6
-0.479999
0.72
-10.45
-2.16
-2.48
0.14
-10.22
-17.29
-1.5
0.68
0.72
0.4
0.56
0.5
0.72
-0.0799996
0.24
0.72
0.72
0.44
-6.60007
-15.9803
-8.04011
0.72
-10.45
-30.8006
-73.4176
0.72
0.12
0.7
0.24
-10.39
-31.4006
0.76
-10.23
-18.2601
-14.66
-637.634
-572.273
-5.38003
0.4
-5.12004
-0.759999
0.76
-0.379999
-0.419999
-10.24
-9.04013
0.6
-0.479999
-10.27
-1330.19
0.56
0.24
0.24
0.2
-11.73
-10.24
-8.44007
-556.794
-5.10003
-4.32002
-24.7302
-2.58
-1.4
0.42
0.56
0.44
-0.159999
0.56
0.16
0.34
0.52
-18.3603
-18.7003
0.72
0.58
0.72
0.38
0.76
0.160001
-11.45
-0.339999
-0.519999
-0.499999
-1.44
0.6
0.58
-2.62
0.72
-10.31
-5.14001
-0.119999
0.120001
0.0800006
-12.15
-13.5202
0.54
0.58
0.56
0.6
0.76
0.120001
-11.91
-35.6505
-12.51
-16.3203
0.22
-0.699999
0.100001
0.44
0.44
-12.5202
0.58
0.62
-0.159999
-10.56
-2.98
-12.46
-8.54012
-10.41
-5.88005
-37.3705
-0.679999
-65.8154
-10.22
-12.05
-376.15
-3.86002
-11.01
-7.04005
-3.66001
0.44
-1.86
-11.6802
-0.0799996
0.26
-0.339999
0.76
0.72
-828.452
-0.499999
0.1
0.26
0.72
0.54
0.0200005
-0.579999
-1.78
-2.48
0.58
0.38
0.56
0.72
-10.51
-235.973
-0.239999
-14.01
-21.4204
0.72
0.54
0.3
-12.72
-0.219999
-19.6701
-4.06
0.26
-99.9223
0.6
0.38
-298.942
-0.859999
-3.14
-2.32
0.8
-0.139999
0.24
0.72
-0.399999
-10.21
0.86
-1.3
0.14
-2.14
-0.479999
0.36
0.48
-84.4073
-17.9501
-229.415
-473.618
0.58
0.52
0.52
0.56
0.5
0.54
0.58
-0.359999
0.58
0.7
0.72
0.52
-40.7991
0.54
-2.68
-10.2602
-10.25
-23.7205
-0.659999
-15.67
-1.16
-18.9804
-6.42007
-1.92
-1.66
0.56
-9.3801
-13.17
-14.1802
-35.4805
-12.5201
0.18
0.72
-10.24
-0.0999993
0.28
-17.2701
-10.2201
-9.84015
-12.26
-4.72002
-7.80004
0.26
-19.6404
0.52
-0.799999
-1.42
-30.5606
0.4
-3.74001
-10.23
-12.36
-11.3
-26.9402
0.34
0.12
0.56
0.4
-0.239999
-16.6202
-2.02
-0.679999
-2.3
-0.239999
0.46
-11.07
-0.379999
-16.8403
-11.43
-214.884
-56.6583
-0.619999
0.140001
-11.1
-10.6402
-272.338
-15.6003
-13.2
-163.51
-1.3
-68.1166
-0.879999
-29.6406
-25.9703
-10.2001
0.0800004
-10.21
-0.439999
-0.299999
-11.45
-12.67
-26.6205
-31.7504
-12.81
-7.7001
-12.99
-6.72006
0.34
-10.68
-322.564
0.76
0.56
-12.3802
-4.66003
-4.20002
-0.899999
-1.14
-102.203
-238.211
-10.7202
-0.139999
-13.61
-615.334
-14.41
-22.0604
-16.4003
-11.39
-5.00003
0.4
-68.1566
-0.859999
-5.52004
-55.7169
-2.34
-0.599999
0.6
0.56
0.16
0.74
0.34
-0.0199995
0.38
-64.9759
-4.60003
0.0800006
-0.559999
-0.0199995
0.0600004
0.74
-0.739999
0.0800005
0.5
0.34
-0.799999
-0.499999
0.74
0.44
0.74
0.54
0.58
-6.44006
-11.2802
-12.3202
-3
0.42
-2.94
0.26
0.66
-0.0799993
0.24
-10.43
-4.40002
-32.7003
0.56
0.54
0.58
0.38
0.52
0.64
0.58
0.6
0.28
0.26
-6.62007
0.56
-0.259999
-10.22
-2.22
-40.5191
-11.4
-5.54004
0.4
0.6
-55.1169
0.0600006
-1.18
-11.08
-11.83
-7.14002
0.14
-15.0402
6.55651e-07
-0.719999
0.56
-1.02
-14.16
-1.34
-1.16
0.44
0.2
-0.499999
-1.66
-0.219999
0.4
-0.339999
0.26
-0.619999
-10.8
-2.46
-1.56
-1.18
0.6
0.58
0.26
-1.62
-18.8803
0.6
0.62
0.54
0.26
-0.539999
-26.4205
-0.379999
-10.6
-2.44
-6.16006
-14.8003
0.28
0.46
-10.41
-11.0802
-0.139999
-13.01
-1.42
-28.2806
0.74
0.58
0.56
-11.76
-9.24006
0.64
0.22
-0.719999
-3
0.0600005
-53.779
-8.16009
-163.71
4.17233e-07
-7.5801
0.42
-13.18
-210.525
-69.2169
-4.30001
-3.14
-10.41
0.0800004
0.3
-11.6402
-0.219999
-14.3202
-1.04
-2.54
0.34
0.4
-2.86
-3.36
-1.74
-13.8002
-5.78006
-0.159999
0.18
0.74
0.56
0.58
0.58
-0.179999
-10.23
-1.02
-5.14005
-2.34
0.42
0.26
-0.519999
0.100001
0.6
0.100001
-0.559999
0.74
-0.439999
-0.979998
0.36
-11.75
-18.8603
0.56
-0.119999
-0.439999
0.58
0.36
0.22
0.58
-3.62001
0.12
0.4
-3.42
-0.879999
0.58
-10.22
0.54
-0.339999
-6.76006
-14.4202
-14.2602
-0.379999
-3.14
-21.1404
-2.08
-2.96
0.54
-2.38
0.6
-4.98004
-0.659999
0.6
-11.9802
0.100001
-0.839999
0.58
-12.87
0.0200006
-10.62
-13.1202
-25.7005
-29.3806
-12.52
0.160001
-0.619999
-4.18001
-1.04
-5.30002
-0.0599995
-3.58
-11.8402
-8.24009
0.62
-5.62005
-10.1202
-3.32
-1.62
-2.62
-0.699999
0.62
0.62
0.6
-9.02013
-0.339999
-12.4602
-0.199999
-2.48
0.76
-16.5301
-2.18
-10.48
0.22
-2.94
-13.9402
0.56
-1.7
0.42
0.100001
0.4
0.34
-0.899999
-0.499999
0.4
-2.06
-0.0799993
-0.0799993
-0.219999
0.24
-1.7
-1.34
0.12
0.0400006
-3.1
-8.0401
-0.839999
0.28
-11.05
-72.8978
-21.6204
0.62
-12.0202
-0.199999
0.54
0.74
0.58
0.6
-0.419999
-10.22
-12.29
-5.00004
-0.279999
-51.1096
-95.4016
0.3
-1.02
-0.999999
-11.92
-59.1763
-1.98
-19.8004
-0.599999
0.54
-0.139999
-24.4005
-10.38
-5.72006
-13.33
-0.959998
-14.1802
-3.98001
-16.5501
-3.04
-11.88
-3.92001
-3.88002
-0.579999
0.56
0.58
0.38
-3.44
0.4
-16.1803
0.74
0.74
0.56
-0.0599993
0.0200006
0.36
0.74
0.52
0.58
0.74
0.5
0.56
0.58
-40.8191
-10.5602
-7.8001
-0.439999
-3.28
-1.54
-0.879999
0.24
0.54
0.6
-1.54
-12.33
-0.379999
-4.06002
0.54
-0.879999
-0.539999
-6.28006
-1.9
-2.12
-2.88
-1.24
-2.9
0.24
-0.839999
-2.3
0.22
-0.499999
-6.62007
-43.4586
0.42
-7.5601
0.3
-1.8
6.55651e-07
-9.78015
-4.90004
-5.22004
0.74
0.56
0.78
-0.859999
0.54
-10.23
-11.95
-10.4602
0.54
-1.52
-0.839999
-10.74
-1.92
-4.74004
-3.18
-2.18
-0.379999
-0.179999
0.6
-3.26
-6.30007
-1.04
0.74
0.56
0.56
-10.57
-1.88
-5.40005
-11.13
-7.42005
-24.6405
0.12
-2.24
-8.98013
-3.38
-0.279999
0.56
-11.05
-5.04001
-0.139999
-8.78013
-0.339999
0.52
0.6
-0.139999
-0.979998
-2.06
0.120001
-2.4
-5.62005
-8.10011
-7.8201
-21.9404
-1.88
-10.54
0.5
0.5
0.5
-10.58
-47.4381
-1.06
0.62
0.56
0.32
-1.18
0.14
0.46
0.62
-2.14
-0.239999
-0.0999993
-7.52009
-0.199999
-0.559999
0.56
0.0400006
-4.94004
-2.74
-0.739999
0.62
-10.21
0.3
-22.2002
0.54
-3.46001
-1.66
-6.40007
-2.78
-0.519999
0.2
-0.879999
0.58
-0.0599993
-10.6002
-9.56014
-1.74
-2.36
-5.26005
0.56
-0.539999
0.56
0.36
-2.66
-5.06004
0.0800006
-13.51
-16.89
-23.5204
-6.48008
-2.26
0.58
-0.339999
-0.679999
-0.359999
0.26
0.4
0.6
-1.34
-10.23
-4.24003
-5.36005
-12.44
-4.22002
-18.9403
-4.24001
0.74
0.64
-14.6603
-7.4401
-17.4203
-0.0399994
-8.76012
-8.44012
-2.34
-0.219999
-0.0799993
-10.35
-2.06
0.0200005
-0.559999
0.74
0.56
-87.8802
-8.80012
-11.69
-11.26
-17.2401
-1.16
-1.72
-12.6202
0.56
0.58
0.52
-0.119999
0.56
-10.38
-5.48005
-0.799999
-1.54
-0.0199994
0.2
0.56
-5.94004
-1.14
3.57628e-07
0.14
0.0600007
-0.299999
0.24
-0.939999
-3.52001
-1.1
0.26
0.58
0.6
-3.96001
-9.08013
0.140001
-0.0199993
0.56
0.18
-17.5401
0.46
-1.9
-3.94001
0.100001
0.74
0.58
0.74
0.24
0.54
-3.42001
-11.1002
0.56
-1.06
-15.2803
-13.0402
-19.7604
0.6
-0.439999
-12.51
-53.6488
-5.56004
-25.6405
-39.8192
-28.0406
-3.06
-33.2403
0.5
0.42
-8.02011
-0.0999993
-4.34002
-0.759999
-12.7402
-3.60001
0.54
0.4
0.44
-11.8602
-3.1
-1.48
-0.699999
-11.9002
-1.06
0.56
0.74
0.52
-0.0799993
0.74
-10.38
-31.3406
-7.58009
-0.0599993
0.36
0.46
-6.18006
-0.999998
-1.98
0.36
0.74
0.48
-10.25
-9.28014
0.28
-1.52
-2.08
0.58
-3.64001
-0.559999
0.56
0.4
-4.06002
-14.0602
-15.3603
-0.279999
-20.4701
-82.1594
-0.899999
0.42
-1.14
-56.6484
-15.73
0.24
-1.44
-0.719999
-3.06
-23.5205
-1.88
0.74
-0.879999
-3.06
0.46
-7.8601
-1.26
0.3
0.58
5.96046e-07
-2.2
-0.879999
-0.219999
-0.239999
-1.2
-1.48
-7.00008
-0.679999
-0.259999
0.74
-0.359999
-31.1006
-0.279999
-10.42
-21.4404
0.54
0.38
-0.699999
-1.6
-4.46003
-0.279999
-5.04004
-6.44007
-0.539999
-43.5188
-22.3004
-3.28
-1.02
0.0400006
-6.58007
-12.3
-16.63
-16.55
-31.2606
-1.68
-18.1403
-8.92013
-1.36
-0.159999
-0.559999
-39.8992
0.74
-37.8196
-40.1306
-15.0402
-20.9404
-2.26
-18.6901
-10.5
-1.12
-2.5
-148.157
-35.3399
-13.0802
-37.1505
-171.245
-59.776
-20.5204
0.42
-11.11
-56.1966
-0.879999
-1.6
-0.179999
-0.899998
-1.58
0.3
0.74
0.58
-0.559999
0.42
0.58
0.64
0.74
0.74
0.74
0.56
-0.439999
-0.419999
4.76837e-07
0.54
0.32
-0.679999
0.6
-66.6267
-7.12004
0.42
-0.899999
-51.4574
-32.0205
-3.74
-10.4202
-3.46001
0.100001
-1.36
-11.74
-156.853
-43.9604
0.22
0.34
-0.14
-0.12
0.38
-1.12
-10.81
-3.3
-5.70004
-59.5961
-27.1603
-8.22003
-3.46
-0.579999
-4.64003
-3.34
0.46
0.22
-0.479999
-11.0402
-11.85
-10.8001
-0.959998
0.74
-10.39
-1.36
-17.8501
0.72
0.26
-103.241
-157.552
-143.645
-117.867
-9.60014
-9.96014
0.42
-1.92
-1.2
-12.03
-0.379999
-54.7969
-2.12
-22.7204
0.28
0.24
-0.0599993
0.52
-0.0999994
-0.679999
-12.6202
-2.42
-6.26007
-1.4
-10.21
-1.38
-3.92002
0.0600005
-2.82
0.44
-3
-41.539
-0.559999
-3.04
0.6
-0.719999
-2.42
-0.279999
0.74
0.76
-4.58002
0.34
0.74
0.74
-10.19
-3.72001
-0.499999
-57.6764
-39.3393
-2.8
-4.68003
-15.3603
-14.14
-0.979998
-3.76001
-78.1985
0.24
0.38
0.0800006
-0.379999
0.74
0.34
-10.81
-4.98004
0.74
-10.24
-8.42011
-0.179999
-70.796
-8.68011
-21.6204
-16.1403
-22.5804
0.64
-11.07
-15.1003
-19.2401
-11.93
-12.4402
-3.52001
-17.7203
0.76
-1.5
4.17233e-07
-11.91
-8.68006
-11.99
-11.93
-10.6202
-35.5599
-1.62
0.0800006
0.74
0.74
0.76
0.56
0.74
0.58
-0.299999
0.54
0.5
0.74
0.74
-10.23
0.0600004
-105.343
0.0400005
0.36
0.76
-2.28
-10.7802
0.58
-2.86
-0.659999
-0.499999
-2.96
0.62
0.62
0.6
-0.0199996
-0.0799994
-1.56
0.22
-0.0999995
-1.1
-16.4203
0.26
-35.04
-39.9606
-5.18005
0.6
0.74
0.64
-1.22
-11.95
-0.699999
0.6
0.6
0.58
0.28
-1.78
0.34
0.58
0.6
-0.459999
-3.34
-4.04002
-27.6406
-0.599999
0.3
0.22
-0.0199994
-25.7103
-1.38
-26.2805
-14.1
-2.76
-10.55
-4.66002
-2.5
-0.419999
-11.85
-0.119999
-36.3598
-29.0603
-59.616
-0.379999
0.4
-78.3187
-7.7001
-9.56014
-64.7558
-8.06011
-1.34
0.0800004
0.58
-10.41
-82.5993
-12.2002
-74.5979
-12.62
-7.36009
0.52
0.4
-0.0399994
-0.719999
-0.0999993
-2.12
-27.4806
-14.3403
-10.24
-7.02008
-3.58001
-0.0399994
-52.0172
-0.299999
-0.279999
-5.04004
-0.839999
-11.1402
0.58
0.38
0.58
0.22
-0.239999
-0.599999
-4.70003
-0.499999
-10.6
-104.382
-0.0799996
-72.9575
0.56
0.42
0.160001
0.0800004
0.32
-0.0199995
-0.479999
0.74
0.58
0.74
0.74
-6.48007
-0.459999
-31.6805
-3.74001
0.74
0.26
0.38
0.74
0.54
0.24
-0.0799996
0.6
-2.06
0.76
0.6
0.48
0.14
0.58
0.4
0.76
-1.1
0.74
0.76
0.74
0.74
0.52
-0.259999
0.26
-0.299999
-0.279999
-3.60001
0.120001
-0.159999
-1.88
-1.3
0.56
-8.32012
-9.54014
0.76
-17.8403
-13.2002
0.74
0.56
0.32
0.12
-16.3603
-24.0405
0.24
-2.04
-1.1
0.58
-0.599999
0.56
-0.0999995
-3.56001
0.58
5.96046e-07
-0.779999
0.26
-0.279999
-4.22002
-0.679999
0.22
0.58
-5.80005
-11.77
-0.859999
0.58
-0.679999
-5.00004
-65.7965
-9.66015
-0.239999
-3
0.42
0.38
-2.68
0.16
0.26
0.0600005
-8.94013
-5.90006
-0.119999
-0.939999
-0.0399994
-0.979998
-8.40012
0.12
-1.16
-0.899999
-3.52001
0.54
-2.02
0.28
0.56
-0.0599993
-0.599999
-2.76
-0.0999993
0.56
-0.0199994
0.24
0.28
-0.339999
0.3
-4.06002
-0.199999
-0.0599993
0.56
-1.08
-1.36
0.28
-2.78
-4.62001
-1.92
0.100001
-2.04
-0.899999
0.74
-10.23
-15.5003
0.26
0.5
0.74
-10.61
-0.299999
-12.36
-3.78001
-10.34
-5.18005
-13.86
-11.98
-89.4683
-285.71
6.55651e-07
0.62
0.2
-10.25
-57.5164
-0.0599993
-1.3
-0.319999
0.74
-10.21
0.32
-11.32
-0.159999
-10.3
-0.759999
-1.6
-2.62
-2.34
-0.259999
-0.0599995
-12.79
-4.04002
-4.08002
-10.5402
-0.819999
-2.48
-1.44
-0.279999
-1.7
0.0200006
-1.02
-0.299999
-1.94
-0.239999
-4.28002
0.100001
-0.859999
-0.439999
-0.459999
-2.68
-8.40011
-12.4802
-0.0399995
-26.1405
-10.3202
-11.05
-20.3404
-27.6006
-0.879999
-10.23
-12.76
-0.639999
-10.2002
-63.2073
-265.753
-8.40011
-12.7602
-0.699999
-1.82
-4.24002
-3.32
-0.859999
-0.799999
0.58
-0.0799993
-1.54
-3.16
-22.5804
-23.1805
0.74
0.58
-1.04
0.44
-13.3602
-12.9602
-10.25
-2.32
-0.539999
-0.799999
0.62
-32.4205
0.3
-6.46007
-1.14
-16.1203
-1.4
-10.22
-16.9803
-56.8082
-5.32004
-10.2002
-47.358
-23.3005
-32.5604
-6.74007
-20.6604
-1.02
-1.06
0.28
-0.239999
-0.399999
-25.5205
-32.2805
-0.719999
0.74
-1.14
-12.7202
0.58
-4.54003
-0.379999
-4.50003
-7.3601
-6.00006
-1.12
-1.5
0.0200006
-11.54
-173.345
-3.22
-0.0799996
-5.40004
0.74
0.72
-13.0602
-0.279999
0.120001
-1.4
-0.199999
-0.719999
0.54
0.54
0.56
0.26
-2.48
0.38
-10.0402
-6.02006
-3
0.58
0.46
-6.12006
-1.16
-11.27
-19.3601
-2.04
-4.10002
0.6
-29.6104
-8.36011
-56.8965
-17.0603
-19.0604
0.44
-2.98
-0.0399994
0.26
-6.34007
-2.56
-5.58005
-0.379999
-7.46009
0.62
-6.80008
-0.0399994
-6.42002
-3.62001
-2.64
0.26
-10.4
-11.44
-8.66012
-2.74
0.56
0.56
-27.6605
-15.8203
-7.8201
-0.0599993
-0.899999
-6.68008
-0.0399995
-12.3202
-1.06
0.58
0.74
0.38
-0.359999
-3.1
-7.5601
-6.42007
-11.3
-20.3404
0.58
-0.559999
0.74
0.26
-0.0599993
-1.18
-3.36
-20.7902
-1.86
-0.339999
0.74
0.44
0.100001
-0.219999
0.6
-12.8202
-1.02
-9.32014
0.74
0.74
0.74
0.62
0.58
0.74
0.42
-18.6003
-11.7202
0.56
0.26
0.74
0.62
0.74
0.74
0.58
-0.179999
-2.02
0.74
0.120001
0.74
-3.12
0.28
0.46
-6.18007
-1.5
-3.60001
-0.839999
0.48
0.74
0.74
0.74
0.72
-4.46003
-13.5402
-10.23
-0.939999
-45.8782
0.120001
-29.3606
-0.0199994
0.42
-1.56
-12.4802
-24.7805
-21.0604
-0.0399994
0.0800006
0.74
0.56
0.120001
0.74
0.8
0.74
0.32
-3.28
-8.82012
-33.0803
0.58
-15.7603
0.76
-2.26
-0.379999
0.22
0.160001
0.24
0.58
0.14
-10.57
-17.0203
-1.04
-0.399999
0.140001
0.74
0.62
-0.639999
-4.58003
0.14
-1.04
-5.00004
-0.319999
-0.299999
5.96046e-07
0.100001
0.0800005
0.62
0.74
0.44
0.78
0.58
0.76
0.56
-0.199999
0.74
0.74
0.26
-4.16002
-2.02
-1.3
0.36
-2.32
-4.70001
-2.56
-4.38001
-16.35
-48.9979
-3.06
-23.8405
0.78
0.62
0.28
-0.0599993
0.74
0.24
-0.179999
-0.679999
0.54
-1.98
0.24
0.6
-1.84
-7.02007
-27.9103
-22.0604
0.140001
-11.8
-19.8301
-17.61
-0.519999
-58.5363
-7.50009
0.42
0.58
-0.679999
-0.139999
-0.0399994
-1.58
-1.44
-5.44005
-3.32
0.74
0.54
-0.879999
-0.159999
-15.5402
-14.0802
-68.0365
-1.94
-1.92
0.58
0.46
0.3
-1.26
-7.4601
0.4
0.78
0.58
-1.08
-0.719999
0.5
-10.22
-2.04
0.62
-10.39
-5.86001
-6.04001
-1.42
-47.1899
-3.88002
0.4
0.140001
0.14
0.58
0.74
0.78
0.62
0.54
-12.76
-41.4989
-2.26
0.56
0.74
-0.499999
-10.45
-0.0799994
-2.66
-18.6604
0.0400006
-0.699999
-49.2494
-34.8201
-4.58003
-6.32006
-1.38
-21.8204
-13.6802
-0.899999
0.26
-14.1202
-1.26
0.74
0.78
0.22
0.74
-8.80011
0.18
0.78
-17.4301
-2.38
-8.98012
0.74
0.34
0.52
-0.239999
0.2
-10.24
-0.599999
-11.23
-0.599999
-7.8401
-13.9402
-3.74001
-0.899999
-86.5197
-1.2
0.56
-14.38
0.72
-1.14
-23.6605
-4.56002
-9.62015
-53.2571
-36.8197
0.74
-0.319999
-11.86
-3.16
-54.0775
-0.299999
-6.88008
-4.88004
-4.94004
-1.64
0.62
0.32
-2.38
-32.7004
0.74
0.58
0.76
-0.239999
0.74
-1.24
-1.34
0.38
-0.679999
0.0600005
-1.2
0.44
-10.25
-36.1305
-15.1403
-13.96
-0.519999
-0.439999
-13.9802
0.26
-0.879999
-1.16
-0.199999
0.44
-4.04002
-4.34002
-1.98
-14.1802
-29.1803
-81.3791
-0.0999993
-8.84013
0.56
-12.75
-3.74001
0.34
0.46
0.36
-0.179999
-0.279999
0.74
0.44
0.46
-10.37
0.88
-11.19
0.0400006
-11.9
0.4
0.84
-18.31
-98.8618
-80.9989
-51.3993
-10.12
0.72
0.38
-1.14
-2.9
0.3
-71.9374
-0.219999
-2.68
-2.48
-54.1773
-4.62003
-4.98003
-1.2
-1.48
-6.00006
-0.419999
-0.839999
0.3
0.0200005
0.34
-0.779999
-0.919999
-0.339999
-4.60001
-4.58003
-2.06
-16.0803
0.26
0.100001
0.52
0.6
-0.479999
-26.2005
-21.2204
-11.51
-0.299999
0.52
-0.359999
-13.4402
0.5
0.54
-0.0999993
-0.419999
-0.399999
-14.93
-2.16
-10.8602
-6.36005
0.180001
-0.719999
-5.30004
0.78
0.0600005
0.62
-10.57
-17.4803
-0.699999
-0.179999
-1.54
-6.06006
-14.09
-10.74
-6.40004
-9.18011
-0.499999
-1.32
-1.32
-1.3
-0.699999
0.44
0.46
-0.659999
-2.14
0.46
-0.539999
0.44
0.56
-0.399999
0.32
0.26
-0.899999
-1.1
-1.9
-0.399999
-2.3
-1.1
0.54
0.78
-0.619999
0.74
0.78
0.56
0.78
0.58
-2.44
0.78
0.62
0.6
-14.21
-0.959999
0.58
0.140001
-0.259999
-0.339999
-1.04
-0.0199994
0.140001
0.74
0.74
0.58
0.56
0.74
0.76
-10.24
-12.41
-1.74
-2.32
-0.179999
-0.559999
0.58
0.78
-0.0599993
0.78
0.74
0.76
0.58
-0.0199995
0.22
-0.379999
-0.579999
-13.26
-40.1191
0.58
0.120001
0.62
0.46
-2.54
0.62
-1.24
-0.979999
0.78
0.74
0.22
-10.24
-3.68001
-1.32
-0.359999
0.58
0.4
0.62
0.56
-10.22
-5.76006
-1.28
-1.02
-0.0399994
-0.239999
0.0600006
-4.98004
0.120001
0.78
0.44
0.56
-4.18002
0.56
0.62
0.78
-10.23
-0.559999
-0.359999
0.46
-0.879999
0.46
-11.63
-2.38
-0.739999
-0.759999
-10.63
-20.4404
-30.2006
-2.64
0.36
-1.42
-2.02
-10.45
-0.119999
-0.379999
-10.2601
-1.54
-17.4003
-1.68
-33.9602
-2.54
-12.18
-28.2503
0.36
-4.90001
-27.3805
-3.26
-1.82
-5.08003
-24.7002
-2.68
-7.26009
0.54
-57.2165
-174.159
-105.704
-0.939999
-0.439999
0.22
-10.67
0.88
-7.20008
-4.28002
-0.279999
-0.419999
-27.4703
0.12
-113.185
-2.26
-9.40014
-0.459999
-3.14
-3.80001
0.34
0.100001
-0.739999
-2.18
-2.3
-27.5406
0.38
-2.22
-0.999999
-34.8601
-47.9579
0.3
-8.06011
-44.1586
-3.40001
-3.36
-0.179999
-5.56005
-3.58001
-15.23
-4.56003
-0.959998
-0.439999
-12.37
-10.37
0.14
-10.89
0.84
-2.42
-0.359999
-97.7624
-131.046
-5.66006
-0.0999994
-13.27
-229.81
-3.3
-98.5024
-7.18009
-34.76
-1.54
-72.1174
-40.3791
-4.14002
-0.599999
-2.82
-3.04
-4.42003
-6.10006
-4.70003
-26.2805
-0.939999
-1.58
-19.7404
-3.64001
-0.619999
-1.12
-15.8403
-11.81
-42.9705
-5.90003
-1.32
-90.6607
-3.88001
-33.2405
-15.9203
-0.599999
0.52
-0.539999
-18.6403
0.74
-0.959998
0.3
-1.64
-21.8404
-8.64012
-12.35
-20.2501
-2.52
-2.58
-33.6202
-37.6196
-3.78001
-11.6202
-9.76015
-14.5603
-4.12002
-32.4204
-0.219999
-2.54
-7.6601
-13.8802
-0.719999
-13.06
-5.32001
-4.66001
-12.37
-1.1
-7.38009
-15.3203
-57.0382
-2.82
-71.6359
0.22
-9.8401
-24.8605
-14.5803
-18.4101
-101.904
-5.62005
-1.8
-22.1204
-6.90008
-13.7602
-7.18009
-1.64
-44.0187
-22.1502
-3.68001
-4.92004
-2.98
-5.80006
-14.8603
-2.92
-2.44
-0.0999993
-3.90002
-2.74
-15.8203
-2.96
-0.379999
-6.50007
-1.62
-5.08004
-10.4402
-21.2804
-8.86012
-8.70013
-10.69
-1.9
-2.66
-47.0584
-0.139999
-2.84
0.0200004
-0.799999
0.6
-0.419999
-7.66009
0.120001
-0.499999
-4.18002
-13.0202
-0.719999
0.22
0.2
0.6
0.62
-1.7
-0.0399994
0.3
-13.9202
0.6
-8.50011
-0.399999
-14.8603
0.62
0.42
-0.219999
-3.76001
0.46
-2.28
-10.35
-4.62003
-3.32
-3.08
-14.5802
-11.72
-10.12
-78.0383
-0.279999
-0.419999
-10.0001
0.0800004
-0.419999
0.18
0.48
-0.12
0.52
0.46
0.5
0.0600004
0.44
-16.5603
-2.94
-10.6402
0.100001
-1.22
-3.22
-7.00006
-3.98002
-12.4402
-6.62006
-13.8402
0.62
0.100001
-0.379999
0.44
-0.219999
0.6
-0.0399994
-18.0003
0.76
0.74
-0.519999
0.78
0.38
-0.119999
-0.199999
-35.34
-27.9206
0.140001
0.26
0.62
0.62
-79.3786
0.6
0.78
0.160001
-1.06
-35.2799
-0.0799993
0.2
0.76
0.38
0.120001
0.42
-4.18002
0.76
-0.399999
-0.279999
0.76
0.56
0.78
0.78
0.28
0.0600006
-13.4602
-1.2
-2.72
0.56
-0.939999
0.100001
-14.89
0.36
0.58
0.54
0.54
0.76
0.42
-0.539999
-36.0398
-1.3
0.76
-0.819999
0.76
0.44
0.76
-0.0799994
0.6
0.44
-0.179999
0.48
0.76
0.54
-1.06
0.3
-8.18011
-14.97
0.68
-7.88009
-0.139999
-2.08
-11.11
-1.96
-0.659999
0.78
0.62
0.74
0.6
0.6
-0.899999
0.48
0.6
-1.18
-0.999998
0.6
0.76
0.36
0.76
-0.0999993
-17.1603
0.44
0.6
0.24
0.6
0.62
0.78
0.42
0.76
-10.38
0.88
0.88
0.88
0.86
-0.0999995
-12.1
0.5
0.58
-6.52007
0.3
-0.699999
-0.219999
0.78
0.62
0.28
0.22
0.76
0.6
-1.5
0.0400004
-1.5
0.32
0.38
0.86
-10.24
-22.9604
0.46
0.78
0.62
0.46
-10.7
-5.84002
0.32
0.42
0.76
0.54
0.76
0.62
0.62
0.78
0.76
0.52
0.76
0.74
0.76
0.56
-0.519999
0.78
-10.36
-0.0799993
-8.02011
-1.1
0.78
0.74
0.54
-0.999998
0.5
0.44
0.78
0.78
0.76
0.6
-10.18
-1.08
0.0800006
0.5
0.76
0.46
0.78
0.56
0.6
0.44
0.62
0.78
0.58
-0.139999
0.100001
-0.0799993
0.6
0.62
7.15256e-07
0.62
0.62
0.74
0.78
0.6
0.76
0.78
0.44
0.6
-10.4
-10.0601
0.62
0.62
0.62
0.44
0.6
0.76
0.78
0.76
0.76
0.3
-2.5
-12.48
-19.3004
-2.36
0.62
0.78
0.52
-0.239999
0.62
0.6
0.62
0.6
-12.2002
0.46
-0.319999
0.120001
0.44
0.78
0.78
0.6
0.76
0.6
0.26
0.76
0.76
0.42
-0.439999
0.76
0.6
0.3
0.68
-11.98
0.72
0.88
0.88
0.86
0.26
0.86
0.88
0.88
0.88
0.84
0.34
0.86
0.74
0.76
0.78
0.76
-10.68
-10.94
0.88
0.88
0.88
0.88
0.88
0.88
0.88
0.86
0.88
0.88
0.88
0.86
0.88
0.84
-0.599999
-10.4
-7.30005
0.34
0.6
0.48
-4.40003
-16.2603
-14.7003
-0.0799993
-0.0199994
-3.94002
-0.419999
-10.81
-16.26
-0.0399994
-9.16013
-5.08004
-0.159999
0.100001
0.74
0.100001
-6.18006
-14.5203
0.62
-10.36
0.16
0.54
0.62
-0.0799993
0.86
-1.44
-6.12006
0.28
-10.21
-12.25
0.28
-10.85
-2.12
0.74
0.74
0.86
0.88
0.3
0.88
0.86
0.82
0.44
-11.37
0.86
-11.31
-3.78001
-16.7801
-3.2
-0.359999
-0.0799994
-0.359999
-16.1003
-0.399999
0.58
0.74
-10.77
-18.0203
0.76
-9.9601
-6.70002
-26.6405
0.6
0.2
-0.179999
0.4
0.76
-0.419999
0.0400004
-0.139999
0.4
-10.89
0.0800005
-10.39
-37.8595
-1.68
-8.82013
-19.7604
0.58
0.72
0.36
-12.02
-9.96011
-89.4607
-84.2997
-0.299999
-6.32007
-0.319999
0.52
0.58
0.0800005
0.56
0.26
-0.239999
-0.419999
-0.859999
-1.34
-1.92
-4.88003
-2.04
-7.7001
-6.80008
-19.0404
0.58
-10.45
-32.2005
-2.98
-33.2603
-11.86
-2.08
-7.7401
-14.3402
0.42
-2.24
-1.16
-17.9403
-1.06
0.62
0.44
0.120001
0.74
-1.24
0.58
0.76
-0.239999
0.6
0.76
-11.21
-0.999999
0.22
-5.78005
0.6
-1.44
0.56
0.78
0.76
-10.24
-11.1001
-18.5803
-68.557
-1.54
0.3
-0.599999
-4.20002
-2.12
0.34
-4.38002
-0.539999
-12.18
-23.4604
0.78
0.76
-5.88006
0.46
-10.21
-10.61
-30.0206
0.76
0.28
0.64
0.76
0.38
0.56
-1.54
0.56
0.6
0.54
-8.5401
-8.78012
-18.0803
-10.23
0.18
-0.419999
0.74
0.88
0.88
0.86
0.86
0.88
0.28
0.52
0.74
0.86
0.88
0.32
0.84
-10.64
0.88
0.88
0.88
0.86
0.88
0.0600004
0.86
0.86
0.84
0.86
0.86
0.86
0.88
0.86
0.84
0.86
0.86
0.86
0.86
-10.13
-14.85
0.62
-10.88
-0.0399996
-5.46003
0.88
0.8
0.88
0.88
0.88
0.86
0.88
0.84
-2.3
-4.48001
0.32
0.5
0.6
-3.16
-1.28
-2.42
-3.86001
-0.879999
-6.10003
-0.379999
-0.799999
-2.1
0.78
0.54
-9.82015
0.34
-0.339999
0.28
-0.399999
0.44
-0.599999
-0.199999
0.120001
-2.58
-0.659999
-0.979998
-12.4202
-9.70014
0.44
-14.4603
-10.9602
-2.26
0.78
0.46
-5.32004
0.2
0.28
-1.9
0.56
-2.94
-5.36005
0.76
0.26
-0.259999
-1.22
0.76
0.0400006
0.56
-0.0199994
-6.18007
0.76
0.78
0.78
0.78
-19.7604
0.88
0.88
0.88
0.36
0.54
-4.88004
-0.399999
-1.18
0.5
0.58
0.76
-0.0399995
0.86
0.86
-10.06
-11.4802
0.76
-8.84013
-5.52005
-12.2002
0.76
0.28
0.24
0.78
0.38
0.120001
0.78
0.74
0.6
0.6
0.62
0.62
-0.319999
0.46
-0.139999
0.120001
-11.07
0.88
0.88
0.88
0.54
0.54
0.58
0.76
0.76
0.76
0.4
0.120001
-10.21
-20.2003
-3.18
-8.12011
0.3
-0.219999
0.76
0.56
0.58
-2.82
-41.2193
-10.9
0.58
0.74
0.88
0.88
0.88
0.6
0.76
-10.22
-2.88
0.38
0.76
0.76
-25.3405
0.56
-1.02
0.58
0.74
0.86
0.84
0.84
0.84
0.74
0.86
0.88
0.86
0.3
0.16
-10.06
-38.5506
0.88
0.84
0.3
0.74
0.88
0.88
0.84
0.86
0.88
-10.07
-15.65
-3.72001
-3.04
-205.889
-38.9998
-21.6404
-17.9201
0.88
0.88
0.88
-10.16
0.84
-4.92002
0.88
0.88
-10.07
-181.503
-20.7804
-1.06
-115.922
-8.14011
-0.819999
-0.319999
-2.5
0.4
0.58
-83.8396
5.36442e-07
-8.16011
0.76
0.76
0.6
-0.0799993
-0.0399994
0.6
-1.16
-10.23
-2.32
0.68
0.86
0.86
0.88
-0.859999
-0.919999
-19.1604
-51.7976
-0.119999
-0.599999
-16.5003
-2.04
-12.41
-1.24
-1.14
-0.119999
-71.856
-2.14
-9.16014
-12.7802
-0.419999
-43.3786
-0.199999
-0.239999
-5.48003
0.28
0.58
0.74
0.74
0.44
-3.74001
-7.02008
-7.06009
0.36
-4.48002
-0.439999
-30.1606
0.2
-6.96009
-9.16011
0.86
0.88
0.88
0.74
0.88
0.86
0.88
0.86
0.88
0.88
0.8
0.88
0.18
0.8
0.0800005
0.86
0.86
0.88
0.88
0.84
-10.35
-27.7806
-42.5187
0.54
0.0200004
0.76
0.32
-0.259999
-10.22
-3.22
-5.48005
-0.259999
-3.68001
-0.219999
-1.44
-0.219999
-3.12
-11.0602
0.6
-2.56
-7.52009
0.22
-0.999998
-0.939998
0.74
0.6
-0.379999
0.52
0.84
0.86
0.86
0.86
0.84
0.86
0.88
0.72
0.84
0.86
0.86
0.88
0.88
0.86
0.88
-0.439999
0.88
0.34
0.86
0.32
0.86
0.84
0.76
0.86
0.86
0.86
0.86
0.86
0.54
0.86
0.86
0.86
0.86
-10.07
-11.93
0.0800004
-0.519999
0.74
0.86
0.88
0.88
0.88
0.88
0.88
0.5
0.84
0.88
0.86
0.1
-10.15
0.84
0.86
0.86
0.86
-10.16
0.86
0.86
-0.239999
0.86
0.84
-10.23
0.86
0.86
0.86
0.86
0.86
-10.07
-17.9203
-0.379999
-15.9403
0.6
-1.68
0.76
0.38
-4.38003
0.58
-1.48
-12.7602
-4.82004
-10.3402
-0.839999
0.74
0.84
0.86
-0.14
0.54
-0.0999995
-3.68001
-0.919999
0.86
0.84
0.86
0.38
0.36
0.76
0.6
0.78
0.44
0.78
0.28
0.28
0.7
0.86
0.86
0.84
0.86
0.84
0.54
0.6
0.76
0.54
0.76
-2.18
-1.08
0.42
-14.58
-12.8402
-0.839999
-16.4401
-1.32
-9.9401
0.62
-1.44
0.78
0.76
-1.52
-35.14
0.78
-1.94
-0.359999
0.54
0.140001
-14.4603
0.58
0.78
0.62
-0.519999
-17.6003
-0.839999
0.76
0.76
0.6
-2.5
0.86
0.86
0.86
0.86
0.86
0.88
0.86
0.54
0.86
0.86
-10.16
0.160001
0.76
-0.479999
0.64
-16.9803
-13.6202
-2.44
0.74
-10.18
-6.34005
-0.0199995
0.76
0.8
0.8
0.26
0.86
0.88
0.5
0.86
0.84
0.86
0.56
0.86
0.86
0.84
-1.86
0.76
0.56
0.56
0.8
0.120001
0.62
0.4
0.3
-0.719999
-1.44
-0.539999
0.0600006
0.76
0.8
0.100001
0.78
0.6
0.78
0.76
-0.0999993
-0.679999
0.76
0.6
0.78
-1.68
0.8
0.78
-2.18
-1.58
-10.31
-33.0403
-31.6606
0.3
-1.3
0.78
0.56
0.54
-10.36
-0.999998
-11.6402
0.6
-0.599999
-0.559999
-1.06
0.78
-2.2
0.78
0.84
-0.619999
-11.57
0.84
0.88
-1.1
-4.34
0.36
-0.959998
0.84
0.86
0.0200003
0.88
0.88
0.88
0.88
0.72
0.88
0.88
0.88
0.84
0.88
0.74
0.84
-10.06
-15.3403
-20.9204
0.76
-0.759999
0.6
0.78
-0.0799993
-5.68006
0.78
0.58
-10.24
-9.38005
-12.1802
-5.04003
-45.6385
0.78
0.28
0.78
0.78
0.5
0.78
0.78
0.78
-9.44013
-3.22
-11.65
-28.8806
0.76
-56.6083
-91.2211
-0.859999
-0.359999
-1.2
0.78
0.8
0.76
0.6
-10.22
-1.56
-0.219999
-2.16
-0.799999
0.62
-1.86
0.78
0.56
-89.6209
-1.8
0.64
-2.42
-10.0202
0.76
0.64
0.32
0.78
0.44
0.42
0.78
0.42
0.42
0.64
-0.0199995
0.76
0.86
0.86
0.8
0.76
0.76
0.86
0.86
0.86
0.86
0.84
0.86
0.86
-0.179999
-10.29
0.8
0.48
0.18
0.88
0.88
0.88
0.88
0.88
0.88
0.88
-10.13
0.88
0.88
0.88
0.88
0.88
0.0800005
0.86
0.8
0.86
0.88
0.84
0.88
0.86
0.88
0.88
0.88
0.88
0.88
0.88
0.88
-0.259999
0.88
0.84
0.52
0.88
0.84
0.88
0.52
0.84
0.88
0.8
0.88
0.88
0.88
0.88
0.88
0.58
0.88
0.86
0.88
0.74
0.56
0.84
0.2
0.86
0.88
0.86
0.84
0.76
0.8
-37.6105
-17.36
0.86
0.88
0.86
0.86
0.56
-4.40002
-3.04
0.88
0.88
0.88
0.88
0.88
0.88
0.88
0.88
0.88
0.88
0.88
0.88
0.88
0.88
0.88
0.88
0.88
0.88
0.88
0.88
-11.03
-11.98
0.86
0.84
0.88
0.76
0.88
0.88
0.88
-10.07
-171.365
-60.276
-11.2802
-27.3005
0.76
-0.239999
-2.1
-0.359999
0.42
0.78
0.8
0.62
-0.0399994
-17.9501
-25.5805
0.76
0.6
-0.139999
-0.879999
0.8
-2.1
-0.479999
-3.1
0.140001
0.26
0.28
0.8
0.0800006
0.88
0.88
0.88
-0.659999
0.86
0.88
0.82
0.88
0.88
0.88
0.88
0.88
-10.07
-117.606
0.78
0.5
-0.979999
-0.739999
0.8
0.74
0.76
0.34
-0.159999
-10.22
-0.939999
-3.72001
0.76
-14.4003
0.76
-16.7803
0.8
-9.92015
0.74
0.6
0.76
0.62
0.8
-3.14
0.78
0.78
0.6
-21.9604
0.28
0.78
0.76
0.6
0.74
0.76
0.76
0.78
0.78
0.42
-0.279999
0.78
-10.24
-10.8401
-17.0603
0.76
0.76
-1.38
0.76
0.74
0.8
0.28
0.44
0.76
0.8
-10.23
0.84
0.88
0.36
0.88
0.88
0.88
0.86
0.88
0.34
0.88
0.88
0.88
0.88
0.84
0.88
0.86
0.88
0.86
0.88
0.88
0.88
0.86
-10.23
0.44
-11.01
-1.02
0.32
0.76
0.88
0.88
0.88
0.88
0.88
0.88
0.88
0.86
0.88
0.88
0.88
0.88
0.88
0.86
0.88
0.38
-10.24
-57.6363
0.78
0.28
0.78
-12.8202
-11.75
-3.38
-0.239999
-0.0799994
-3.24
0.86
0.52
-10.17
-113.266
0.76
-0.719999
-1.68
-0.719999
0.78
0.6
-4.56003
-10.19
0.7
0.68
0.8
0.8
0.22
-15.23
0.88
0.88
0.88
0.88
0.88
0.88
0.88
0.88
0.88
0.86
0.88
0.88
0.88
0.88
0.88
0.88
0.88
-10.72
0.88
-0.479999
-10.21
0.88
0.88
0.88
0.86
0.88
0.54
0.76
0.88
0.86
0.86
-0.119999
-7.16009
-1.7
-3.80001
0.76
0.64
0.68
-0.359999
-0.339999
-2.04
-2.14
0.6
0.78
0.64
-0.539999
-10.24
-9.06009
0.76
-2.94
-6.64008
0.76
-10.21
-10.18
0.88
0.88
0.6
0.72
0.54
0.3
0.88
0.86
0.88
0.86
0.8
0.88
0.86
0.84
0.56
0.86
0.86
0.86
0.86
0.84
0.86
-3.12
-10.68
0.88
0.88
0.88
0.88
0.88
0.88
-0.959999
-10.22
-0.759999
0.84
0.88
0.88
0.88
0.88
0.88
0.84
0.86
0.88
0.88
0.88
0.88
0.86
0.88
0.88
0.88
0.38
0.88
0.86
0.86
-1.58
0.76
0.86
0.86
0.86
0.86
0.82
0.56
0.86
0.84
-0.179999
0.76
0.8
0.78
0.78
0.76
0.76
0.64
0.78
-0.499999
-10.24
-5.00004
-0.239999
-12.8402
-10.2
-37.1396
0.44
0.44
0.62
-0.679999
0.8
-0.199999
0.28
0.6
0.78
0.8
-0.239999
0.48
-6.16007
0.120001
0.78
-10.38
-1.6
0.86
0.86
0.86
0.86
0.86
0.84
0.18
0.42
-11.47
0.3
-0.219999
-10.23
0.88
-14.85
-2.62
0.88
0.88
0.86
0.86
0.88
0.88
0.88
0.88
0.84
0.88
0.88
0.88
0.88
0.88
0.88
0.88
0.88
0.86
0.88
0.84
0.86
-10.58
-10.19
0.88
0.86
0.82
0.88
0.88
0.8
0.86
-10.15
0.88
0.88
0.88
0.88
-11.15
0.88
0.88
-1.92
0.88
0.84
0.86
0.84
0.84
0.86
0.86
-10.07
0.86
0.86
-20.4803
0.88
0.88
-0.739999
0.88
-10.07
-61.6875
0.86
-3.56
0.88
0.88
0.84
0.88
0.88
0.88
0.88
0.88
0.38
0.58
-2.02
0.18
-2.16
0.84
0.88
0.88
0.86
0.86
0.84
-14.94
0.88
0.88
0.88
0.86
0.88
0.8
0.86
0.88
0.88
-0.919999
0.48
0.84
0.56
0.88
-0.0799994
0.86
-1.16
-0.739999
-1.82
-1.1
0.56
0.42
-13.2202
-16.1003
-19.9501
0.84
0.88
0.88
0.86
0.88
0.88
0.88
0.88
-11.9
-1.06
0.88
0.88
0.88
0.88
0.88
-3.32
0.7
0.86
0.88
0.88
0.88
0.88
0.88
0.88
0.88
0.72
0.72
-14.07
0.88
0.88
0.88
0.88
0.84
0.88
-11.61
-16.06
0.88
0.88
0.88
-10.12
-0.12
-0.219999
0.160001
-0.399999
-12.24
-24.4302
0.24
0.4
0.48
-0.719999
0.86
0.8
0.88
0.84
0.4
0.86
0.84
0.88
0.88
0.84
0.88
0.72
0.88
-7.12005
-0.839999
0.0200006
0.86
0.88
-1.52
-2.44
0.68
0.4
0.88
0.84
-10.13
0.86
0.86
0.88
0.86
0.86
0.88
0.86
0.86
0.86
-4.52001
0.4
0.86
0.86
-10.16
-12.4001
0.36
-0.0999993
0.86
0.88
0.86
0.88
-2.38
-0.519999
-101.843
0.88
0.88
-11.4
0.88
0.88
0.88
0.88
0.88
0.88
0.86
0.88
0.86
0.86
-4.72002
0.86
0.88
0.88
-11.54
0.88
-18.7601
-1.1
0.88
0.88
0.88
0.88
0.86
0.82
0.86
-13.79
0.88
0.88
0.88
0.88
0.88
0.88
0.86
0.86
0.88
0.88
0.88
0.88
0.88
0.88
0.88
0.88
0.88
0.88
0.88
0.88
0.86
0.88
0.88
-12.55
-10.23
-5.20004
-10.19
-170.167
0.88
0.88
0.86
-11.4401
-0.759999
-147.803
0.88
0.88
-14.24
0.88
0.86
0.88
0.88
0.88
0.88
0.88
0.88
0.88
0.86
-10.8601
0.86
0.88
0.86
0.88
0.88
0.88
0.86
0.86
0.88
0.88
0.86
0.88
0.88
0.82
-14.54
-11.55
0.86
0.86
0.86
0.86
0.88
0.86
0.86
0.88
0.88
0.88
0.88
0.88
0.88
0.88
0.88
0.88
0.88
0.88
0.88
0.88
0.88
0.86
0.88
-0.619999
-10.06
-166.268
0.88
0.88
0.7
0.88
0.88
0.84
0.88
0.84
0.86
0.86
0.86
0.86
0.86
0.86
0.86
0.86
0.86
-10.06
-261.448
-12.9402
0.54
0.88
0.86
0.8
-2.42
-18.8701
-123.627
-25.2405
-2.12
-0.119999
0.88
0.88
0.88
0.86
0.88
0.86
0.86
0.84
0.82
0.88
0.86
-4.72003
-15.8603
-27.0205
-1.86
-0.379999
-2.56
-1.24
-8.58012
-5.54003
-1.3
-4.52002
-2.5
-0.379999
-11.73
-5.30003
-2.22
0.64
-3.3
-0.339999
-6.80008
-0.219999
-2.76
-0.939998
-4.52003
0.24
-0.559999
-2.62
-0.739999
-1.18
-0.0799993
-6.76007
-0.659999
-4.54003
0.100001
-1.76
0.88
0.88
0.88
0.88
0.84
0.84
0.88
0.88
0.88
0.88
0.88
0.84
0.88
0.88
0.88
0.88
0.88
0.88
0.88
0.88
0.88
0.88
0.88
0.74
0.88
0.88
0.88
0.88
0.88
0.88
0.88
0.82
0.74
0.76
0.88
0.88
0.52
0.72
0.72
0.64
0.160001
0.54
0.72
0.84
0.88
0.88
-10.06
-12.5002
0.140001
-0.199999
-24.6805
0.88
0.84
0.88
0.58
0.86
-1.34
0.8
0.74
-2.98
-8.62012
-0.879999
-0.239999
-0.959998
0.100001
-1.02
-0.559999
0.140001
-0.259999
-1.76
0.72
0.88
0.88
0.8
0.88
0.88
0.84
0.88
-10.06
-45.9382
0.120001
-0.579999
-0.0199996
0.86
0.86
-10.16
-17.2001
-130.107
-36.1198
-381.3
-118.905
-24.2405
-15.2403
-151.676
-57.6963
-25.2205
-4.06002
-17.6603
-42.2589
-0.0599993
-30.1206
-25.4903
-9.82007
0.74
0.86
0.88
0.8
0.84
0.88
0.88
-12.9
0.32
-12.35
-0.159999
0.88
0.86
0.88
0.88
0.82
0.88
0.88
0.86
0.88
0.88
0.88
0.44
-10.06
-174.085
-15.6403
-1.94
-20.8204
0.5
-0.419999
-0.0199996
-3.42
-14.0602
-6.98009
0.120001
0.3
-0.0399994
0.46
0.0200005
0.16
-4.02002
6.55651e-07
-56.6164
0.64
-4.06001
-2.68
0.24
-0.279999
-9.58014
-0.379999
-2.22
-9.02013
0.6
0.58
0.28
-0.279999
0.86
0.88
0.86
0.74
0.84
0.86
0.84
-10.07
-7.90011
0.58
-0.0999993
-23.0005
-44.0185
-61.3959
-1.58
0.58
-11.7602
0.62
0.58
0.28
0.76
0.76
0.2
-2.88
-5.50005
-0.559999
-3.42001
-1.48
0.54
-10.87
-3.98002
-3.74001
-21.3204
0.76
0.6
0.58
0.28
-1.22
0.44
0.76
0.66
-5.86006
-14.1402
-22.2004
0.56
0.44
-0.219999
-26.2005
0.76
0.58
0.6
0.42
0.76
0.58
0.74
0.44
-2.86
-0.0599993
-0.899999
0.52
0.4
0.48
0.24
-11.04
-2.92
0.74
0.88
0.56
0.72
0.84
0.88
0.56
0.84
0.88
-10.37
0.86
-15.91
0.8
-0.359999
0.88
0.88
0.88
0.88
0.8
0.88
0.84
0.86
0.88
0.88
0.88
0.88
0.88
0.84
0.88
0.88
0.76
0.88
0.86
0.88
0.88
0.88
0.88
0.88
0.88
0.72
0.88
0.88
0.88
0.88
0.88
0.88
0.72
0.88
0.88
0.88
0.88
0.88
-10.07
-42.8187
0.42
-0.219999
-4.06002
-18.3803
-10.41
0.84
0.88
0.88
0.88
0.88
-10.49
0.86
0.56
-3.72001
0.88
0.88
0.86
0.88
0.88
0.88
0.88
-11.1
0.88
0.88
0.88
0.88
-10.07
-2.34
0.88
0.88
0.88
0.88
0.88
0.88
0.56
0.88
0.88
0.88
0.88
0.88
0.86
0.88
0.86
0.88
0.88
-10.15
0.86
-0.219999
-1.6
0.54
0.76
0.88
0.88
0.88
0.88
0.88
0.88
0.88
0.88
0.86
0.84
0.54
0.88
0.88
0.88
0.88
0.86
0.88
0.88
0.86
0.88
0.84
0.58
0.88
0.88
0.88
0.88
0.88
0.56
0.88
0.86
0.8
0.88
0.54
-1.16
0.8
0.88
0.8
0.88
0.86
0.72
0.86
0.88
0.84
0.8
-0.279999
-5.02004
-10.26
0.120001
0.84
0.36
-10.06
-41.379
-1.66
-0.719999
-42.1188
0.72
0.4
0.8
0.76
0.68
0.62
-1.56
0.88
0.88
0.86
0.88
0.84
0.8
0.88
0.88
0.86
0.88
0.88
0.88
0.88
0.84
0.86
0.88
0.88
-0.0999994
0.88
0.88
0.58
-10.06
-85.5799
-2.1
-14
-13.4202
-1.88
0.42
-0.399999
0.64
-10.25
-14.93
0.88
0.86
0.88
0.88
0.88
0.88
0.88
0.88
0.82
0.86
-5.46002
0.88
0.88
0.88
0.88
0.86
0.88
0.88
0.88
0.84
0.88
0.88
0.88
0.88
0.88
0.88
0.86
0.88
0.88
0.84
0.84
0.88
0.88
0.86
0.88
-10.06
-36.1999
-0.339999
-7.4001
0.56
0.84
0.2
-8.06011
-2.82
-6.46007
-3.26
-0.639999
0.38
0.88
0.84
0.88
0.86
0.88
0.88
0.88
0.86
0.88
0.88
0.88
0.88
0.32
0.86
0.88
0.86
0.88
0.88
-0.259999
0.88
0.88
0.88
0.88
0.88
0.88
0.86
0.88
0.88
0.86
0.86
0.88
0.88
0.88
0.84
-0.359999
0.78
0.18
-0.199999
0.88
0.88
0.88
0.88
0.88
0.88
0.88
0.88
0.88
0.84
0.88
0.88
0.88
0.76
0.58
0.68
0.68
-23.1604
-7.10008
0.56
0.76
-2.42
0.6
0.8
-13.71
0.88
0.86
0.84
0.88
0.76
0.86
0.88
0.88
0.88
0.88
0.88
0.86
0.8
0.86
0.86
0.0400006
0.86
0.86
0.86
0.88
0.86
0.86
0.86
-0.559999
0.86
0.84
-10.06
-61.3556
0.76
-0.979998
-0.419999
-0.24
0.76
0.0600006
-0.799999
0.88
0.88
0.88
0.88
0.88
0.84
0.88
0.84
0.88
0.88
0.88
0.88
0.88
0.88
0.84
0.88
0.88
0.88
-10.08
-93.7215
-24.2805
-3.32
-1.22
-45.0984
-20.4901
-2.96
0.72
0.88
-10.06
-349.049
-0.559999
-0.559999
0.4
-3.92001
-15.8803
0.76
-0.579999
0.58
0.42
0.6
0.74
-0.0199994
-0.719999
-0.259999
0.4
0.6
-0.0399994
-4.12002
-0.679999
0.76
-7.3801
-0.999999
-1.12
0.58
0.56
-2.82
0.72
-6.86008
0.72
0.56
0.72
0.88
0.5
0.88
0.72
0.88
0.72
0.88
0.88
0.88
0.86
0.88
0.88
0.88
0.88
0.86
0.88
0.88
0.88
0.88
0.86
0.88
0.3
-10.21
-0.279999
-11.53
0.84
-10.07
0.88
-10.07
-299.261
0.36
-14.2403
0.76
-3.78001
0.72
-0.199999
-96.6499
-86.8598
-2.2
-3.58001
-3.56001
-130.644
0.88
0.88
0.72
0.84
0.88
0.88
0.88
0.86
0.88
-10.07
-135.323
-1.36
-140.082
-0.259999
0.78
0.5
-184.158
0.76
-7.22008
0.44
0.62
-27.4805
-0.279999
-2.52
0.88
0.32
0.86
0.88
-10.06
-67.7565
-10.8802
-10.9602
-198.851
-0.359999
-132.046
-4.28003
-68.9767
-8.94013
-12.3602
-25.0005
-0.219999
0.88
0.88
0.86
0.88
0.88
0.88
0.86
0.88
0.88
0.88
0.82
0.88
0.88
0.84
0.86
-10.22
0.86
0.88
0.88
0.88
0.88
0.88
0.88
0.88
0.88
0.84
0.88
0.88
-0.659999
0.88
0.88
0.6
0.88
0.88
-10.07
-190.934
-3.70001
-6.60008
0.62
-1.16
-1.44
-16.2803
0.72
0.56
0.38
0.72
0.58
-10.28
-9.30006
0.62
0.58
0.44
0.4
-0.359999
-0.539999
0.62
-0.719999
-40.0192
0.8
-25.0405
0.100001
-0.439999
-0.459999
0.62
0.58
-0.0599992
0.56
0.0800006
0.2
0.76
-0.139999
-13.1602
-1.28
-4.62003
-11.46
-3.36
0.62
-10.21
0.88
0.88
0.88
0.88
0.88
-10.07
-2.84
-1.24
-1.52
0.72
0.76
0.88
0.88
-10.07
-275.781
-1.68
0.54
4.17233e-07
-1.06
0.76
-0.979998
0.46
0.26
0.38
0.0800006
0.58
0.100001
0.48
0.3
0.74
-2.6
0.26
0.5
0.62
0.62
0.5
-27.5406
-0.819999
0.74
-0.199999
0.76
-0.639999
-10.44
-5.08003
0.0800006
-0.659999
0.88
0.88
0.88
0.88
0.88
0.78
0.72
0.86
0.88
0.84
0.88
0.88
0.84
0.88
0.84
-0.539999
0.28
0.58
0.8
0.74
0.6
-13.0802
0.76
-55.5169
0.88
-10.34
0.86
0.86
0.54
-10.06
-24.7404
-0.0199994
0.4
-10.92
-10.88
-2.2
-0.819999
-11.04
0.86
-1.56
0.42
-4.08001
0.100001
0.76
0.78
0.76
0.76
0.24
-12.47
0.88
0.88
0.88
0.88
0.88
-10.07
-3.06
-3.78001
0.56
0.76
0.86
0.86
0.34
-0.139999
0.58
0.56
0.58
0.44
0.76
-1.98
-0.339999
-3.04
0.76
-0.799999
0.88
0.84
0.88
0.7
0.88
-10.07
-112.005
0.22
-2.42
-10.23
-50.9974
-0.479999
0.6
0.36
0.8
0.56
-0.0799993
0.76
-28.3806
0.72
-0.0799993
-0.239999
0.88
0.88
0.86
0.86
0.86
0.86
0.88
0.86
0.86
0.86
0.86
0.86
0.86
0.86
0.86
0.88
0.88
0.52
-10.24
-1.02
0.56
0.56
0.56
0.72
0.72
0.58
0.58
0.76
0.76
0.76
-8.92013
0.58
0.72
0.72
0.72
-12.31
0.62
0.72
0.72
0.76
0.74
0.58
0.58
0.42
-21.0204
-1.44
0.32
0.56
0.72
0.8
0.56
-10.22
-13.0602
-10.54
-1.06
0.86
0.86
0.88
0.56
0.72
0.56
0.84
0.84
-0.399999
-0.0199994
0.88
0.84
0.76
0.72
0.76
0.76
-0.479999
-2.28
-1.24
0.74
-10.28
-69.1165
-9.60015
0.160001
-0.259999
0.28
-0.839999
0.120001
-0.459999
0.72
0.6
0.52
-5.22004
0.86
0.86
0.86
0.86
0.56
0.86
0.86
0.86
0.86
0.84
0.86
0.86
0.86
0.86
0.86
0.86
0.86
0.86
0.86
0.86
0.86
0.84
-0.219999
-10.79
0.88
0.88
0.88
0.84
0.88
0.86
0.88
0.88
0.88
0.82
0.88
-0.239999
0.68
-10.07
-156.233
0.64
-121.587
-61.7156
0.76
-2.02
0.86
0.86
0.84
0.88
0.88
0.88
0.88
0.88
-10.26
-12.57
-1.12
0.88
0.88
0.86
-10.06
-80.1389
0.8
0.6
0.52
-0.159999
0.74
-0.979998
0.5
0.0200005
-11.8402
-26.9005
-3.74001
-2.46
-11.87
-18.06
-741.385
-575.879
-52.0572
-63.4973
-5.18004
-12.65
0.88
-7.00004
0.84
0.86
0.88
0.86
0.88
-0.599999
0.64
0.88
0.86
0.86
0.86
-0.779999
0.86
0.86
0.86
0.84
-0.259999
0.88
0.86
0.86
0.84
-1.28
0.86
0.86
0.86
0.86
0.86
0.86
0.84
0.86
0.86
0.86
0.86
0.88
0.88
0.88
-0.259999
0.88
0.88
0.88
0.88
0.88
0.76
0.88
0.88
-10.27
0.86
0.86
0.86
-10.07
-165.848
-9.54014
-14.2402
-2.56
-7.4801
-1.8
-10.1602
0.86
0.88
0.88
0.88
0.88
0.84
0.88
0.76
0.58
0.88
0.58
0.88
0.88
0.88
0.88
0.7
0.88
0.88
0.88
0.84
0.88
0.84
0.88
0.86
0.88
0.86
0.88
0.88
0.88
0.88
0.86
0.8
0.88
0.88
0.88
0.88
0.86
0.88
0.88
0.88
0.88
0.88
0.88
0.86
0.88
0.88
-10.28
-32.4104
0.88
0.88
0.88
0.88
0.88
-7.24004
0.88
0.88
0.88
0.88
0.88
0.88
0.88
0.88
0.86
-10.79
-2.6
-11.52
0.88
0.84
0.88
0.88
0.88
0.88
0.86
0.88
0.86
0.84
0.88
0.88
0.62
0.86
0.88
0.88
0.88
0.88
0.56
0.88
0.88
0.46
0.88
0.88
0.88
0.88
-10.19
-31.0806
0.72
0.88
0.88
0.88
0.88
0.88
0.88
0.88
0.86
0.88
0.84
0.88
0.24
0.0800006
0.24
-1.32
0.0800006
-1.2
-1.7
-2.48
0.72
0.64
0.76
0.58
-1.7
0.72
0.72
0.88
-5.86005
0.88
0.76
0.8
0.58
0.78
0.78
0.18
-15.76
-2.3
-2.26
0.0400006
-1.04
-5.66006
-12.0202
-0.219999
-0.799999
0.8
-2.56
-12.01
0.88
0.88
0.88
0.88
0.88
0.86
0.88
0.88
0.88
0.88
0.88
0.88
0.88
-10.07
-27.9405
-45.8982
0.64
0.54
0.0600005
0.6
0.6
-2.26
0.120001
0.62
0.42
-11.23
-16.1602
0.64
-36.0998
-2.06
0.76
0.72
-0.0999993
-6.06006
-3.56001
0.3
-1.34
-0.119999
0.48
-5.06004
0.26
0.32
0.72
0.62
0.72
0.88
0.88
0.88
0.84
0.88
0.56
-10.21
-4.16002
0.88
0.88
-3.78001
0.86
0.88
0.88
0.88
-10.16
-8.54007
0.86
0.88
0.88
0.86
0.88
0.88
-10.07
-332.132
0.72
0.64
-8.90013
0.76
0.72
0.66
-24.3405
-0.619999
-0.0199994
-0.619999
-47.6979
-0.0599993
-1.46
0.6
-0.719999
-0.419999
0.8
-0.899999
-78.7386
-1.68
-0.419999
0.88
0.88
-10.2
-39.3993
0.76
0.72
-275.68
-0.439999
0.24
0.88
0.88
0.88
0.88
0.88
0.88
0.6
0.88
0.88
0.72
0.88
0.88
0.88
0.88
0.88
0.88
0.88
0.88
0.86
0.88
0.88
0.88
0.86
0.88
0.52
0.56
0.72
0.88
0.76
0.76
-8.94012
-0.319999
0.6
-1.22
0.24
-0.179999
-0.0799992
0.74
0.58
0.84
0.38
0.88
-0.359999
-10.25
-0.899999
0.16
0.86
0.86
-10.06
-118.125
-3.96002
-0.199999
-1.36
-10.06
-271.276
0.18
0.88
0.88
0.88
0.88
0.88
0.88
0.88
0.88
0.82
0.88
0.86
0.88
0.88
0.84
0.86
0.88
0.42
0.88
0.88
0.88
0.88
0.88
0.86
0.88
0.88
0.86
0.88
0.84
0.84
0.88
0.88
0.84
-0.719999
0.88
0.88
0.88
0.88
0.62
-12.73
0.88
0.86
0.54
0.88
0.88
0.88
-11.59
0.28
0.88
-11.62
0.88
0.88
0.88
0.86
0.84
-10.37
0.86
-4.00001
-0.539999
0.44
-0.0999993
-3.68001
-12.1402
-0.919998
-3.44001
-1.14
0.24
0.88
0.88
0.88
-1.2
0.88
0.88
0.88
0.88
0.88
0.48
0.88
0.88
0.88
0.88
0.88
0.86
0.86
0.88
0.88
0.84
0.84
-1.5
-0.0399994
-0.739999
0.88
0.88
0.88
0.86
0.88
0.88
0.88
0.86
0.88
0.88
0.88
-10.07
-33.7802
-11.0602
-3.66001
-0.0599993
0.88
0.44
-3.76001
-3.68001
0.100001
-0.379999
-4.42003
-0.339999
-4.52003
0.76
0.0400006
-0.799999
-0.999998
-0.999998
0.38
0.56
0.72
-0.339999
0.76
-0.839998
0.42
0.64
-0.479999
0.44
-11.25
0.86
0.18
0.48
0.72
0.4
0.26
0.72
0.62
0.56
0.88
0.88
-10.88
-0.999998
0.4
-2.48
-1.84
-14.17
-10.2
0.88
0.88
0.32
-0.899999
0.88
0.86
0.88
0.6
0.88
0.88
-10.06
-70.1769
0.6
-1.24
0.58
-11.24
-52.597
-53.5169
0.72
-3.2
-1.48
0.58
0.72
-3.18
-2.42
0.56
-0.359999
-4.56003
-8.46012
-1.62
0.48
-1.34
0.72
0.72
0.8
-0.339999
0.76
0.28
-5.80006
-0.979998
-0.839999
-16.19
-4.00001
-0.239999
0.8
0.76
-1.12
0.86
0.86
-1.78
-2.44
-0.179999
-5.52004
0.120001
-0.379999
0.76
-0.519999
-1.96
0.8
0.76
0.160001
0.44
-11.8
-7.8201
0.120001
0.6
-0.719999
-1.02
-0.159999
0.76
0.3
-0.519999
0.26
-0.399999
0.66
-10.4
-2.68
0.6
0.8
-2.04
-10.24
0.86
0.88
0.88
0.88
0.86
0.88
0.88
0.84
0.88
0.88
0.88
0.88
0.88
0.88
0.86
0.88
0.88
0.88
0.86
-0.579999
0.88
0.72
0.58
0.76
0.56
0.72
0.58
-7.16009
0.64
0.76
0.4
0.52
0.8
-0.359999
-1.18
0.76
-0.199999
-10.46
0.38
0.46
0.58
0.72
0.76
0.72
0.58
-0.0599993
0.0200005
0.58
0.6
0.8
-0.0599993
0.46
0.76
0.58
0.76
-10.96
-14.1202
0.120001
0.62
0.76
-0.359999
-11.23
-4.20002
0.48
0.7
0.86
0.7
0.86
-10.07
-3.12
-2.38
-9.96015
0.120001
0.32
0.100001
0.28
0.120001
-10.87
-15.81
-4.22002
-1.52
-1.8
-0.799999
-5.04004
-13.5402
0.42
-0.0399994
0.76
0.28
0.120001
0.84
-1.3
-12.96
-6.12007
-1.32
-15.6403
0.0800006
0.76
0.76
-10.24
-0.879999
0.8
-0.359999
0.66
-0.819999
0.88
0.88
0.88
0.84
-45.5783
-102.884
-0.119999
-19.0604
-1.88
-10.28
-4.98003
-10.39
0.88
0.88
0.82
-2.06
0.76
0.42
0.6
0.6
0.76
-0.139999
0.86
0.86
0.88
0.86
-0.559999
0.58
0.76
0.76
-0.179999
0.100001
0.0400006
0.76
0.58
0.16
-0.299999
-0.699999
0.76
-0.519999
0.44
0.76
-10.24
-1.92
-0.119999
0.2
0.46
0.7
0.64
0.64
0.88
0.6
0.62
0.56
0.62
0.36
0.62
0.6
0.64
-10.22
-10.07
-1494.91
-1248.78
-29.6006
-0.0999994
0.78
0.76
0.76
-0.0399994
-1.6
0.24
-95.9219
-1.94
-3.34
0.52
0.22
-9.72014
-11.28
0.86
-10.55
-35.0399
0.72
0.62
0.6
0.72
0.76
0.22
0.72
0.56
0.62
-0.0599993
0.26
-0.0599993
0.26
0.78
-2.16
-0.199999
0.0800005
-16.9403
-195.412
0.88
0.88
0.88
0.88
0.84
-0.519999
0.54
0.14
0.56
0.6
0.72
0.72
0.72
0.88
0.58
0.76
0.88
0.86
0.88
0.88
0.88
0.84
0.88
0.86
0.76
0.84
0.88
0.88
0.88
0.88
0.72
0.88
0.88
0.88
-10.06
-38.9193
0.34
-1.96
-0.0599993
-144.239
0.64
-7.16009
0.36
0.120001
-0.399999
0.100001
0.6
0.0200004
-6.08007
-0.0199993
-10.28
-6.04002
-10.77
-2.22
0.56
0.44
0.72
0.76
-10.21
0.56
-2.64
-14.75
0.88
-4.04
-2.2
0.86
0.86
0.88
0.88
0.88
0.88
0.88
0.88
0.88
0.88
0.88
0.86
0.86
0.88
0.86
0.88
0.88
0.86
0.86
0.88
-2.78
0.86
0.88
0.88
0.88
0.88
0.86
0.8
0.88
0.58
0.84
0.86
0.76
0.58
-0.299999
0.72
0.86
0.54
0.42
0.36
-0.239999
-1.7
0.76
0.32
0.56
0.76
-1.3
0.14
0.62
0.76
0.4
0.120001
0.140001
0.7
0.72
0.8
0.88
0.86
-2.68
0.72
0.86
0.76
-0.599999
0.72
0.86
0.72
0.76
0.8
0.86
0.72
0.76
0.54
0.76
0.6
0.34
-1.28
0.120001
0.0800006
0.8
0.76
0.34
0.88
0.88
0.88
0.88
0.88
0.86
-10.21
0.88
-1.48
0.88
-10.15
0.88
0.88
0.88
0.88
0.84
0.88
0.88
0.84
0.86
0.86
0.86
0.86
-10.43
0.72
0.88
0.88
0.88
0.88
0.86
0.88
0.88
0.88
0.88
0.76
-14.97
-124.468
-4.26002
0.0200006
-10.22
0.220001
-5.98004
-15.3203
-0.519999
0.6
0.84
-0.219999
0.72
0.42
-10.06
-719.723
0.72
0.86
0.88
0.88
0.86
0.88
0.86
0.84
0.84
0.88
0.88
0.7
0.86
0.88
0.86
0.88
0.88
0.88
0.86
0.88
0.88
0.86
-10.42
0.86
-10.19
-1.04
0.6
0.8
0.58
0.72
0.62
0.72
0.4
0.58
0.62
-10.24
-10.3401
-1.78
-0.379999
0.0600006
-3.44
0.26
-3.38
-1.9
0.100001
0.76
0.3
0.26
-0.699999
0.58
0.86
0.86
0.62
0.84
0.76
0.76
0.64
0.76
-10.24
0.88
0.88
0.84
-10.23
-2.44
0.180001
0.76
0.76
0.54
0.86
0.86
0.86
0.76
0.86
0.86
0.84
0.88
0.88
0.88
0.88
0.88
0.88
0.88
0.88
0.88
0.88
0.88
-29.6806
-2.2
0.7
0.26
0.72
0.76
0.76
0.84
0.88
0.88
0.88
0.86
0.88
-10.06
-46.1382
-29.3903
-129.127
-0.0799993
0.54
0.62
0.76
0.44
0.58
0.0400004
0.44
-0.199999
0.120001
-10.45
-3.86001
-0.359999
-0.199999
0.86
0.86
0.88
0.88
0.88
0.88
0.86
0.88
-10.06
-36.7597
-15.4203
-3.64001
-0.839999
-0.319999
0.0600004
0.6
-7.06009
0.76
-0.999998
0.62
-10.37
-0.299999
0.140001
0.44
0.58
0.76
0.76
-4.18002
-0.999998
-22.3604
-53.197
0.76
-58.7361
-29.3206
-10.26
-0.579999
0.86
0.88
0.88
0.88
0.88
0.88
0.86
0.88
0.88
0.84
0.88
0.88
0.88
0.84
0.88
0.88
0.86
-11.34
0.88
0.88
0.84
0.88
0.88
-10.06
-10.3201
0.64
0.44
0.74
-2.58
-0.0399994
-1.92
-1.7
-2.24
0.42
0.120001
0.76
0.44
0.6
0.62
0.4
0.8
0.76
0.58
0.46
-3.98002
0.8
0.58
0.4
0.44
0.56
0.62
0.44
0.62
-0.379999
0.120001
-3.18
-1.18
0.140001
0.76
-10.69
-4.34001
0.86
-0.259999
-10.73
-9.24012
0.56
0.76
0.54
0.18
-2.12
-8.20011
0.56
-0.239999
-0.979998
0.76
0.76
0.76
0.26
-2.52
-0.259999
-0.139999
-0.519999
0.76
0.76
0.6
0.76
0.58
0.58
0.28
0.28
0.8
-4.14002
0.4
0.62
-10.24
-5.02003
0.48
-10.22
-3.42001
0.84
0.6
0.14
0.0800006
0.26
0.36
0.64
-0.199999
0.46
0.44
0.72
0.72
0.62
0.72
0.8
0.64
0.6
0.76
-23.1405
-12.4202
0.78
-10.86
-5.82006
-1.12
-0.679999
0.44
-4.70004
0.4
-14.74
-2.24
0.88
0.86
0.88
0.86
0.88
0.88
0.88
0.88
0.88
0.88
0.88
0.88
0.86
0.64
0.86
0.88
0.88
0.88
0.86
0.88
0.88
0.84
-1.06
0.88
0.88
0.88
0.88
0.86
0.88
0.86
0.88
-1.54
-0.199999
-1.76
-0.939999
0.24
0.8
0.86
0.88
0.88
0.88
0.76
0.62
0.76
0.76
0.6
-2.68
-0.239999
-0.379999
-1.74
-1.26
-4.74004
0.2
-1.84
0.8
-4.84004
-1.3
0.42
0.0800006
-0.279999
0.26
-0.559999
-1.68
-0.199999
-1.04
0.54
0.88
0.88
0.88
0.72
0.84
0.86
0.88
0.88
0.84
0.84
0.88
0.88
0.88
0.88
0.88
0.88
0.88
0.86
0.88
0.84
0.84
0.88
0.88
-1.44
0.8
0.86
0.88
0.88
0.88
0.84
0.88
0.88
0.88
0.88
0.88
0.88
0.88
0.88
0.88
0.86
0.88
-10.46
-26.0205
0.6
0.46
0.22
0.7
0.88
0.4
0.84
-0.0199994
0.76
0.76
0.76
0.72
0.76
0.76
-10.28
-10.4201
0.56
0.8
0.76
0.64
-10.28
-15.45
-4.76002
0.84
0.88
0.88
0.88
0.88
0.88
0.88
0.88
0.88
-1.36
-10.06
-1.88
0.76
0.72
0.76
0.22
0.72
0.6
0.64
-10.29
-5.22003
-0.539999
0.62
0.76
0.72
0.76
0.72
-0.379999
-1.5
0.62
0.6
0.5
0.72
0.76
0.62
0.76
0.76
0.84
0.56
0.76
0.72
0.76
0.7
-10.58
-24.3605
-11.61
-45.1984
-1.78
0.76
0.8
0.100001
0.46
-0.0399994
0.6
0.100001
0.28
-0.139999
0.8
0.72
0.76
0.44
-0.639999
0.88
0.46
0.72
0.42
0.72
0.88
0.86
0.72
0.88
0.88
0.88
0.88
0.88
0.86
0.88
0.88
0.88
0.86
0.88
0.88
0.86
-0.259999
0.62
0.58
0.72
0.44
0.74
0.76
0.72
0.76
0.76
0.62
-0.199999
0.76
-3.76001
0.82
0.2
0.78
-4.82004
-2.06
0.72
0.76
0.72
-3.42
0.88
-10.06
-29.9406
-1.48
0.84
-12.76
-5.62004
-2.02
0.46
0.56
0.6
-0.679999
0.88
0.88
0.88
-10.22
-18.6601
-16.7203
0.64
0.64
-10.24
-14.62
0.88
0.88
0.88
0.88
0.88
0.86
0.84
0.86
0.88
0.86
0.86
0.86
0.88
0.88
0.86
-10.06
-7.68002
0.46
0.52
0.54
0.62
-10.2
-5.80002
-0.739999
-0.559999
0.62
-10.22
-3.66001
-3.92002
0.62
0.62
0.6
0.72
0.72
0.64
0.72
0.6
0.78
0.62
-10.19
-8.56011
0.62
0.62
0.86
0.88
0.88
0.88
-13.21
-4.82003
0.48
-0.0599993
-0.0199994
-1.18
-11.37
-13.6602
0.48
-10.37
0.52
0.46
0.84
0.72
0.72
0.58
0.62
0.28
0.0800005
0.72
0.6
-0.919999
0.76
-0.419999
0.42
0.8
0.140001
-1.94
-0.539999
0.56
0.28
0.6
-5.90006
-2.28
0.6
0.74
0.0800006
0.46
0.76
0.64
-0.359999
0.76
-10.67
-1.26
-10.69
-14.57
0.86
0.86
0.88
0.88
0.88
0.88
0.88
-1.66
0.44
0.84
0.88
0.88
0.88
-10.08
-6.72007
0.0200005
0.62
0.6
0.86
0.88
0.88
0.88
0.58
0.88
0.88
0.88
0.88
0.86
0.88
0.6
0.62
0.4
0.56
0.88
0.72
0.0200005
0.72
0.6
-0.0599995
0.72
0.72
0.6
0.42
-1.08
0.76
0.24
0.28
-18.0003
0.88
0.88
0.88
0.84
0.88
0.86
0.84
-0.319999
0.36
0.76
0.76
0.76
-16.6603
0.44
0.64
-1.38
6.55651e-07
0.0600006
0.88
0.86
0.88
0.88
0.88
0.76
-10.06
-43.1186
0.32
-0.679999
0.28
-1.5
-0.719999
-0.219999
-0.199999
-0.779999
0.74
0.62
0.76
0.76
-19.2401
-237.432
0.8
0.76
0.8
0.76
-0.939999
0.88
0.88
0.88
0.88
0.88
0.88
-10.06
-43.2786
0.76
-0.559999
-4.78004
-1.4
0.2
0.200001
-0.439999
0.4
-5.36005
-0.219999
-0.719999
0.36
0.76
0.0800006
0.84
-0.499999
0.76
-0.519999
0.28
-1.12
-1.52
-3.58001
-0.0199995
0.76
0.36
0.62
0.76
0.44
-1.18
-0.559999
-3.14
0.0800006
0.120001
-2.34
-0.359999
-0.0999993
0.100001
-0.0399994
-1.98
0.120001
0.6
-3.90002
-5.76006
0.76
0.62
0.62
-1.86
-1.2
-10.25
0.68
0.88
0.88
0.88
0.86
0.56
0.88
0.88
0.86
0.86
0.88
0.88
0.88
0.88
0.88
0.86
0.86
0.88
0.72
-10.07
0.66
-158.252
-2.78
0.78
-10.82
0.88
0.84
0.86
0.88
0.88
0.86
0.86
0.88
0.88
0.88
0.88
0.86
0.88
0.88
0.88
0.88
0.88
0.88
0.88
0.88
0.88
0.0200006
0.86
0.88
0.88
0.88
0.88
0.88
0.88
0.88
0.86
-0.179999
0.72
0.88
0.88
0.86
0.88
0.86
0.58
0.88
0.86
-10.06
-50.9374
-20.5804
0.6
0.6
-10.38
-3.18
-7.5001
-13.4402
-10.2
-655.504
-30.4006
-3.1
-55.4767
-7.04009
-7.98011
0.86
-10.15
0.86
-10.06
-1004.52
0.0200006
-10.23
-74.5178
-113.366
0.86
0.88
0.86
0.86
0.86
0.86
0.88
0.86
0.86
0.84
0.88
0.76
0.86
0.86
0.86
0.76
0.76
0.76
-5.06004
-0.519999
-3.44001
-2.06
0.42
0.3
-1.14
0.6
-1.9
-0.539999
0.6
-14.57
-5.02003
0.28
0.76
0.76
0.44
0.76
0.78
0.76
0.0800005
-0.239999
-0.519999
0.76
5.96046e-07
0.76
0.76
0.76
-1.16
-1.32
-1.06
0.44
0.46
-0.0399994
-0.699999
-0.679999
-12.3
0.62
0.24
-0.899999
0.86
0.6
-0.859999
-78.1186
-21.3404
-1.7
0.32
-0.0999994
-0.219999
-0.919999
0.74
-0.999998
-3.36
0.88
0.88
0.84
0.88
-11.92
0.84
0.84
0.86
0.88
0.88
0.76
0.88
0.88
0.88
0.88
0.88
0.88
0.88
0.86
0.88
0.88
0.88
0.88
0.88
0.88
0.88
0.88
0.86
0.86
0.88
0.86
0.86
0.88
0.88
-1.14
0.76
0.76
-1.56
-0.719999
-1.24
0.72
-1.46
0.58
0.84
0.86
0.86
0.86
0.88
0.88
0.88
0.88
0.88
0.84
0.58
0.88
0.88
0.58
0.88
0.88
0.88
0.88
0.88
-10.13
0.84
0.88
-3.08
-10.22
0.88
0.86
0.86
0.86
0.86
0.86
-3.28
-10.23
0.88
0.86
0.86
0.86
0.88
0.88
0.88
0.86
0.88
0.86
0.88
0.88
0.88
0.58
-9.1201
-6.60007
-12.2202
-10.24
-7.72006
0.88
0.88
0.88
0.0600004
0.88
0.86
0.88
0.88
0.86
0.88
0.86
0.88
0.84
0.88
-10.39
0.86
0.88
0.88
0.88
0.86
0.86
-1.04
-1.24
0.78
0.88
0.72
0.88
0.72
0.88
0.88
0.88
0.88
0.72
0.88
0.88
0.88
0.88
0.88
0.88
0.88
-11.63
0.88
0.88
0.88
0.88
0.86
0.88
0.86
0.88
0.88
0.88
0.76
0.76
0.58
0.76
-2.98
0.88
0.88
0.86
0.88
0.88
0.88
0.86
0.88
0.88
0.88
0.88
0.88
-10.07
-10.78
0.62
0.88
0.88
0.88
0.88
0.86
0.88
0.88
0.84
0.88
0.88
0.88
0.88
-10.53
-83.3998
-3.90002
-10.4002
0.64
-0.359999
-0.479999
-2.86
-16.5403
-1.48
-0.999998
-3.48001
-5.36005
0.86
0.62
-0.419999
-10.07
-102.903
-2.62
0.86
0.88
0.88
0.88
0.88
0.88
0.88
0.86
-10.06
-105.664
-6.48008
-2.84
-5.66006
-2.8
-98.5827
-0.679999
-3.98002
0.62
0.48
-1.18
-0.459999
-53.8387
-3.68001
0.86
0.38
0.76
0.76
0.2
0.76
0.8
0.76
0.76
0.76
0.76
-3.44001
0.64
-13.2402
-6.84003
0.72
0.8
0.88
0.88
0.88
0.88
0.88
0.88
0.88
0.88
0.88
0.88
0.88
0.88
0.88
0.88
0.88
0.88
0.88
0.78
0.76
0.88
0.88
0.86
0.84
-1.58
-0.799999
-21.2802
0.86
0.86
0.88
0.88
0.84
0.88
0.88
0.88
0.88
0.88
0.88
4.76837e-07
0.88
0.88
0.88
0.88
0.88
0.88
0.88
0.86
0.88
0.88
0.88
0.76
0.88
0.88
0.88
0.76
0.88
0.86
0.44
0.44
0.78
0.78
0.62
0.6
0.78
0.56
0.76
0.32
-0.779999
0.86
0.86
0.32
0.88
0.6
0.76
0.84
0.72
0.88
0.88
0.88
0.88
0.88
0.88
0.8
-0.919999
-2.06
0.88
0.88
0.88
0.88
0.88
-10.07
-41.3789
-3.40001
0.7
0.86
0.76
0.88
0.88
-0.459999
0.88
0.88
0.88
0.88
0.88
0.88
0.88
0.88
0.88
0.88
0.88
0.86
-10.06
-16.8803
-32.3804
-11.42
-145.079
-16.4203
-0.479999
0.32
-10.7002
-3.1
-15.26
-6.28005
-1.8
-0.839999
-0.739999
-5.84001
-10.34
-6.88007
-1.26
-3.62001
0.140001
-2
-1.18
-1.96
-76.7982
-1.48
-5.56005
-7.6401
-1.96
-3.22
-13.77
-26.6405
0.6
0.76
0.6
0.76
0.76
0.18
-4.86004
-0.879999
0.32
0.24
0.44
-1.3
-1.72
0.62
-2.5
0.56
-0.179999
0.32
-51.2191
-6.04006
-1.9
-5.16005
0.38
-0.379999
-5.90005
-0.619999
0.42
-7.10008
-7.3801
-1.62
-4.82004
-0.479999
-1.96
-1.18
-0.0199996
-1.54
0.88
0.88
0.88
0.88
-10.24
-0.0199994
0.76
0.72
-10.21
-0.339999
-10.43
0.88
0.88
0.88
0.88
0.88
0.88
0.86
0.88
0.88
0.88
0.88
0.88
0.88
0.86
0.88
0.88
-10.15
0.86
0.88
0.88
0.88
0.86
0.88
0.88
0.88
0.88
0.88
0.88
0.88
0.88
0.88
0.88
0.88
0.86
0.88
0.24
0.88
0.88
-10.07
0.86
0.86
0.86
-10.06
-16.3403
-9.10013
0.68
-0.239999
-1.82
-9.64015
0.76
-0.839999
0.76
-11.4002
0.76
-0.799999
-218.02
-75.518
0.72
0.3
0.84
0.86
0.88
0.76
0.88
0.88
0.82
-1.18
0.76
-0.719999
-0.819999
-1.48
0.76
-2.96
-1.8
-10.34
-12.42
0.88
0.88
0.88
0.88
0.88
-13.64
0.1
-10.0401
0.86
0.22
0.88
0.88
0.88
0.86
0.88
0.88
0.88
-0.159999
0.88
0.88
0.88
0.88
0.78
0.88
0.88
0.88
-1.86
0.76
0.42
0.88
0.88
-10.07
-4.78001
0.76
-0.759999
0.88
0.88
0.88
0.88
0.88
0.88
0.88
0.7
0.88
0.88
0.86
0.88
0.88
0.88
0.88
0.88
0.88
0.6
0.88
0.88
0.44
0.76
0.6
0.54
0.88
0.86
0.86
0.88
0.86
0.86
0.88
0.88
0.86
0.88
0.88
-0.459999
0.86
0.88
0.88
0.88
0.38
0.58
0.72
0.6
0.78
-0.119999
0.86
0.88
0.88
0.88
0.88
-10.07
-10.8
-5.02003
0.76
-11.15
-0.879999
-0.16
-2.62
-11.62
0.0600006
-2.66
-1.54
-1.14
-1.1
0.88
0.88
0.88
0.88
-10.06
-80.5789
0.84
0.88
0.88
-38.0405
-3.2
-0.119999
0.88
0.88
0.88
0.88
0.88
0.88
0.88
0.88
0.88
0.88
0.88
0.88
0.86
0.88
0.88
0.86
0.88
0.88
0.88
0.88
0.86
0.88
0.88
0.88
0.88
0.8
0.3
0.88
0.88
0.88
0.88
0.86
0.88
0.88
0.62
0.84
0.86
0.88
0.88
0.54
0.88
0.88
0.86
0.88
0.88
0.82
-0.799999
0.6
-1.24
-0.659999
0.62
-0.839999
0.76
0.76
0.26
0.86
0.86
0.56
0.56
-10.26
0.88
0.88
0.88
-10.24
-8.62008
0.0200004
0.62
0.56
-3.34
0.62
0.42
-0.259999
0.6
-9.78015
-0.859999
-0.339999
-0.579999
0.84
-0.239999
0.76
0.0800005
0.76
0.76
0.76
-6.18007
0.58
0.140001
0.2
-0.319999
0.88
0.88
-10.06
-198.011
-15.8603
-13.2002
0.88
0.88
0.84
0.88
0.88
0.88
0.88
0.88
0.76
0.84
0.88
0.86
0.84
0.58
-10.06
-253.281
-30.1904
0.28
-0.0399994
0.200001
0.44
-235.051
-1.32
-9.62014
0.44
0.84
0.54
0.78
0.88
0.88
0.88
0.88
0.88
0.84
0.88
0.88
0.88
0.88
0.88
0.88
0.88
-10.06
-279.804
-7.52009
-19.9404
-0.199999
-11.7402
0.44
0.6
-13.5802
0.44
-13.73
-4.64003
-8.66012
0.76
0.76
0.76
0.7
0.86
0.88
0.86
0.86
0.6
-20.6204
-11.48
-11.7001
-0.719999
-12.46
-644.445
0.6
-35.7
-33.7202
-4.24002
0.72
0.88
0.88
0.88
0.76
0.76
0.88
0.88
0.86
0.88
0.88
-0.0999993
0.86
-10.06
-331.032
-4.34003
-0.719999
0.86
0.88
0.88
0.88
0.88
0.76
0.8
0.6
-36.2797
0.76
-27.7806
-8.04011
-6.46007
-4.08002
0.62
0.4
0.46
0.76
-10.47
-3.28
-86.9781
-7.4201
-0.339999
-37.7795
-17.9003
-339.458
-104.624
-16.1203
-33.5002
-3.96002
0.86
0.88
0.88
0.86
0.86
0.88
0.88
-10.07
0.88
-28.8606
0.88
0.86
0.86
0.88
0.88
0.86
0.88
0.88
0.86
0.88
0.88
0.88
0.88
-10.06
-119.107
-447.239
-0.839999
-1.12
0.64
-10.4
-0.899999
-9.84015
-313.756
-680.461
0.58
0.76
0.0200006
0.76
0.76
0.62
-16.9403
-0.519999
-12.62
0.38
0.86
0.86
0.58
-0.579999
-8.30011
0.84
0.88
0.88
0.56
0.120001
0.88
0.52
0.62
-0.199999
-0.959998
0.6
0.62
0.160001
0.88
0.88
0.88
0.88
0.88
0.88
0.88
0.88
0.88
0.88
0.88
0.88
-1.5
0.88
0.86
0.86
0.86
0.88
0.84
0.72
0.88
0.88
0.88
0.86
0.88
0.88
0.86
0.88
0.84
-1.78
0.58
0.22
-11.43
-1.38
-2.52
0.76
0.88
0.88
0.88
0.86
0.86
0.76
0.88
0.86
0.86
0.86
0.88
0.88
0.82
-1.06
0.44
-17.2803
-6.64008
0.88
0.88
0.88
0.88
-10.23
0.88
0.88
0.88
0.88
0.88
-0.459999
-1.6
0.88
0.88
0.76
0.88
0.88
0.88
0.88
0.88
0.88
0.88
0.86
0.56
0.86
0.62
0.88
0.88
0.88
0.86
0.86
0.76
0.88
0.88
0.86
0.86
0.86
0.58
0.86
-1.32
-8.0601
0.0200006
0.88
0.7
0.84
0.86
0.88
0.88
0.88
0.86
0.88
0.88
0.86
0.88
0.86
0.86
0.88
0.88
0.88
0.88
0.88
0.88
0.88
0.88
0.84
0.88
0.88
0.88
0.88
0.58
0.88
0.88
0.76
0.6
0.88
0.86
0.84
0.88
0.88
0.86
0.88
0.88
0.88
0.88
0.88
0.88
0.88
0.84
0.6
0.88
0.6
0.42
-0.0799994
-1.24
0.28
0.88
0.88
0.86
0.88
0.88
0.88
0.88
0.76
0.86
0.88
0.88
0.88
0.88
0.62
0.58
-10.19
-7.92011
0.28
0.66
0.6
0.6
-0.499999
-0.0399994
0.2
-12.04
-10.06
-15.7603
-13.1
0.88
0.88
-15.59
0.88
0.84
0.86
0.86
0.88
0.86
0.86
0.86
0.86
0.86
0.88
0.88
-4.28001
0.64
0.8
0.76
0.88
0.88
0.84
0.88
0.86
0.88
0.32
0.88
0.88
0.88
0.88
0.88
0.86
0.88
0.88
0.86
0.88
0.86
0.88
0.84
0.88
0.88
0.58
0.88
0.84
0.88
0.88
0.76
0.88
0.88
0.86
0.86
0.88
0.86
0.88
0.88
0.88
0.88
-10.15
0.86
0.86
0.54
0.86
0.76
0.56
0.86
0.88
0.76
-10.28
-26.1405
-17.6003
6.55651e-07
0.86
0.88
0.84
-0.259999
0.88
-12.62
0.86
0.86
0.88
0.86
0.88
0.88
0.88
0.88
0.88
0.76
0.86
0.88
0.88
0.88
0.88
0.88
0.88
0.88
0.88
0.88
0.76
0.88
0.86
0.88
0.88
0.88
0.88
0.86
0.88
0.88
0.88
0.88
0.88
0.88
0.88
0.88
0.88
0.76
0.88
0.88
0.88
0.88
0.88
0.86
0.88
0.88
0.76
0.88
0.88
0.76
0.88
0.88
0.88
0.88
0.88
0.86
0.88
0.88
0.88
0.88
0.88
0.86
0.88
0.58
0.88
0.86
0.88
0.86
0.88
0.88
0.88
0.86
0.48
0.44
-10.84
0.82
0.86
0.88
0.34
0.88
0.88
0.86
0.88
0.88
0.84
0.86
0.84
0.84
0.86
0.88
0.86
0.86
0.86
0.88
0.86
0.86
0.86
0.86
0.84
0.84
0.86
0.86
0.86
-1.1
0.88
0.88
0.88
0.86
0.86
0.4
0.88
0.88
0.88
0.88
0.88
0.88
0.88
0.88
0.6
0.88
0.86
0.88
0.76
0.86
-0.699999
0.88
0.88
0.82
-0.699999
-3.38001
0.88
0.88
0.88
0.88
0.88
0.88
0.88
0.88
0.88
0.88
0.88
0.88
0.88
0.76
0.88
0.82
0.84
0.86
0.86
0.86
-0.799999
0.0800005
0.88
0.88
0.88
0.88
0.88
0.88
0.86
0.88
0.32
0.88
0.88
0.84
0.88
0.86
0.88
0.88
0.88
0.88
0.88
0.88
0.88
0.88
0.88
0.88
0.88
0.88
0.88
0.86
0.88
0.84
0.88
0.88
0.84
0.84
0.88
0.88
0.88
0.88
0.88
0.84
0.88
0.88
0.88
0.88
0.88
0.88
0.88
0.76
0.88
0.86
0.78
0.86
0.0400004
0.86
0.86
0.88
0.86
0.86
0.86
0.84
0.88
0.86
0.86
0.76
0.84
0.88
0.88
0.88
0.86
0.88
0.88
0.86
0.88
0.88
0.88
0.88
0.88
0.62
0.76
0.88
0.88
0.86
0.86
0.86
0.84
0.88
0.86
0.76
0.88
-0.279999
0.86
0.88
0.86
0.88
0.88
0.76
0.88
0.86
0.8
0.84
0.86
0.88
0.86
0.36
-10.17
0.88
0.86
0.86
0.78
0.86
0.88
0.88
0.86
0.88
0.88
0.86
0.88
0.88
0.88
0.88
0.88
0.88
0.88
0.86
0.88
0.88
0.86
-10.21
0.86
0.88
0.88
0.88
0.88
0.88
0.88
0.72
0.88
0.88
-3.06
0.88
0.88
0.84
0.88
0.88
0.86
0.88
0.88
0.88
0.88
0.88
0.88
0.88
0.86
0.88
0.86
0.88
0.88
0.86
0.52
0.36
-10.2
0.86
0.86
0.86
0.56
0.88
0.86
0.76
0.88
0.88
0.88
0.84
0.88
0.88
0.88
0.88
0.88
0.88
0.84
0.88
0.86
0.88
0.88
0.86
0.88
0.88
0.88
-10.07
-53.5969
0.88
0.88
0.88
0.88
0.88
0.76
0.88
0.84
0.88
0.76
-0.619999
0.16
0.86
0.88
0.86
0.88
0.88
0.88
0.88
0.88
0.88
0.88
0.88
0.76
0.76
0.88
0.88
0.86
0.86
0.88
0.88
0.88
0.88
0.88
0.88
0.88
0.86
0.88
0.86
0.88
0.76
0.88
0.88
0.86
0.88
0.88
0.88
0.6
0.88
0.88
0.88
0.88
0.88
0.88
0.88
0.86
0.88
0.86
0.88
0.88
0.88
0.88
0.88
0.88
0.88
0.76
0.88
0.88
0.88
0.88
0.86
0.84
0.88
-10.13
0.82
0.88
-8.10009
0.84
0.76
0.88
0.88
0.88
0.88
0.84
0.86
0.88
0.88
0.88
0.88
0.88
0.88
0.88
0.86
0.84
0.88
0.76
0.86
0.86
0.88
0.86
0.86
0.88
0.4
0.84
0.88
0.86
0.88
0.88
0.88
0.88
0.56
0.84
0.76
0.88
0.88
0.88
0.88
0.86
0.88
0.88
0.88
0.88
0.88
0.88
0.88
0.76
0.88
0.88
0.88
0.88
0.86
0.7
0.88
0.76
0.88
0.88
0.88
0.88
0.88
0.88
0.88
0.6
0.86
0.88
0.88
0.86
0.88
0.88
0.88
0.88
0.86
0.88
0.88
0.88
0.86
-0.119999
0.52
0.88
0.88
0.88
0.88
0.88
0.86
0.8
0.86
0.88
0.88
0.84
0.88
0.88
0.88
0.88
0.8
0.86
0.88
-10.16
-2.2
0.88
0.88
0.88
0.76
0.86
0.88
0.88
0.86
0.88
0.76
0.86
0.88
0.88
0.88
0.88
0.88
0.86
0.88
0.76
0.88
0.88
0.88
0.88
0.88
0.88
0.86
0.88
0.88
0.88
0.88
0.84
0.88
0.88
0.84
0.88
0.88
0.88
0.72
0.88
0.88
0.88
0.88
0.88
0.88
0.88
0.88
0.86
0.88
0.88
0.88
0.88
0.88
0.88
0.86
0.88
0.76
0.88
0.88
0.88
0.88
0.88
0.88
0.88
0.88
0.88
0.86
0.88
0.88
0.88
0.88
0.88
0.84
-0.179999
0.88
0.88
0.88
0.86
0.88
0.88
0.88
0.86
0.88
0.88
0.88
-10.29
0.86
0.86
-1.78
0.58
0.88
0.88
0.88
0.86
0.0800006
0.88
0.88
0.4
0.84
0.88
0.86
0.86
0.86
0.86
0.26
0.38
0.88
0.88
0.88
0.88
0.84
0.88
0.88
0.88
0.88
0.88
0.88
0.72
0.86
0.36
0.88
0.88
0.88
0.88
0.86
0.88
0.8
0.88
0.88
0.88
0.86
0.88
0.88
0.88
0.88
0.72
0.52
0.88
0.88
0.88
0.88
0.88
0.88
0.84
0.84
0.88
0.88
0.88
0.88
0.88
0.88
0.86
0.8
0.8
0.84
0.84
0.88
0.88
0.88
0.88
0.88
0.86
0.88
0.88
0.86
0.88
0.88
0.88
0.76
0.88
0.74
0.88
0.86
0.86
0.88
0.88
0.86
0.86
0.86
0.86
0.84
0.88
0.88
0.88
0.84
0.88
0.88
0.88
0.88
0.88
0.64
0.88
0.88
0.88
0.88
0.88
0.88
0.86
0.88
0.88
0.88
0.88
0.88
0.88
0.88
0.88
0.88
0.88
0.88
0.86
0.86
-10.07
-9.28014
0.88
0.86
0.88
0.88
0.86
0.86
0.88
0.88
0.88
0.88
0.88
0.88
0.86
0.86
0.88
0.88
0.86
0.88
0.36
0.88
0.88
0.88
0.88
0.88
0.84
0.88
0.88
0.88
0.86
0.86
0.88
0.88
0.88
0.88
0.88
0.88
0.88
0.88
0.88
0.88
0.88
0.86
0.72
0.76
0.84
0.88
0.88
0.88
0.76
0.88
0.88
0.88
0.88
0.86
0.88
0.88
0.88
0.88
0.88
0.88
0.88
0.86
0.88
0.76
0.88
0.86
0.88
0.88
0.88
0.88
0.88
-0.199999
0.76
0.86
0.86
0.5
0.88
0.88
0.88
0.88
0.88
0.88
0.88
0.88
0.88
0.88
0.86
0.88
0.88
0.88
0.88
0.88
0.88
0.86
0.88
0.88
0.6
0.86
0.88
0.88
0.88
-10.16
0.88
-10.24
-4.10002
0.62
0.86
0.76
0.76
0.88
0.88
0.88
0.76
0.86
0.76
0.88
0.88
0.84
0.84
0.88
0.76
0.88
0.88
0.88
0.88
0.88
0.88
0.84
0.86
0.88
0.86
0.86
0.88
0.88
0.88
0.88
0.88
0.88
0.88
0.86
0.58
0.88
0.88
0.88
0.88
0.86
0.88
0.88
0.88
0.88
0.88
0.84
0.88
0.88
0.88
0.88
0.88
0.86
-10.16
-0.239999
0.88
0.88
0.86
0.88
0.88
0.88
0.88
0.88
0.88
0.88
0.88
0.88
0.88
0.88
0.88
0.88
0.88
0.88
0.88
0.88
0.88
0.88
0.86
0.88
0.88
0.88
0.86
0.88
0.88
0.84
0.88
0.88
0.8
0.88
0.78
0.88
0.88
0.88
0.88
0.84
0.88
0.88
0.88
0.88
0.88
0.76
0.42
0.88
0.86
0.88
0.88
0.88
0.88
0.88
0.88
0.88
0.88
0.88
0.86
0.84
0.88
0.86
0.88
0.88
0.88
0.88
0.88
0.86
0.88
0.88
0.88
0.86
0.8
0.88
0.88
0.8
0.88
0.88
0.84
0.88
0.88
0.86
0.86
0.88
0.88
0.84
0.82
0.88
0.88
0.84
0.86
0.88
0.86
0.84
0.76
0.72
0.88
0.88
0.86
0.86
0.48
0.0800006
0.86
0.88
0.88
0.88
0.88
0.88
0.88
0.84
0.88
0.84
0.86
0.86
0.88
0.86
0.88
0.88
0.88
0.86
0.88
0.88
0.88
0.88
0.88
0.88
0.84
0.88
0.88
0.88
0.88
0.88
0.88
0.84
0.86
0.88
0.88
0.86
0.88
0.88
0.88
