-12.84
-12.7
-27.3303
-17.1501
-10.18
-4.63003
-94.8184
-32.7504
-21.0001
-42.1105
-27.7802
-20.6001
-12.45
-10.54
-16.29
-2.43
-10.7
-10.32
-28.1603
-19.1501
-17.4
-10.19
-24.6602
-18.6901
-29.1803
-23.0902
-22.4602
-10.24
-10.18
-11.3
-25.4102
-14.1702
-10.19
-10.56
-54.829
-11.7
-10.98
-10.19
-14.28
-10.8501
-10.36
-10.92
-10.3
-11.59
-1.61
-10.89
0.0900006
-1.83
-10.95
-11.92
-10.19
-22.4801
-1.95
-2.05
-14.44
-10.53
-10.17
-26.7502
-22.8102
-23.5302
-25.6002
-13.5
-79.4478
-36.6104
-13.11
-31.5603
-69.9376
-11.4
-2.95
-10.38
-16.43
-43.4897
-11.26
-11.2
-10.24
-10.55
-60.3384
-185.914
-29.3103
-66.1786
-100.21
-153.426
-43.8104
-65.2181
-161.137
-53.7991
-246.55
-54.6594
-55.0388
-182.283
-69.7767
-411.862
-136.297
-50.8489
-12.82
-89.6185
-12.09
-10.81
-1.53
-12.33
-10.23
-2.51
-10.26
-19.06
-202.962
-54.7486
-89.9088
-8.43012
-11.51
-11.18
-60.8061
-13.97
-162.195
-32.0504
-12.64
-10.7
-6.03006
-12.91
-66.4471
-72.1058
-10.93
-51.9493
-81.3683
-105.572
-363.202
-13.24
-37.2498
-80.7168
-12.94
-105.472
-282.907
-48.6896
-169.262
-11.01
-50.5995
-18.2301
-174.718
-12.37
-244.311
-69.9468
-11.46
-223.116
-89.4781
-41.1606
-0.629999
-172.046
-140.506
0.35
0.53
-11.22
-287.715
-12.7
-85.3097
0.35
-17.61
-592.765
-326.27
-77.9572
-13.94
-1.85
-459.617
-227.05
-1.37
-0.349999
-1.21
-11.51
-319.109
-352.477
0.37
-13.52
-151.132
-364.352
-1.53
-1.03
-10.54
-7.25002
-10.21
-230.885
-3.29
-0.489999
-13.63
-614.806
-161.386
-15.61
-2.93
-102.932
-74.1477
-245.846
-378.745
-11.02
-315.849
-10.22
-1.69
-10.86
0.57
0.65
-0.129999
0.73
-10.04
-0.549999
0.23
0.17
0.15
-0.589999
-0.409999
0.59
0.21
0.0700006
0.47
0.27
-10.18
-4.77002
-0.989999
-5.01
-7.33006
-277.501
-34.5102
-12.0902
-11.7902
-0.429999
0.57
0.39
-10.19
0.57
-10.79
0.57
0.63
0.61
0.41
-10.22
0.59
0.71
0.61
0.61
0.55
0.59
-3.19
-4.87003
0.31
-10.25
-16.67
-544.322
0.65
-2.43
-23.7705
-6.51007
-10.55
-10.7501
0.45
0.59
-2.23
-9.27013
-1.75
0.29
-10.19
-10.3501
-19.9903
-1.21
0.59
-35.7905
-25.6705
0.45
0.55
0.55
-0.809999
-238.226
-11.0101
-0.0899993
-3.63001
-3.45
-41.689
0.57
-0.549999
-2.79
-10.19
-2.75
-17.62
-13.82
-17.2303
-0.11
-0.709999
0.37
0.43
0.19
-10.21
-2.65
0.19
-10.94
-61.4659
-0.349999
0.57
-1.71
-1.11
0.33
0.53
-11.2
-2.95
0.0500005
-2.11
-24.8302
-0.629999
-13.9102
-23.7802
-21.4904
-1.17
-31.0306
-20.0304
-27.1505
-2.69
-7.35009
-54.5487
-2.27
-10.2501
0.27
-1.85
0.0900004
-0.449999
-0.489999
-0.329999
-10.27
-10.13
-72.4673
-27.9905
-81.8292
-0.289999
-0.509999
-11.9702
-4.89004
-1.79
-41.5206
-107.611
0.57
0.61
0.41
-10.21
-29.0903
-57.9473
-20.3703
-8.19008
-62.9259
-16.2703
-24.6105
0.0700004
0.61
-0.109999
-0.789999
0.11
0.150001
-10.85
0.59
0.59
0.43
-0.409999
-1.45
-14.44
0.17
-43.1087
-15.11
-0.509999
-3.49001
-1.83
0.59
-34.3104
-11.4702
-4.11001
-1.19
-28.0503
-41.909
-39.6894
-0.449999
-0.189999
-6.57007
-8.09011
-2.45
-15.0703
-57.6286
-143.829
-9.77015
-10.75
-0.809999
0.45
-11.68
-40.2492
-0.129999
-9.47014
-11.2302
0.25
0.37
-16.0903
-14.4502
-83.8898
-48.8678
-17.6303
-14.8503
-7.45009
0.69
-2.39
-9.23012
0.0700006
0.71
-16.8503
0.39
-0.429999
-20.4304
-3.15
-30.8506
-1.05
-2.65
0.31
-16.5701
-42.6889
-48.6679
-3.69001
-11.3302
-0.289999
-24.9305
-0.589999
-15.3103
-8.55012
-0.469999
0.47
-56.5069
-25.5305
-14.02
-10.93
-42.1094
-0.789999
0.53
0.19
-10.55
-0.149999
-1.33
-34.7901
-17.2201
-11.24
0.57
-16.6302
-47.1898
0.25
0.0900004
-10.86
0.69
-2.21
-15.3103
-93.3514
0.55
0.39
0.27
-9.75014
0.21
0.33
0.23
-2.73
-0.589999
0.110001
-43.5886
-10.26
-18.3103
0.0700006
-17.2001
-24.6302
-91.8309
-40.0892
-5.59005
-0.549999
-2.51
-14.8703
-0.769999
0.0700006
0.35
0.43
0.31
0.61
0.37
0.69
0.71
-1.33
0.19
0.21
-0.269999
-11.8502
-7.73008
-9.29013
0.0900006
-32.1704
0.39
-38.4405
0.57
-1.03
-14.6103
0.57
0.57
-2.77
-38.9497
0.69
0.73
-0.909999
-1.91
-11.3502
-7.8101
-0.0499995
0.17
-3.41
-8.65012
-10.21
-17.1503
-44.8284
-18.0503
0.47
-12.5902
-0.649999
0.0700006
-6.85008
0.53
-29.7706
-13.2102
-22.1304
0.71
0.61
0.35
-4.29001
-28.4505
-10.6702
0.33
-3.25
0.0500006
0.71
0.71
0.73
0.73
0.41
-0.509999
-2.01
0.35
-25.9503
-42.4089
-12.6902
0.55
-21.7504
-14.1102
-13.1302
-28.6106
-1.59
-12.4102
-4.89004
-7.8101
-4.29003
-4.25002
-3.71001
-0.289999
-0.00999939
0.43
0.39
0.39
0.21
0.0900004
-1.63
-1.61
-1.89
0.33
-0.249999
0.25
-16.4903
-10.17
-13.8902
0.73
-1.05
-0.189999
0.55
-0.189999
0.71
0.69
0.21
-14.6103
-0.689999
0.47
-2.97
-0.269999
-20.8504
-0.589999
0.69
-30.4106
0.0300006
-18.4703
-3.37
-14.3103
-6.45006
-9.81014
-0.129999
-10.99
-1.41
0.19
-9.87015
-16.9503
0.0500006
-0.949998
-10.82
-2.93
-4.77003
-0.769999
-12.1902
-5.47005
0.0300006
0.0900006
-4.87004
-23.4705
-1.69
-0.569999
-10.1702
-6.89006
0.39
-2.19
-5.97006
-2.21
0.37
0.39
-66.0862
-0.589999
0.0100006
-0.289999
0.39
-4.35002
0.37
-7.25008
-64.2659
-0.449999
-5.01003
0.57
-11.41
-7.23009
0.39
0.69
0.0500006
0.31
0.33
0.35
-1.77
0.47
-7.15008
-0.389999
0.150001
-4.67003
0.69
0.71
0.71
0.73
-11.85
-0.249999
0.65
-5.23002
0.0500006
-13.7102
-0.169999
-13.99
-0.0499995
-0.629999
-0.129999
-0.429999
-21.6504
0.73
0.69
0.57
-0.349999
-6.95008
-3.61001
-11.7501
-0.769999
-4.75003
-1.09
0.31
0.15
0.0300006
0.69
0.23
0.67
0.71
0.71
-0.269999
-116.336
0.73
0.67
-2.51
-0.529999
0.67
-0.0699993
0.47
0.65
-8.1101
-2.95
-0.989998
-12.0302
-10.1702
-0.649999
-73.1475
-0.269999
0.0300006
-18.5503
0.71
0.39
0.73
0.71
0.69
0.71
0.73
0.73
0.69
0.73
-0.529999
0.73
0.71
0.73
0.71
0.73
0.39
0.73
0.37
-1.73
0.71
-10.8
-1.99
-10.6
-198.803
0.21
-7.45009
-11.71
0.73
0.57
0.39
0.71
-4.61003
-9.83015
0.47
-16.9503
0.37
-1.45
0.73
-0.569999
0.33
0.57
0.73
0.71
0.69
0.29
0.73
0.73
0.37
0.73
-0.589999
0.73
0.71
0.69
0.37
0.67
0.69
0.73
-1.31
0.71
0.67
0.73
-10.21
0.21
-7.19009
-115.395
0.71
0.41
0.71
0.71
-18.5503
0.41
0.71
0.35
0.69
0.57
0.39
-4.03002
-3.49001
-116.396
-3.89001
0.67
0.73
-0.329999
-1.19
0.61
0.33
0.73
0.47
0.73
0.73
0.69
0.71
0.73
0.71
0.71
0.57
-10.2
-0.0299994
-3.87002
-1.05
0.71
0.75
-1.31
-7.6101
-0.209999
0.69
0.71
0.73
0.69
0.73
0.0700003
0.25
-0.809999
-12.13
-196.222
-0.0899993
0.73
0.73
0.69
-0.0699993
-4.49003
-0.00999939
-8.09011
-3.83002
-0.249999
0.33
-1.27
-34.89
-0.249999
-0.409999
0.71
-1.97
0.73
0.73
0.0500006
-2.85
0.25
-13
-13.43
-0.949998
-0.349999
0.73
-0.289999
0.71
-15.1103
0.69
0.71
0.71
0.71
0.69
-0.989998
0.73
0.73
0.69
0.59
-10.46
-0.489999
-1.41
0.150001
0.17
0.27
-18.9904
0.73
0.73
0.73
0.73
0.73
0.71
0.17
0.57
-16.8703
0.39
0.73
0.67
-1.07
-8.91013
-4.55003
0.57
0.71
0.73
0.71
0.73
0.73
0.73
0.61
0.73
0.73
0.73
0.73
0.29
-0.00999939
-0.289999
0.73
0.71
0.73
0.69
0.69
0.29
0.69
-0.809999
0.71
0.69
0.71
0.69
0.35
0.65
0.0300006
0.0500005
-3.57001
-0.149999
0.130001
-1.73
0.71
0.69
-0.269999
0.71
0.63
0.67
-0.129999
-1.29
-80.1286
0.0500006
0.73
0.69
0.39
0.71
0.69
0.67
0.71
0.57
0.73
0.71
0.71
0.25
0.69
0.61
0.71
0.57
0.73
0.71
-1.59
0.71
0.67
0.71
0.63
-2.65
0.33
0.33
0.73
0.47
-0.329999
0.57
0.71
0.37
0.57
-2.17
0.39
0.63
-28.9906
-5.51005
0.69
0.69
-0.289999
0.71
0.57
-2.23
0.69
0.73
0.33
0.71
0.69
0.21
0.67
0.29
0.33
0.71
0.73
-0.129999
-33.8604
0.55
-0.469999
-3.57001
-0.0299995
0.71
0.69
0.71
0.57
0.67
0.71
0.71
0.71
0.73
0.69
-10.44
-199.043
0.75
0.0100006
0.31
0.57
0.69
0.71
0.57
0.27
0.71
0.71
0.71
0.33
-0.909999
-0.829999
0.73
0.57
-0.709999
0.69
0.0300006
0.73
0.47
-0.289999
-10.52
-14.6902
0.71
0.73
0.71
0.57
0.39
0.71
0.73
0.71
0.73
0.71
0.21
0.69
0.69
0.57
-0.589999
-1.71
0.69
0.69
0.57
-5.19003
0.73
0.0700006
0.73
0.61
0.71
0.73
-10.69
-94.9116
-1.99
0.33
-1.63
-0.13
-10.55
-0.189999
0.55
0.67
0.35
0.63
-0.469999
0.71
0.71
0.73
0.71
0.73
0.67
0.69
0.31
0.65
0.35
0.73
0.33
0.67
0.69
0.71
0.73
0.37
0.69
0.73
0.65
0.37
-0.329999
0.47
0.73
-13.63
-2.69
-11.58
-0.709999
-1.21
0.73
0.75
0.73
0.73
0.73
0.71
0.73
0.71
0.71
0.67
0.37
0.39
0.39
-1.01
-6.73008
0.63
0.37
0.59
0.73
0.69
0.71
0.73
-2.01
0.61
0.41
-27.7706
0.73
0.65
0.0700006
0.73
0.73
0.33
0.67
0.69
0.71
0.71
0.25
0.69
0.71
0.65
0.73
0.71
0.73
0.57
0.73
0.71
0.73
0.73
0.73
0.37
0.73
0.71
0.67
0.67
0.71
0.73
0.73
0.71
0.71
0.0700006
0.23
-1.77
0.67
0.69
0.73
0.71
0.35
0.65
0.73
0.73
0.73
0.37
0.37
0.73
0.73
0.71
-0.289999
0.73
0.71
0.33
0.73
0.57
0.71
0.69
0.57
0.13
-4.99004
0.33
-0.309999
-11.56
-0.389999
-5.21002
-42.5888
-2.21
-1.79
0.27
-1.63
0.130001
-0.629999
0.69
-0.909999
0.71
0.41
0.73
-0.209999
0.71
0.61
-1.21
-0.129999
0.69
0.65
0.67
0.47
0.75
-10.22
-11.43
-30.0504
-4.15001
-4.09002
0.73
0.23
-1.33
-11.9302
0.37
0.39
0.73
0.71
0.71
0.71
0.73
0.71
0.73
0.71
0.69
0.69
0.71
0.73
-25.4505
0.69
0.37
0.73
0.71
0.69
0.71
0.73
0.71
0.63
0.57
0.73
0.0500006
0.71
-0.0899993
-0.269999
0.71
0.69
0.73
0.71
0.71
0.71
0.73
0.65
0.71
0.0700006
0.71
0.69
0.73
0.69
0.73
0.73
0.67
0.39
0.55
-2.13
0.71
0.73
0.41
0.71
0.73
0.71
0.35
0.71
0.69
0.71
0.71
0.0500006
0.73
0.57
0.73
0.71
0.37
0.73
0.71
0.73
0.71
0.73
0.73
0.71
0.35
0.73
0.69
0.69
0.59
0.190001
0.41
0.19
0.37
0.59
-7.51009
0.71
0.73
0.73
0.73
0.67
0.69
0.43
0.73
0.71
0.71
0.73
0.73
0.69
0.69
0.71
0.67
0.71
0.71
0.71
0.69
0.73
0.73
0.59
-8.71011
0.73
0.73
0.35
0.130001
0.69
0.59
0.33
0.35
0.73
0.61
0.37
0.73
0.69
0.63
0.73
0.73
0.29
0.25
-3.33
0.57
0.73
0.73
0.73
0.69
0.33
0.71
0.57
0.53
0.67
-0.00999939
0.69
0.71
0.69
0.71
0.57
0.69
0.57
0.33
0.73
0.73
0.71
0.71
0.73
0.69
0.73
0.71
0.73
0.71
0.39
0.69
0.29
0.69
0.67
0.67
0.71
-0.349999
-0.589999
0.69
0.57
0.73
0.73
0.71
0.65
0.69
0.71
0.73
0.0300006
0.73
0.69
0.63
0.59
0.71
0.65
0.0500006
0.71
0.67
0.73
0.31
0.45
0.63
0.45
0.0900006
-3.91002
0.65
0.59
0.31
0.65
0.0900006
-4.55003
-3.57001
-1.03
0.19
0.69
0.69
0.37
0.31
0.35
-0.529999
0.71
0.27
0.69
-10.46
0.0100007
0.57
0.63
-0.00999939
0.25
0.55
0.69
0.75
0.29
0.67
-0.00999928
-1.03
0.71
0.39
0.71
0.57
0.67
0.71
0.25
-1.89
-4.45001
-2.27
-1.45
0.69
0.57
0.150001
0.59
0.61
-4.49002
-22.2904
-7.7901
0.0500006
0.71
0.71
0.31
-0.449999
-2.21
0.69
0.57
0.47
-7.6701
0.35
-10.59
-12.06
-1.83
-21.3103
0.69
0.71
0.69
0.69
0.71
0.71
0.69
0.69
0.63
-0.229999
-0.229999
-10.6
-103.413
-2.35
-0.869999
-6.01004
-0.669999
-2.03
-5.91005
-1.87
0.59
-1.01
0.69
0.27
-9.29013
-29.5706
-6.19006
-0.749999
-12.7902
-11.89
0.37
-0.709999
-10.15
-11.05
-13.69
-107.034
-62.7456
-0.789999
0.0100006
-2.67
0.17
0.69
0.69
-3.85002
0.71
0.35
-10.89
-28.0103
-45.1086
-18.1301
-4.17002
-8.71006
-36.3698
-10.63
-1.13
-49.2476
-132.595
-39.7293
-22.2904
0.37
-0.829999
-13.4502
0.0500004
-20.7904
-7.8701
0.73
0.73
0.67
0.21
0.69
0.61
0.71
0.69
0.69
-0.289999
0.71
0.65
0.73
0.71
0.39
0.61
0.69
0.69
0.71
0.71
0.71
0.71
0.65
0.21
0.23
0.71
0.69
-13.59
-10.71
-1.39
-0.0299994
0.61
-19.8304
0.0300004
-21.7504
-11.4302
0.41
0.73
0.65
0.65
-0.349999
0.33
0.73
0.47
-67.3664
0.67
0.27
-5.85006
-18.3503
0.67
0.37
0.71
0.73
0.65
0.73
-14.1502
0.39
0.71
-0.0699995
0.71
0.71
0.63
0.59
-0.749999
-28.0906
0.25
-15.3103
0.59
0.0700006
0.71
-0.189999
0.59
-1.03
-0.349999
0.71
0.73
0.71
0.73
0.67
-1.11
-0.0299994
-1.71
-0.829999
-6.93008
-0.889999
-3.05
-3.41001
-8.33012
-11.8302
-2.19
-0.729999
-10.1702
-31.8905
-30.1306
-8.45011
-2.51
0.67
-0.229999
0.33
-6.05005
-0.289999
-10.9502
-3.77001
-26.9705
-0.0699993
0.67
-2.33
-1.89
0.25
0.37
0.27
-0.449999
-11.15
0.71
-1.57
-7.39009
-3.61
-3.77001
-0.629999
-0.0299994
0.71
0.71
0.73
-1.77
-9.15013
0.0500005
-8.8901
-2.95
0.71
0.0300006
-4.91002
0.73
0.67
0.71
-0.929999
0.73
0.71
-0.929999
0.69
0.37
0.150001
0.0100006
0.35
0.69
0.0300006
0.69
-10.36
-17.9703
-0.329999
-1.27
0.67
0.67
0.63
0.71
0.71
0.69
0.71
0.57
0.69
0.63
0.67
0.67
0.31
0.71
0.71
0.71
-0.0299994
-1.43
0.71
0.71
0.67
0.37
0.67
-10.25
-7.7901
0.71
0.69
0.73
-2.85
-52.0476
0.73
0.73
0.69
0.71
0.73
0.57
-47.4482
-1.71
0.0300006
0.71
0.71
0.69
0.73
0.69
0.73
0.73
0.69
0.71
0.73
0.31
0.71
0.59
0.33
0.71
0.73
0.73
0.73
0.67
0.69
0.69
0.73
0.73
0.71
0.71
0.73
0.63
0.71
0.57
0.71
0.71
0.71
0.59
0.73
0.23
0.63
0.29
0.27
0.67
0.71
0.67
0.73
0.39
0.67
0.69
-1.23
0.71
0.35
-0.329999
0.71
0.67
0.67
0.67
0.71
0.65
0.69
0.65
0.71
0.41
0.69
0.73
0.71
0.67
0.65
0.71
0.67
0.57
0.69
0.71
0.63
0.43
-10.47
-10.9
-23.3504
0.73
0.69
0.69
0.61
0.71
0.69
-2.27
-77.1285
0.73
0.71
0.71
0.57
-0.669999
0.73
0.73
0.71
0.73
0.73
0.69
0.73
0.57
0.31
-0.229999
0.39
0.71
0.67
0.29
-0.569999
0.73
-0.749999
0.63
0.29
0.71
0.71
0.71
0.71
0.67
0.71
0.67
0.33
0.67
0.65
0.65
-2.69
0.71
0.71
0.69
0.71
0.37
0.73
0.69
0.71
0.73
0.73
0.73
0.71
0.73
0.130001
-3.17
0.61
-4.27001
0.71
0.69
0.73
0.73
0.73
0.71
-1.73
0.13
0.71
0.65
-0.489999
0.71
0.69
0.69
0.71
0.69
0.69
0.69
0.67
0.61
0.11
0.67
0.33
0.65
0.69
0.67
0.71
0.47
0.71
0.35
0.57
0.71
0.69
-0.949998
0.35
0.71
0.67
0.71
0.69
0.71
0.69
0.69
0.71
0.55
0.67
0.71
0.71
0.71
0.69
0.67
0.71
0.69
0.69
0.39
0.67
0.69
0.69
0.71
0.57
0.73
0.73
0.71
0.69
0.43
0.69
0.71
-5.39005
0.69
0.71
0.33
0.37
0.67
0.51
0.67
0.65
0.63
0.69
-0.0899993
-10.65
-4.93002
0.69
-22.3104
0.0700006
0.71
0.73
0.69
0.73
0.57
0.25
0.37
0.73
0.73
0.73
0.73
0.71
0.67
0.71
0.0100006
0.31
0.71
0.69
0.17
-1.57
0.69
0.59
0.41
-0.0699993
0.73
0.71
0.71
0.67
0.71
0.57
-2.05
-3.93001
-0.569999
0.61
0.150001
-0.11
0.55
0.55
0.35
0.0700006
0.73
0.73
0.71
0.47
-1.01
0.71
0.73
0.69
0.69
0.67
0.69
0.65
0.67
0.71
0.67
0.69
0.71
0.65
0.35
0.73
0.69
0.69
0.65
-0.0499996
0.57
0.71
0.69
0.29
0.65
-10.27
-3.07
0.35
0.65
0.69
0.69
0.65
0.59
0.73
0.35
-0.0299994
-0.0499994
0.69
0.71
0.59
0.71
0.67
0.71
0.71
0.47
0.47
-18.8904
0.65
0.69
0.69
0.39
0.71
0.65
0.11
-0.309999
0.73
0.67
0.63
0.61
0.69
-0.469999
0.150001
-0.609999
0.71
0.65
0.65
0.67
0.71
0.25
0.69
0.73
0.71
0.71
0.27
-3.03
0.69
0.63
0.71
0.57
0.73
0.71
0.71
0.73
0.71
0.63
0.71
0.73
0.71
0.71
0.71
0.73
0.71
0.73
0.31
-7.07009
-0.0699993
0.47
0.69
0.65
0.69
0.65
0.65
0.69
0.69
0.67
0.67
0.73
0.71
0.37
0.73
0.73
-11.45
-12.2501
-1.01
-1.65
-1.95
0.35
0.59
-1.93
-3.49001
0.33
0.67
0.73
0.59
0.69
0.69
0.73
0.73
0.63
0.25
-6.59007
-2.95
-1.31
0.47
-1.65
0.71
-1.19
-1.23
0.35
0.25
-4.65003
0.73
0.63
-22.3504
0.31
0.27
-1.63
0.31
0.29
-7.6901
0.69
-7.33009
-5.27004
-10.2502
-10.9301
-3.01
-0.209999
0.0100006
0.41
-7.17008
-0.929999
-1.01
0.31
0.73
0.0300006
-0.909999
-0.989998
0.0100006
0.39
-0.349999
-12.3
-179.732
-2.31
0.33
-1.55
-8.59011
-0.369999
-0.349999
0.63
0.59
0.57
0.65
0.0100006
-39.9292
0.29
-0.709999
0.29
0.69
0.67
-1.41
-0.0899994
-3.17
0.69
0.130001
-62.2857
0.65
-2.87
0.69
0.71
0.35
0.61
-0.289999
0.37
0.37
-0.289999
0.0500006
-1.61
0.65
0.37
0.61
0.71
0.33
0.71
0.67
0.21
-10.6
0.39
-3.79001
0.27
0.0500006
0.69
0.63
0.67
0.25
0.25
0.35
0.57
0.73
-10.22
0.65
0.71
0.63
0.61
0.69
0.67
0.65
0.51
0.65
0.67
0.65
0.71
0.150001
0.39
0.67
0.55
0.37
0.69
0.69
0.71
0.33
0.31
0.69
0.71
0.69
0.69
-0.669999
-3.75001
-6.31007
0.69
0.39
0.0700006
0.65
0.57
-0.929999
-0.409999
0.59
0.59
0.65
0.39
0.71
0.63
0.0300006
-1.51
0.55
0.37
0.71
0.71
0.69
0.67
0.71
0.41
0.39
0.71
0.71
0.69
0.69
0.47
-0.629999
0.37
0.59
0.69
0.33
-10.43
-10.99
-0.269999
0.0700006
-0.509999
-0.169999
-0.189999
-0.189999
-83.3895
-44.4285
0.23
-51.909
-50.3793
-9.83015
-12.49
-2.41
-0.609999
0.21
0.73
0.73
0.65
0.71
0.73
0.33
0.61
0.63
-1.81
-0.149999
0.61
-0.0699995
0.37
0.55
0.71
0.71
0.69
0.73
0.71
0.73
0.53
0.35
0.73
0.73
0.71
0.69
0.23
0.71
0.67
0.69
0.71
0.71
0.69
0.0300006
0.69
-11.7902
0.0500006
0.67
0.65
0.39
0.63
0.71
0.67
0.45
-56.8066
0.71
0.57
0.69
0.71
0.69
0.69
0.71
0.71
0.71
0.69
0.71
0.61
0.69
0.57
0.71
0.67
0.71
0.73
0.67
0.67
-0.289999
-0.0899992
-0.0899993
0.57
0.65
0.49
0.71
0.67
0.67
0.69
0.67
0.37
0.67
0.39
0.55
0.67
0.71
0.35
-0.00999939
0.69
0.69
0.39
0.37
0.39
0.63
0.210001
0.59
0.63
0.57
0.71
0.69
0.67
0.65
0.13
-0.409999
-0.329999
-14.82
-32.5504
-29.6106
0.0500006
0.71
0.73
-45.0683
0.69
0.71
0.73
0.73
0.61
0.73
0.69
0.73
0.67
-0.0499996
0.71
0.71
0.71
0.69
0.39
0.71
0.55
0.69
0.25
0.67
0.61
0.67
0.69
0.69
0.69
0.71
0.69
0.0300006
0.67
0.71
0.55
0.73
-0.749999
-19.1704
-16.6303
0.35
-90.3707
0.71
0.67
0.67
0.65
0.71
0.71
0.71
0.65
0.39
-12.9702
-2.79
0.71
0.63
0.71
0.71
0.71
0.69
0.69
0.37
0.69
-0.109999
0.31
0.69
0.71
0.31
0.71
0.0100007
0.35
0.71
0.69
0.69
0.69
0.71
0.69
0.37
0.69
0.73
-0.829999
0.65
0.67
0.65
0.69
0.39
0.61
0.65
0.39
0.69
0.69
0.71
0.65
0.0500006
0.69
0.65
0.67
0.51
0.65
0.67
0.65
0.69
0.65
0.67
-10.48
-1.55
-0.869999
-16.1
-280.696
-74.1679
0.65
0.71
0.71
0.69
0.69
0.67
0.69
-28.8306
-49.9277
-6.01006
0.69
0.67
-0.649999
-0.0899993
-3.33
0.0500006
0.69
0.69
0.71
0.71
0.67
0.71
0.69
0.21
0.65
0.71
0.63
0.71
0.67
0.67
0.31
-1.29
0.71
-0.329999
0.71
0.71
0.69
0.65
0.73
0.73
0.73
0.73
0.39
0.71
0.71
0.27
0.39
-0.169999
-0.649999
-1.91
-4.29002
-10.42
-0.449999
-0.169999
0.39
0.37
0.71
0.69
-0.289999
0.31
-1.65
0.0300006
0.35
0.29
-0.449999
-0.269999
0.69
0.73
-1.33
0.59
0.39
0.69
0.55
0.65
-10.4
0.150001
0.73
0.71
0.71
0.55
0.71
0.73
0.73
0.71
0.69
0.67
0.71
-1.71
0.23
0.71
0.71
0.39
0.71
0.57
0.67
0.69
0.29
0.35
-0.309999
-0.849999
0.37
0.65
-0.00999939
0.65
0.37
0.63
0.69
0.55
0.51
0.61
0.63
0.59
0.65
-2.13
0.71
0.71
0.67
0.71
0.35
0.71
0.69
0.57
0.73
0.69
0.67
0.67
0.67
0.71
0.71
0.65
0.39
0.69
0.55
0.69
0.65
0.55
0.23
-0.529999
-10.69
-10.6
-10.99
-1.85
0.59
0.53
0.71
0.65
0.33
0.69
0.69
0.59
0.71
-1.85
-0.309999
0.73
0.69
0.71
-0.269999
0.71
0.71
0.71
0.71
0.71
0.73
0.65
0.69
0.73
0.71
0.61
-1.27
-0.429999
0.71
0.71
0.25
0.73
0.59
0.33
0.51
-2.71
0.71
0.33
0.71
0.39
0.63
0.71
0.71
0.73
0.67
0.69
0.71
0.71
0.67
0.71
0.41
0.71
0.69
0.73
0.73
-10.44
-1.19
0.35
0.69
0.33
0.71
0.73
0.73
0.71
0.65
0.71
0.67
0.71
0.69
0.37
0.69
0.71
0.71
0.71
0.71
-0.309999
0.69
0.63
0.71
0.71
0.71
0.71
0.69
0.71
0.71
0.67
0.71
0.65
-1.09
0.67
0.63
-10.79
-10.66
-5.11004
-0.269999
0.57
0.65
0.63
0.65
0.69
0.65
0.65
0.71
0.63
0.33
0.71
0.71
0.69
0.67
-10.57
-7.75001
0.69
0.67
0.71
0.71
0.21
0.65
0.69
0.69
0.71
0.71
0.45
0.57
0.110001
0.71
0.69
0.71
0.67
0.69
0.65
0.69
0.65
0.71
0.71
0.67
-0.269999
0.69
0.71
0.71
0.43
0.67
0.69
0.57
0.37
0.71
-0.609999
0.69
0.71
0.71
0.71
0.67
-0.309999
0.71
0.71
0.67
0.110001
0.73
0.65
0.67
0.69
0.65
0.69
0.69
0.69
0.71
-0.109999
0.67
0.67
0.65
0.71
0.71
0.35
0.71
0.69
0.71
0.69
0.71
0.71
0.71
0.69
0.71
0.71
0.69
0.47
0.67
0.67
0.71
0.67
0.65
0.71
0.71
0.71
0.67
0.37
0.71
0.49
0.35
0.69
0.69
0.31
0.39
0.65
0.63
0.67
0.63
0.39
0.71
0.65
0.71
0.69
0.61
0.67
0.67
0.69
0.67
0.69
0.69
0.0700006
0.69
0.67
0.71
-0.249999
0.71
0.67
0.71
0.71
0.71
0.69
0.69
0.69
0.61
-0.329999
0.71
0.37
0.67
0.69
0.69
0.71
0.69
0.69
0.71
0.33
0.69
0.69
0.130001
-11.97
0.23
-13.03
-12.3302
-4.47003
-0.329999
0.67
0.71
0.69
0.71
0.71
-3.85002
0.71
0.65
0.67
0.71
0.69
0.71
0.71
0.69
0.71
0.0700006
0.69
0.25
0.69
0.71
0.71
0.71
0.63
0.63
0.67
0.71
0.69
0.65
0.69
0.29
0.71
0.69
0.71
0.67
-1.99
-0.669999
0.71
0.69
0.69
0.29
0.65
0.67
0.71
0.67
0.69
0.69
0.71
0.69
0.71
0.21
0.71
0.69
0.71
-0.849999
0.59
0.61
0.71
-0.149999
0.69
0.55
0.71
-1.67
0.71
0.69
0.69
0.69
0.59
0.71
0.69
0.69
-0.549999
-2.73
0.71
0.71
0.33
0.35
-2.23
0.67
0.71
0.69
0.71
0.69
0.69
0.73
-1.73
0.63
0.69
0.37
0.57
0.71
0.57
-0.909999
0.69
0.0500006
0.71
0.69
0.69
0.67
0.71
0.69
0.71
0.71
0.35
0.71
0.71
0.69
0.69
0.0100006
0.41
0.69
0.69
0.71
0.67
0.71
0.69
-0.109999
0.35
0.69
0.71
0.69
0.69
0.69
0.69
0.71
0.71
0.67
-0.00999939
0.69
0.65
0.69
0.49
0.65
0.0500006
0.73
0.73
0.73
0.75
0.75
0.75
0.17
0.61
0.55
0.71
0.71
0.69
0.69
0.71
0.53
0.45
0.29
-0.469999
0.63
0.0700006
-0.309999
0.59
-0.0299994
0.55
0.65
-0.0499994
0.0700006
0.0100006
0.39
-2.39
0.35
0.71
0.23
0.69
0.71
0.71
0.69
0.67
-11.52
-0.649999
0.61
0.63
0.39
0.67
0.65
0.69
0.71
0.69
0.43
0.57
0.69
0.71
0.73
0.73
0.71
0.73
0.71
0.71
0.73
0.71
0.73
0.73
0.73
0.71
0.73
0.71
0.73
0.69
0.71
0.71
0.0500006
0.69
0.69
0.73
0.69
0.71
0.69
0.65
0.71
0.65
0.69
0.69
0.69
0.67
0.69
0.63
0.65
0.67
0.61
0.65
0.65
0.67
0.55
0.0500006
0.71
0.53
0.67
0.63
0.67
0.67
0.67
0.69
0.65
0.65
0.69
0.69
0.71
0.71
0.71
0.69
0.43
0.73
0.73
0.71
0.73
0.110001
-0.249999
0.71
0.67
0.73
0.69
0.43
0.0900003
0.65
0.69
0.69
0.67
0.71
0.69
0.71
0.71
0.71
0.71
0.71
0.65
0.37
0.73
0.69
0.69
0.71
0.35
-0.969998
0.0300006
0.67
0.67
0.73
-0.269999
0.39
0.150001
-1.17
0.69
0.39
-0.0299994
0.29
0.43
0.0500005
0.71
0.73
0.55
0.69
0.59
0.55
0.67
0.55
0.73
0.73
0.71
0.49
0.75
-0.00999939
0.71
0.69
0.65
0.71
0.73
0.69
0.71
0.69
0.67
0.71
0.65
0.63
0.61
0.67
0.69
0.71
0.63
0.71
0.69
0.71
0.57
0.75
0.71
0.71
0.69
0.71
0.71
0.59
0.71
0.69
-1.73
0.71
0.71
0.69
0.69
0.37
0.45
0.41
0.71
0.71
0.71
0.69
0.67
0.69
0.73
0.73
0.69
0.71
0.67
0.69
0.67
0.71
0.71
0.71
0.65
0.65
0.57
0.69
0.67
0.71
0.67
0.59
0.67
0.65
0.67
0.73
0.71
0.39
0.71
0.71
0.65
0.67
-0.169999
-0.589999
0.71
0.69
0.61
0.71
0.67
0.73
0.73
0.63
0.61
0.69
0.69
0.39
0.67
0.71
-0.249999
0.39
0.110001
-2.13
-0.629999
0.39
0.71
0.69
0.71
0.71
0.69
0.69
0.69
0.69
0.61
0.65
0.67
0.57
0.73
0.69
0.67
0.71
0.69
0.71
0.67
0.71
0.71
0.69
0.71
0.69
0.69
0.65
0.69
0.69
0.69
0.71
0.71
0.67
0.67
0.65
0.69
0.67
0.65
0.69
0.63
0.73
0.71
0.67
0.67
0.67
0.69
0.71
0.69
0.73
0.69
0.71
0.71
0.69
0.59
-2.05
0.69
0.71
0.71
0.71
0.63
0.71
0.61
0.49
0.71
0.67
0.71
0.69
0.69
0.69
0.69
0.73
0.73
0.71
0.71
0.73
0.73
0.69
0.67
0.69
0.71
0.69
0.69
0.69
0.73
0.71
0.69
0.71
0.73
0.73
0.71
0.67
0.71
0.69
0.65
0.47
-0.429999
0.0700005
-2.05
0.41
-0.869999
-0.389999
-0.589999
0.29
-2.81
0.39
0.73
0.71
0.73
0.69
0.73
0.65
0.69
0.67
0.73
0.73
0.73
0.71
0.71
0.59
0.71
0.71
0.71
0.73
0.69
0.69
0.71
0.71
0.63
-1.75
0.59
0.69
-11.0302
-4.85003
0.37
-0.349999
0.63
0.0100006
-0.00999928
0.49
-2.79
0.65
0.27
-0.389999
-8.81012
0.37
0.31
0.71
0.71
0.69
0.67
0.61
-0.729999
0.35
0.0700006
0.69
0.69
0.65
0.71
0.69
-3.75001
0.29
0.73
-0.649999
0.69
0.63
0.69
0.73
0.73
0.69
0.71
0.63
0.67
0.71
0.71
0.59
0.55
-6.91008
0.67
0.69
0.71
-4.71004
-0.889999
-2.05
0.69
0.71
0.65
-4.39003
0.67
0.71
0.61
0.23
0.37
0.35
0.71
0.75
0.73
0.69
0.73
0.35
0.71
0.69
0.69
0.71
0.59
0.69
0.63
0.61
0.71
0.69
0.63
0.67
0.69
0.69
0.69
0.71
0.71
0.71
0.71
0.71
0.71
0.69
0.71
0.65
0.69
0.69
0.71
0.71
-1.85
0.71
0.71
0.71
0.69
0.71
0.71
0.67
0.71
0.69
0.69
0.71
0.71
0.71
0.71
0.71
0.69
0.71
0.59
0.75
0.69
0.69
0.69
0.71
0.71
0.71
0.69
0.65
0.67
0.67
0.69
0.71
0.57
0.73
0.73
0.71
0.73
0.71
0.69
0.110001
0.0300006
0.33
0.69
0.73
0.69
0.71
0.71
0.73
0.47
0.59
0.71
0.71
0.61
0.71
0.71
0.71
0.71
0.71
0.71
0.71
0.69
0.71
0.71
0.71
0.71
0.71
0.63
0.69
0.71
0.57
0.65
0.73
0.73
0.27
0.25
0.71
0.33
0.25
0.69
0.35
0.73
0.73
0.67
0.65
0.67
0.71
0.69
0.69
0.73
0.73
0.71
0.71
0.61
0.71
0.73
0.71
0.69
0.65
0.69
0.69
0.71
0.55
0.63
0.63
0.45
0.39
-15.7703
0.67
0.65
0.67
0.69
0.69
0.73
0.73
0.71
0.73
0.69
0.71
0.71
0.69
0.71
0.67
0.69
0.71
0.69
0.71
0.65
0.67
0.61
0.43
0.63
0.69
0.71
0.67
0.67
0.67
0.35
0.69
0.69
0.71
0.71
0.59
0.69
0.67
0.61
0.71
0.69
0.69
0.71
0.71
0.73
0.69
0.71
0.69
0.71
0.73
0.73
0.73
0.71
0.71
0.67
0.71
0.73
0.71
0.73
0.55
0.67
0.69
0.71
0.71
0.67
0.67
-0.589999
0.67
0.69
0.71
0.71
0.71
0.73
0.69
0.71
0.71
0.73
0.69
0.71
0.69
0.73
0.73
0.71
0.73
0.69
0.73
0.73
0.59
0.69
0.71
0.73
0.73
0.69
0.65
0.61
0.65
0.49
0.71
0.71
0.67
-0.289999
-6.29006
0.57
0.59
0.31
-3.51001
0.110001
0.55
0.69
0.59
0.65
0.67
0.35
0.59
0.61
0.25
0.37
-0.349999
0.69
0.71
0.67
0.69
0.73
0.71
0.47
0.69
0.31
0.71
0.63
0.67
0.71
0.71
0.71
0.71
0.61
0.71
0.65
0.71
0.67
0.67
0.71
0.71
0.63
0.69
0.61
0.69
0.69
0.69
0.71
0.69
0.69
0.65
0.71
0.69
0.65
0.69
0.55
0.33
-10.31
0.61
0.69
0.0300005
0.19
-0.709999
-1.91
-10.25
-18.9304
-5.35005
0.0500006
0.35
0.71
0.71
0.69
0.69
0.67
0.71
0.71
0.67
0.67
0.69
0.67
0.65
0.73
0.69
0.71
0.71
0.71
0.67
0.69
0.71
0.71
0.73
0.71
0.65
0.73
0.69
0.69
0.69
0.67
0.67
0.71
0.69
0.71
0.69
0.71
0.69
0.71
0.69
0.71
0.71
0.69
0.71
0.67
0.69
0.33
0.67
0.71
0.69
0.71
0.63
0.71
0.65
0.71
0.69
0.51
0.69
0.71
0.69
0.77
0.65
0.0700006
0.69
0.75
0.71
0.69
0.71
0.73
0.71
0.63
0.69
0.69
0.71
0.57
-0.309999
0.73
-1.65
-0.169999
-0.669999
0.73
0.45
0.59
0.71
0.67
0.73
0.69
0.67
0.63
0.69
0.71
0.69
0.47
0.15
0.61
0.63
0.71
0.65
0.67
0.47
-1.27
0.47
0.73
0.67
0.65
0.69
0.69
0.71
0.69
0.71
0.65
0.69
0.61
0.71
0.67
0.65
0.69
0.67
0.41
0.67
0.71
0.73
0.69
0.71
0.71
0.71
0.71
0.67
0.69
0.71
0.71
0.71
0.110001
0.67
0.69
0.67
0.71
0.71
0.69
0.69
0.67
0.69
0.71
0.41
0.65
0.67
0.69
0.71
0.55
0.59
0.71
0.71
0.69
0.71
0.65
0.57
0.73
0.71
0.73
0.63
0.73
0.67
0.71
0.73
0.73
0.69
0.73
0.73
0.67
0.65
0.73
0.69
0.57
0.59
0.55
-0.869999
0.67
0.63
0.69
0.69
0.67
0.69
0.69
0.67
0.69
0.69
0.65
0.69
0.67
0.71
0.69
0.67
0.71
0.69
0.71
0.69
0.71
0.69
0.71
0.71
0.71
0.69
0.63
0.59
0.69
0.63
0.71
0.63
0.63
0.75
-2.49
0.71
0.63
0.71
0.69
0.71
0.71
0.69
0.69
0.71
0.67
0.65
0.69
0.71
0.67
0.71
0.71
0.21
-3.81001
-0.169999
0.110001
0.67
0.69
0.61
0.71
0.71
0.71
0.71
0.67
0.69
0.71
0.71
0.73
0.71
0.73
0.73
0.69
0.67
0.65
0.69
0.67
0.69
0.71
0.65
0.67
0.67
0.69
0.71
0.69
0.71
0.69
0.71
0.69
0.69
0.69
0.67
0.67
0.65
0.71
0.71
0.69
0.67
0.47
0.29
0.29
0.61
0.71
0.67
0.39
0.71
0.71
0.71
0.61
0.45
0.69
0.65
0.71
0.73
0.73
0.71
0.75
0.67
0.43
0.65
0.59
0.71
0.71
0.73
0.71
0.71
0.71
0.73
0.71
0.71
0.65
0.71
0.63
0.71
0.69
0.67
0.55
0.71
-1.61
0.75
0.73
0.75
0.67
0.69
0.41
0.71
0.73
-2.57
-0.829999
0.0300006
0.110001
0.63
-4.01002
0.69
0.71
0.71
0.61
0.35
0.73
0.75
0.69
-0.549999
0.65
0.71
0.65
0.67
-0.609999
0.75
0.75
-0.349999
-6.69008
-0.0299994
0.69
-4.99003
0.67
0.71
0.33
0.67
0.67
0.71
0.67
0.0500006
0.69
0.71
0.67
0.71
0.69
0.71
0.69
0.73
0.73
0.67
0.69
0.69
0.57
0.69
0.69
0.59
0.69
0.71
0.69
0.71
0.71
0.71
0.73
0.69
0.71
0.59
0.29
0.71
0.71
0.63
0.63
0.0300006
0.71
0.73
0.69
0.67
0.67
0.63
0.71
0.71
0.37
-2.67
-0.269999
0.71
0.71
0.71
0.71
0.69
0.69
0.71
0.71
0.71
0.67
0.71
0.69
0.69
0.69
0.71
0.43
0.67
0.71
0.69
0.69
0.71
0.71
0.59
0.71
0.69
0.71
0.69
0.73
0.71
0.67
0.71
0.71
0.67
0.63
0.73
0.71
0.65
0.73
0.67
0.47
0.53
0.69
0.47
-1.69
0.67
0.69
0.69
0.69
0.71
0.67
0.71
0.71
0.69
0.69
0.69
0.71
0.71
0.71
0.71
0.71
0.71
0.67
0.71
0.71
0.65
0.69
0.67
0.43
0.65
0.65
0.69
0.69
0.71
0.71
0.69
0.71
0.71
0.67
0.71
0.69
0.71
0.69
0.69
0.69
0.69
0.69
0.61
0.71
0.71
0.69
0.69
0.69
-0.569999
0.71
0.67
0.69
0.69
0.71
0.65
0.71
0.69
0.65
0.67
0.69
0.69
0.71
0.69
0.67
0.67
0.67
0.65
0.69
-2.87
0.69
0.69
0.71
0.71
0.61
0.71
0.69
0.67
0.61
0.71
0.33
0.63
0.71
0.69
0.67
0.65
0.69
0.69
0.61
0.71
0.71
0.71
0.69
0.71
0.67
0.65
0.71
0.37
0.37
0.31
0.71
0.63
0.69
0.71
0.67
0.65
0.31
0.69
0.65
0.65
0.71
0.67
0.71
0.71
0.65
0.69
0.69
0.69
0.69
0.71
0.69
0.71
0.69
0.71
0.71
0.69
0.55
0.63
0.71
0.71
0.47
-0.149999
0.69
0.69
0.69
0.71
0.71
0.65
0.73
0.43
0.73
-2.81
-21.3103
0.75
0.75
-0.209999
0.75
0.75
0.73
0.0300006
-13.1
0.43
0.31
0.77
0.49
0.69
0.71
0.69
0.67
0.69
0.73
0.71
0.65
0.73
0.71
0.71
0.69
0.69
0.71
0.71
0.71
0.69
0.69
0.59
-11.61
0.21
0.73
0.27
0.75
0.75
0.47
0.25
0.29
0.37
0.69
0.71
0.73
0.69
0.73
0.71
0.71
0.69
0.71
0.69
0.69
0.71
0.69
0.71
0.73
0.69
0.67
0.63
0.71
0.39
0.45
0.31
0.69
0.69
0.71
0.69
0.71
0.71
0.69
0.71
-0.349999
-10.18
-0.989999
0.71
0.73
0.67
0.61
0.47
0.65
0.69
0.71
0.71
0.71
0.71
0.67
0.69
0.73
0.71
0.73
0.73
0.73
0.67
0.71
0.69
0.67
0.69
0.71
0.71
0.65
0.71
0.61
0.71
0.67
0.69
0.63
0.73
0.69
0.71
0.67
0.71
0.69
0.75
-2.15
0.39
0.69
0.71
0.69
0.73
0.73
0.71
0.71
0.69
0.71
0.69
0.69
0.71
0.61
0.53
0.65
0.67
0.71
0.71
0.63
0.73
0.69
0.63
0.67
0.67
0.67
0.41
0.69
0.69
0.65
0.71
0.65
0.69
0.77
0.61
0.47
-0.209999
0.71
0.69
0.45
0.37
-0.209999
0.15
0.13
-30.7706
-11.9502
-2.33
-1.23
0.61
0.61
0.47
0.71
0.63
0.35
0.37
0.65
0.71
0.53
0.45
0.57
0.15
0.55
0.69
-0.149999
-12.2702
0.49
-0.129999
-10.46
-10.32
-3.55001
0.41
0.75
0.43
0.75
0.73
-0.349999
0.59
0.75
0.75
0.75
0.75
0.73
0.43
-13.45
-0.469999
0.29
0.150001
0.31
-0.00999939
-0.189999
0.41
0.110001
0.63
0.59
-0.269999
0.33
0.0700006
0.69
0.45
0.35
0.27
-10.27
0.150001
0.130001
0.67
0.67
0.63
0.21
0.55
0.37
0.150001
-2.41
-0.449999
-1.41
0.69
-3.91002
0.63
0.69
0.67
0.67
0.71
0.69
0.69
0.67
0.69
0.71
0.65
0.69
0.55
0.69
0.61
0.69
0.67
0.71
0.69
0.63
0.71
0.67
-10.32
-1.75
0.41
0.75
0.73
0.35
-1.05
0.31
0.75
0.75
-10.24
-56.6268
-0.00999939
-1.23
-9.61014
0.53
0.71
0.71
0.69
0.59
0.69
0.47
0.69
0.69
0.71
0.65
0.69
-10.79
0.75
0.41
0.33
-0.969998
0.41
0.75
0.73
0.39
0.39
0.75
-1.09
-3.19
0.71
0.71
0.71
0.69
0.69
0.69
0.69
0.65
0.71
0.71
0.71
0.71
0.71
0.65
0.71
0.63
-0.0899993
0.39
0.71
-1.87
-3.41001
-0.369999
0.75
0.41
-0.549999
0.73
0.27
0.53
0.53
-2.51
0.67
0.69
0.69
0.37
0.39
-0.209999
0.75
0.75
0.43
0.43
0.75
0.73
-0.909999
-1.25
0.37
0.69
0.67
0.71
0.71
0.71
0.71
0.69
0.63
0.71
0.69
0.69
0.71
0.71
0.71
0.69
0.69
0.71
0.71
0.71
0.71
0.71
0.71
0.67
0.69
0.71
0.71
0.71
0.71
0.71
0.67
0.71
0.71
0.71
0.71
0.69
0.67
0.69
0.71
0.63
0.69
0.67
0.71
0.67
0.67
0.69
0.61
0.71
0.69
0.71
0.67
0.67
0.69
0.75
0.71
0.69
0.67
0.73
0.73
0.73
0.71
0.65
0.69
0.71
0.65
0.71
0.71
0.67
0.71
0.71
0.71
0.65
0.69
0.67
0.67
0.67
0.73
0.67
0.73
0.73
0.71
0.71
0.69
0.57
-21.4304
0.110001
0.75
0.75
-10.19
-3.51
0.37
0.61
0.71
0.69
0.71
0.71
0.73
0.69
0.63
0.63
0.67
0.73
0.75
0.73
0.75
0.75
-16.3801
-10.55
-1.53
-10.8302
0.39
0.39
-0.569999
-0.529999
0.75
0.75
0.75
0.73
-0.249999
0.69
0.65
0.49
0.69
0.69
0.71
0.71
0.69
0.69
0.67
0.67
0.55
0.55
0.29
0.73
0.69
0.71
0.71
0.71
0.73
0.61
0.39
0.39
0.0700006
0.19
0.29
0.35
0.67
0.65
0.71
0.69
0.65
0.69
0.71
0.69
0.71
0.69
0.71
0.69
0.47
0.41
0.67
0.63
0.67
0.71
0.69
0.69
0.67
0.71
0.69
0.71
0.69
0.71
0.71
0.69
0.53
0.59
0.63
0.71
0.61
0.67
0.71
0.63
0.67
0.67
0.67
0.69
0.69
0.37
0.67
0.67
0.69
0.71
0.69
0.69
0.69
0.67
0.43
0.37
0.75
0.75
-10.24
-18.3901
-64.9859
0.67
0.61
0.67
0.69
0.67
0.69
0.63
0.67
0.61
0.69
0.65
0.71
0.67
0.71
0.71
0.67
0.71
0.65
0.67
0.69
0.65
0.69
0.71
0.71
0.71
0.69
0.67
0.77
0.47
0.73
0.69
0.71
0.71
0.71
0.69
0.71
0.69
0.69
0.69
0.67
0.61
0.71
0.73
0.69
0.59
0.69
0.61
0.67
0.65
0.71
0.71
0.71
0.25
-0.609999
0.67
0.27
0.61
0.71
0.67
0.69
0.69
0.73
0.33
0.61
0.35
0.150001
0.69
0.69
0.71
0.65
0.71
0.71
0.71
0.69
0.71
0.71
0.53
0.69
0.69
0.71
0.67
0.69
0.69
0.69
0.71
0.63
0.57
0.67
0.67
0.71
0.71
0.71
0.71
0.69
0.71
0.71
0.63
0.67
0.71
0.67
0.71
0.67
0.69
0.71
0.67
0.69
0.69
0.71
0.69
0.63
0.53
0.69
0.69
0.71
0.71
0.71
0.69
0.61
0.71
0.67
0.69
0.69
0.69
0.65
0.67
0.67
0.67
0.71
0.69
0.71
0.71
0.71
0.69
0.65
0.71
0.71
0.67
0.69
0.37
0.67
0.65
0.71
0.59
0.47
0.47
0.71
0.71
0.71
0.71
0.67
0.69
0.65
0.71
0.59
0.69
0.69
0.71
0.67
0.71
0.69
0.63
0.33
0.69
0.67
0.71
0.69
0.71
0.67
0.71
0.71
0.67
0.69
0.71
0.71
0.71
0.71
0.65
0.71
0.71
0.67
0.67
0.67
0.67
0.71
0.69
0.71
0.71
0.59
0.71
0.61
0.71
0.69
0.69
0.71
0.71
0.75
0.67
0.67
0.71
0.71
0.71
0.67
0.69
0.71
0.67
0.69
0.35
0.71
0.71
0.63
0.47
0.69
0.67
0.67
0.71
0.67
0.69
0.69
0.71
0.63
0.71
0.69
0.69
0.69
0.69
0.71
0.71
0.69
0.67
0.65
0.71
0.69
0.67
0.71
0.71
0.69
0.69
0.71
0.69
0.65
0.69
0.67
0.65
0.71
0.71
0.71
0.71
0.65
0.71
0.110001
0.71
0.67
0.39
0.63
0.61
0.69
0.67
0.71
0.63
0.75
0.73
0.53
-0.11
0.67
0.65
0.63
0.69
0.61
0.71
0.71
0.71
0.71
-8.77012
-6.07006
0.0700006
0.33
-0.489999
0.61
0.61
0.0500006
0.65
0.67
0.71
0.65
0.69
0.71
0.39
0.0700006
0.0900004
0.63
0.61
-0.309999
0.31
-10.37
-3.07
-2.05
0.31
0.33
0.0500006
0.35
0.71
0.27
0.69
0.69
0.71
0.67
0.69
0.61
0.69
0.71
0.67
0.69
0.69
0.69
0.69
0.71
0.71
0.71
0.71
0.61
0.71
0.67
0.65
0.71
0.67
0.69
0.67
0.67
0.65
0.67
0.71
0.67
0.69
0.71
0.67
0.71
0.71
0.65
0.65
0.69
0.67
0.67
0.65
0.67
0.71
0.71
0.69
0.69
0.67
0.55
0.65
-0.0299994
0.67
0.71
0.65
0.63
0.69
0.65
0.57
0.69
0.61
0.69
0.71
0.71
0.69
0.63
0.67
0.69
0.65
0.27
0.67
0.67
0.65
0.69
0.45
0.71
0.69
0.67
0.71
0.65
0.71
0.67
0.69
0.63
0.71
-0.169999
-0.109999
0.67
0.71
0.69
0.69
0.65
0.71
0.67
0.69
0.71
0.67
0.65
0.71
0.67
0.65
0.67
0.63
0.67
0.71
0.69
0.69
0.71
0.69
0.69
0.67
0.69
0.71
0.71
0.69
0.67
0.61
0.67
0.67
0.63
0.67
0.71
0.69
0.69
0.67
0.67
0.71
0.47
0.63
0.57
0.69
0.71
0.69
0.71
0.71
0.69
0.73
0.73
0.73
0.71
0.67
0.69
0.71
0.69
0.67
0.71
0.67
0.65
0.69
0.71
0.71
0.71
0.69
0.55
0.71
0.69
0.69
0.45
-0.449999
0.63
0.69
0.67
0.63
0.65
0.71
0.69
0.69
0.71
0.71
0.71
0.67
0.61
0.71
0.67
0.69
0.69
0.69
0.69
0.69
0.71
0.71
0.71
0.67
0.71
0.69
0.67
0.71
0.71
0.69
0.69
0.67
0.67
0.69
0.71
0.69
0.71
0.69
0.63
0.69
0.71
0.69
0.71
0.71
0.71
0.71
0.69
0.67
0.65
0.67
0.71
0.71
0.65
0.71
0.69
0.67
0.15
0.43
-0.929999
0.75
0.0500006
-0.969998
0.69
0.73
0.73
0.75
0.75
-14.35
-11.4502
-1.41
0.59
0.71
0.69
0.71
0.71
0.63
0.69
0.71
0.71
0.63
0.67
0.67
0.57
0.61
0.43
0.73
0.67
0.65
0.69
0.65
0.69
0.69
0.63
0.71
0.71
0.71
0.71
0.67
0.71
0.69
0.67
0.67
0.69
0.65
0.67
0.71
0.65
0.59
0.67
0.69
0.71
0.69
0.71
0.67
0.67
0.69
0.69
0.71
0.63
0.71
0.71
0.71
0.71
0.67
0.67
0.71
0.67
0.71
0.65
0.65
0.67
0.65
0.65
0.69
0.67
0.67
0.67
0.69
0.71
0.69
0.71
0.71
0.69
0.63
0.65
0.71
0.69
0.65
0.67
0.65
0.65
0.71
0.69
0.59
0.69
0.71
0.71
0.69
0.67
0.59
0.71
0.71
0.67
0.65
0.69
0.63
0.69
0.71
0.63
0.65
0.59
0.33
0.63
0.65
0.71
0.67
0.57
0.69
0.69
0.65
0.63
-0.129999
0.69
0.71
0.65
0.65
0.69
0.69
0.71
0.57
0.69
0.69
0.67
0.69
0.71
0.71
0.59
0.35
0.67
0.71
0.69
0.69
0.67
0.67
0.55
0.71
0.43
0.67
0.47
0.71
0.67
0.67
0.71
0.65
0.67
0.65
0.67
0.65
0.69
0.67
0.69
0.71
0.67
0.71
0.71
0.71
0.67
0.69
0.59
0.71
0.67
0.45
0.73
0.73
0.67
0.71
0.69
0.37
0.69
0.33
0.71
0.69
0.69
0.69
0.71
0.69
0.71
0.71
0.69
0.71
0.71
0.65
0.67
0.71
0.67
0.71
0.63
0.69
0.65
0.69
0.63
0.69
0.67
0.67
0.71
0.71
0.61
0.69
0.67
0.65
0.67
0.67
0.71
0.67
0.65
0.71
0.67
0.67
0.71
0.63
0.71
0.71
0.67
0.71
0.67
0.69
0.71
0.71
0.71
0.71
0.69
0.67
0.69
0.69
0.71
0.71
0.73
0.59
0.65
0.63
0.59
0.71
0.69
0.69
0.69
0.65
0.71
0.67
0.65
0.69
0.71
0.67
0.71
0.67
0.71
0.71
0.67
0.69
0.71
0.67
0.59
0.63
0.71
0.69
0.69
0.61
0.67
0.67
0.71
0.67
0.71
0.69
0.71
0.67
0.59
0.71
0.67
0.67
0.69
0.71
0.69
0.67
0.69
0.69
0.69
0.63
0.37
0.63
0.69
0.67
0.71
0.69
0.71
0.69
0.57
0.67
0.73
0.73
0.69
0.69
0.69
0.71
0.69
0.69
0.71
0.63
0.67
0.71
0.69
0.65
0.69
0.69
0.69
0.71
0.69
0.67
0.65
0.69
0.71
0.59
0.61
0.67
0.71
0.69
0.69
0.71
0.69
0.71
0.69
0.69
0.71
0.71
0.69
0.71
0.69
0.67
0.69
0.71
0.47
0.31
0.71
0.71
0.71
0.67
0.59
0.69
0.69
0.71
0.67
0.69
0.69
0.71
0.65
0.69
0.69
0.63
0.69
0.71
0.71
0.69
0.69
0.47
0.69
0.69
0.69
0.71
0.59
0.65
0.59
0.69
0.69
0.67
0.69
0.69
0.75
0.67
0.69
0.71
0.65
0.67
0.71
0.69
0.69
0.71
0.69
0.71
0.63
0.69
0.71
0.69
0.67
0.65
0.65
0.69
0.71
0.69
0.71
0.67
0.69
0.69
0.65
0.71
0.63
0.71
0.55
-0.589999
0.0300006
0.69
0.69
0.71
0.69
0.67
0.71
0.65
0.45
-0.0299994
0.67
0.57
0.69
0.69
0.71
0.71
0.63
0.69
0.71
0.71
0.69
0.69
0.71
0.65
0.71
0.71
0.67
0.65
0.67
0.71
0.69
0.67
0.71
0.71
0.65
0.67
0.69
0.67
0.67
0.69
0.69
0.71
0.71
0.71
0.65
0.71
0.71
0.65
0.71
0.71
0.67
0.71
0.69
0.67
0.27
0.67
0.71
0.69
0.71
0.69
0.69
0.69
0.71
0.71
0.67
0.71
0.69
0.63
0.63
0.71
0.71
0.59
0.57
0.67
-13.55
0.0500004
0.69
0.71
0.65
0.67
0.67
0.71
0.65
0.69
0.71
0.65
0.71
0.69
0.59
0.69
0.71
0.71
0.71
0.71
0.69
0.71
0.71
0.71
0.71
0.67
-1.85
0.67
0.67
0.67
0.67
0.71
0.69
0.63
0.67
0.71
0.71
0.67
0.67
0.57
0.69
0.71
0.69
0.35
0.67
0.67
0.67
0.63
0.71
0.71
0.63
0.61
0.69
0.71
0.71
0.65
0.67
0.69
0.65
0.65
0.67
0.67
0.69
0.67
0.69
0.67
0.65
0.71
0.67
0.39
0.65
0.65
0.71
0.71
0.69
0.67
0.61
0.71
0.67
0.69
0.69
0.65
0.65
0.67
0.71
0.61
0.71
0.71
0.71
0.71
0.63
0.69
0.69
0.71
0.71
0.69
0.69
0.69
0.69
0.67
0.69
0.63
0.67
0.69
0.69
0.71
0.69
0.67
0.71
0.31
0.67
0.69
0.69
0.69
0.69
0.63
0.57
0.71
0.63
0.69
0.65
0.69
0.63
0.71
0.67
0.63
0.69
0.71
0.69
0.71
0.67
0.45
0.33
0.69
0.67
0.41
-0.13
0.45
-0.689999
0.55
-2.17
-0.629999
0.75
0.25
-0.229999
-3.97002
0.65
0.69
0.71
0.69
0.71
0.71
0.71
0.69
0.51
0.65
0.71
0.59
0.69
0.71
0.69
0.71
0.71
0.67
0.67
0.69
0.67
0.67
0.63
0.67
0.71
0.55
0.65
0.71
0.69
0.69
0.65
0.71
0.67
0.69
0.67
0.65
0.69
0.71
0.67
0.41
0.71
0.63
0.59
0.61
0.61
0.71
0.69
0.69
0.65
0.45
0.67
0.71
0.65
0.65
0.71
0.63
0.71
0.67
0.69
0.69
0.65
0.67
0.71
0.67
0.69
0.69
0.73
0.71
0.71
0.71
0.71
0.61
0.69
0.69
0.65
0.69
0.71
0.65
0.67
0.71
0.67
0.71
0.65
0.69
0.63
0.71
0.69
0.69
0.47
0.71
0.67
0.69
0.69
0.71
0.63
0.71
0.69
0.71
0.71
0.67
0.69
0.71
0.71
0.55
0.65
0.65
0.69
0.71
0.69
0.71
0.63
0.69
0.71
0.69
0.69
0.61
0.71
0.69
0.67
0.71
0.71
0.71
0.69
0.63
0.71
0.65
0.69
0.67
0.65
0.39
0.57
0.67
0.33
0.57
0.67
0.71
0.69
0.69
0.69
0.71
0.67
0.69
0.71
0.63
0.65
0.61
0.67
0.67
0.71
0.69
0.67
0.67
0.69
0.71
0.63
0.25
0.67
0.67
0.69
0.69
0.71
0.65
0.65
0.69
0.71
0.69
0.71
0.67
0.67
0.71
0.67
0.71
0.71
0.69
0.71
0.55
-0.409999
-3.03
0.39
0.65
0.63
0.67
0.63
0.69
0.67
0.65
0.69
0.67
0.69
0.71
0.69
0.67
0.67
0.69
0.67
0.69
0.67
0.69
0.67
0.71
0.71
0.71
0.69
0.63
0.67
0.69
0.69
0.69
0.67
0.71
0.71
0.71
0.71
0.71
0.69
0.71
0.69
0.71
0.69
0.71
0.69
0.71
0.71
0.71
0.67
0.61
0.71
0.71
0.71
0.69
0.69
0.71
0.69
0.35
0.69
0.71
0.67
0.69
0.69
0.69
0.71
0.69
0.71
0.69
0.73
0.71
0.71
0.61
0.67
0.67
0.67
0.71
0.69
0.65
0.69
0.69
0.69
0.69
0.71
0.71
0.71
0.69
0.65
0.59
0.71
0.67
0.67
0.67
0.47
0.45
0.71
0.71
0.69
0.67
0.67
0.71
0.71
0.71
0.69
0.65
0.71
0.69
0.61
0.69
0.71
0.69
0.69
0.71
0.69
0.67
0.65
0.71
0.65
0.69
0.69
0.65
0.67
0.71
0.69
0.71
0.69
0.67
0.67
0.63
0.67
0.63
0.69
0.69
0.71
0.65
0.65
0.71
0.67
0.71
0.69
0.69
0.65
0.69
0.67
0.71
0.69
0.69
0.65
0.69
0.69
0.71
0.71
0.71
0.69
0.45
0.65
0.67
0.63
0.23
0.63
0.71
0.67
0.69
0.69
0.45
-0.889999
-0.00999939
0.39
0.29
0.67
0.69
0.65
0.39
0.67
0.71
0.67
0.73
0.69
0.73
0.71
0.63
0.63
0.73
0.73
0.71
0.71
0.67
0.73
0.73
0.73
0.65
0.63
0.75
0.29
-10.37
-16.76
-21.7304
0.75
-11.18
-2.43
0.67
0.67
0.73
0.71
0.71
0.71
0.71
0.71
0.69
0.71
0.69
0.73
0.69
-0.129999
0.31
0.51
0.59
0.71
0.71
0.67
0.65
0.67
0.69
0.71
0.71
0.69
0.69
0.69
0.71
0.71
0.69
0.67
0.65
0.71
0.69
0.65
0.69
0.67
0.67
0.71
0.67
0.71
0.71
0.71
0.71
0.71
0.71
0.69
0.71
0.71
0.71
0.65
0.65
0.71
0.71
0.69
0.67
-0.229999
0.67
-10.42
-2.07
0.57
0.63
0.63
0.65
0.69
0.71
0.69
0.73
0.49
0.73
0.73
0.61
0.67
0.69
0.67
0.71
0.71
0.73
0.69
0.69
0.73
0.73
0.73
0.69
0.73
0.71
0.73
0.71
0.59
0.73
0.73
0.69
0.65
0.73
0.73
0.71
0.67
0.67
0.71
0.71
0.71
0.63
0.71
0.71
0.71
0.69
0.71
0.71
0.71
0.69
0.63
0.71
0.63
0.67
0.67
0.69
0.71
0.63
0.69
0.71
0.71
0.71
0.71
0.69
0.65
0.73
0.67
0.71
0.69
0.69
0.67
0.71
0.69
0.71
0.71
0.69
0.71
0.71
0.67
0.63
0.71
0.71
0.71
0.65
0.65
0.69
0.69
0.71
0.67
0.67
0.71
0.69
0.37
0.71
0.71
0.69
0.69
0.71
0.69
0.69
0.71
0.69
0.53
0.73
0.75
0.75
0.73
0.73
0.73
0.69
0.67
0.67
0.71
0.69
0.71
0.45
0.71
0.71
0.73
0.71
0.69
0.69
0.69
0.69
0.65
0.67
0.71
0.67
0.71
0.71
0.61
0.69
0.69
0.67
0.69
0.71
0.69
0.63
0.41
0.71
0.69
0.39
0.71
0.65
0.69
0.69
0.69
0.71
0.63
0.67
0.71
0.71
0.71
0.71
0.67
0.69
0.67
0.71
0.71
0.71
0.63
0.71
0.69
0.65
0.67
0.67
0.71
0.67
0.67
0.63
0.69
0.61
0.69
0.69
0.71
0.67
0.69
0.69
0.67
0.71
0.71
0.69
0.71
0.67
0.71
0.71
0.61
0.67
0.67
0.65
0.69
0.71
0.71
0.69
0.71
0.71
0.71
0.69
0.65
0.71
0.67
0.71
0.69
0.69
0.67
0.61
0.69
0.65
0.65
0.67
0.71
0.67
0.0300004
-1.37
0.69
0.71
0.71
0.63
0.71
0.71
0.63
0.69
0.65
0.71
0.69
0.71
0.67
0.69
0.63
0.69
0.71
0.65
0.35
0.57
0.71
0.67
0.71
0.67
0.71
0.69
0.71
0.69
0.69
0.61
0.63
0.73
0.65
0.71
0.61
0.67
0.71
0.65
0.67
0.69
0.71
0.69
0.69
0.67
0.71
0.63
0.43
0.69
0.69
0.63
0.71
0.71
0.71
0.71
0.69
-10.43
-7.07008
0.69
0.65
0.69
0.59
0.67
0.67
0.67
0.63
0.67
0.71
0.73
0.73
0.71
0.67
0.67
0.69
0.69
0.73
0.71
0.69
0.71
0.67
0.71
0.69
0.71
0.57
0.67
0.65
0.71
0.69
0.69
0.33
0.59
0.67
0.69
0.71
0.71
0.69
0.71
0.69
0.69
0.69
0.67
0.67
0.71
0.71
0.69
0.31
0.71
0.71
0.69
0.69
0.71
0.71
0.37
0.39
0.0900006
0.59
0.71
0.69
0.59
0.71
0.59
0.73
0.67
0.69
0.69
0.71
0.71
0.71
0.71
0.67
0.67
0.67
0.71
0.69
0.69
0.69
0.71
0.71
0.69
0.71
0.71
0.67
0.67
0.71
0.63
0.71
0.65
0.67
0.67
0.69
0.65
0.65
0.69
0.69
0.71
0.63
0.69
0.57
0.63
0.61
0.57
0.59
0.67
0.67
0.65
0.65
0.61
0.53
0.71
0.71
0.71
0.67
-10.33
-1.23
0.69
0.71
0.69
0.67
0.71
0.73
0.73
0.73
0.69
0.67
0.65
0.67
0.69
0.71
0.69
0.69
0.71
0.69
0.69
0.69
0.67
0.69
0.69
0.71
0.65
0.67
0.71
0.71
0.71
0.71
0.71
0.69
0.71
0.69
0.67
0.71
0.67
0.67
0.65
0.71
-0.129999
-1.31
0.65
0.61
0.69
0.71
0.71
0.69
0.59
0.69
0.69
0.71
0.71
0.71
0.69
0.67
0.69
0.71
0.71
0.71
0.71
0.71
0.69
0.69
0.69
0.67
0.67
0.69
0.67
0.67
0.69
0.69
0.33
0.71
0.69
0.69
0.71
0.67
0.71
0.67
0.69
0.71
0.67
0.69
0.69
0.71
0.69
0.69
0.69
0.71
0.71
0.71
0.65
0.69
0.71
0.25
0.67
0.69
0.67
0.69
0.69
0.67
0.67
0.69
0.69
0.69
0.61
0.69
0.71
0.67
0.69
0.63
0.65
0.65
0.69
0.67
0.69
0.67
0.69
0.67
0.67
0.69
0.67
0.71
0.65
0.65
0.71
0.71
0.67
0.69
0.67
0.71
0.71
0.69
0.65
0.71
0.69
0.69
0.69
0.69
0.71
0.63
0.69
0.71
0.69
0.71
0.71
0.69
0.71
0.63
0.65
0.67
0.69
0.69
0.69
0.67
0.67
0.69
0.65
0.65
0.69
0.69
0.67
0.69
0.71
0.71
0.67
0.65
0.71
0.71
0.69
0.27
0.63
0.63
0.71
0.71
0.71
0.65
0.67
0.71
0.71
0.69
0.71
0.71
0.65
0.65
0.69
0.71
0.71
0.65
0.63
0.71
0.69
0.69
0.67
0.69
0.71
0.73
0.69
0.67
0.65
0.67
0.61
0.69
0.67
0.65
0.69
0.67
0.67
0.71
0.69
0.65
0.71
0.69
0.65
0.67
0.67
0.71
0.71
0.71
0.71
0.69
0.69
0.69
0.71
0.67
0.67
0.67
0.71
0.69
0.69
0.65
0.69
0.65
0.69
0.71
0.63
0.71
0.69
0.69
0.69
0.69
0.69
0.71
0.41
-1.97
-2.37
0.69
0.37
0.71
0.71
0.67
0.67
0.67
0.69
0.71
0.71
0.63
0.71
0.71
0.71
0.67
0.69
0.71
0.71
0.67
0.69
0.71
0.71
0.71
0.67
0.67
0.63
0.67
0.69
0.71
0.67
0.69
0.69
0.61
0.71
0.69
0.71
0.67
0.69
0.67
0.67
0.71
0.61
0.71
0.69
0.67
0.71
0.71
0.65
0.67
0.65
0.69
0.71
0.69
0.71
0.69
0.71
0.71
0.69
0.71
0.69
0.71
0.67
0.69
0.69
0.71
0.69
0.71
0.71
0.69
0.69
0.65
0.69
0.63
0.71
0.67
0.69
0.67
0.71
0.65
0.67
0.69
0.69
0.67
0.69
0.69
0.67
0.71
0.71
0.69
0.69
0.67
0.65
0.69
0.67
0.55
0.31
0.75
-11.31
-1.21
0.71
0.67
0.73
0.73
0.77
0.71
0.49
0.71
0.73
0.67
0.69
0.73
0.69
0.65
0.69
0.55
0.69
0.71
0.67
0.71
0.73
-1.51
0.41
0.39
0.75
0.65
0.69
0.69
0.69
0.71
0.73
0.71
0.73
0.73
0.73
0.73
0.57
0.69
0.69
0.71
0.69
0.69
0.71
0.71
0.67
0.65
0.67
0.57
0.71
0.67
0.59
0.73
0.67
0.71
0.71
0.71
0.71
0.67
0.69
0.67
0.67
0.55
0.43
0.67
0.69
0.69
0.63
0.69
0.71
0.69
0.67
0.67
0.69
0.71
0.71
0.69
0.71
0.71
0.65
0.71
0.71
0.69
0.71
0.71
0.61
0.67
0.69
0.59
0.69
0.71
0.65
0.65
0.67
0.69
0.69
0.71
0.71
0.71
0.65
0.67
0.69
0.65
0.67
0.67
0.71
0.65
0.69
0.63
0.67
0.71
0.69
0.67
0.67
0.67
0.59
0.71
0.71
0.65
0.43
0.67
0.67
0.69
0.69
0.63
0.67
0.63
0.65
0.69
0.67
0.69
0.69
0.69
0.65
0.71
0.69
0.71
0.69
0.71
0.69
0.67
0.69
0.67
0.69
0.71
0.69
0.61
0.67
0.63
0.69
0.63
0.69
0.61
0.35
-0.369999
0.71
0.69
0.69
0.71
0.71
0.67
0.43
0.71
0.71
0.69
0.69
0.69
0.71
0.69
0.69
0.67
0.69
0.65
0.69
0.69
0.69
0.65
0.71
0.71
0.71
0.71
0.65
0.71
0.67
0.71
0.67
0.71
0.71
0.69
0.71
0.59
0.65
0.67
0.71
0.63
0.71
0.71
0.65
0.71
0.71
0.69
0.71
0.69
0.67
0.61
0.61
0.67
0.63
0.61
0.67
0.73
0.69
0.67
0.69
0.71
0.71
0.71
0.69
-0.0899996
0.53
0.59
0.65
0.69
0.71
0.63
0.71
0.63
0.69
0.71
0.71
0.71
0.71
0.71
0.71
0.67
0.69
0.69
0.71
0.69
0.71
0.57
0.65
0.69
0.69
0.69
0.71
0.67
0.71
0.65
0.71
0.71
0.67
0.67
0.71
0.69
0.67
0.71
0.71
0.71
0.61
0.71
0.65
0.71
0.61
0.63
0.69
0.63
0.67
0.71
0.69
0.69
0.71
0.69
0.71
0.69
0.65
0.71
0.71
0.71
0.71
0.65
0.65
0.69
0.65
0.63
0.65
0.69
0.71
0.69
0.71
0.71
0.67
0.71
0.69
0.67
0.0300006
0.0100006
0.61
0.55
0.69
0.71
0.69
0.73
0.67
0.69
0.67
0.63
0.71
0.67
0.59
0.55
0.71
0.69
0.69
0.65
0.71
0.67
0.63
0.71
0.69
0.71
0.59
0.71
0.69
0.69
0.65
0.67
0.71
0.47
0.29
0.69
0.71
0.65
0.71
0.71
0.67
0.69
0.47
-0.0299994
0.39
0.65
0.71
0.71
0.67
0.69
0.71
0.65
0.69
0.65
0.71
0.69
0.71
0.69
0.71
0.71
0.71
0.67
0.69
0.69
0.69
0.69
0.65
0.67
0.71
0.71
0.71
0.71
0.63
0.69
0.59
0.67
0.67
0.71
0.69
0.71
0.67
0.69
0.67
0.71
0.71
0.69
0.71
0.69
0.69
0.67
0.67
0.67
0.71
0.65
0.71
0.71
0.67
0.69
0.69
0.69
0.69
0.71
0.69
0.71
0.69
0.67
0.63
-6.03006
0.63
-0.389999
0.63
0.71
0.67
0.67
0.69
0.71
0.63
0.55
0.67
0.67
0.69
0.67
0.69
0.71
0.71
0.71
0.67
0.71
0.69
0.69
0.69
0.65
0.65
0.71
-0.0499996
0.65
0.71
0.69
0.67
0.63
0.69
0.71
0.71
0.67
0.67
0.69
0.67
0.69
0.71
0.71
0.71
0.63
0.67
0.69
0.63
0.69
0.65
0.69
0.47
0.65
0.69
0.71
0.69
0.71
0.69
0.69
0.69
0.65
0.71
0.67
0.69
0.65
0.69
0.69
0.69
0.69
0.65
0.61
0.67
0.69
0.69
0.63
0.71
0.73
0.71
0.73
0.69
0.71
0.69
0.71
0.67
0.67
0.71
0.71
0.69
0.69
0.69
0.71
0.69
0.69
0.69
0.67
0.63
0.67
0.67
0.69
0.65
0.55
0.57
-0.369999
0.69
0.71
0.69
0.71
0.65
0.69
0.67
0.67
0.69
0.65
0.67
0.71
0.65
0.67
0.71
0.69
0.69
0.69
0.67
0.69
0.65
0.67
0.69
0.69
0.59
0.71
0.69
0.69
0.71
0.69
0.69
0.71
0.67
0.71
0.69
0.71
0.71
0.69
0.71
0.71
0.39
-0.289999
0.71
0.69
0.69
0.71
0.69
0.69
0.71
0.67
0.69
0.63
0.67
0.67
-0.509999
-1.73
0.61
0.69
0.71
0.69
0.71
0.69
0.69
0.71
0.69
0.71
0.71
0.65
0.69
0.63
0.67
0.63
0.67
0.67
0.67
0.63
0.63
0.71
0.71
0.63
0.61
0.59
0.69
0.71
0.69
0.67
0.67
0.71
0.65
0.61
0.71
0.71
0.67
0.67
0.69
0.63
0.67
0.67
0.69
0.65
0.71
0.71
0.71
0.67
0.69
0.71
0.71
0.67
0.53
-0.669999
-10.51
0.75
0.75
0.73
-3.05
0.71
0.63
0.41
0.67
0.71
0.73
0.65
0.69
0.69
0.43
0.69
0.63
0.71
0.67
0.63
0.71
0.65
0.73
0.31
0.69
0.71
0.27
0.35
0.23
0.71
0.71
0.65
0.67
0.67
0.71
0.73
0.71
0.73
0.25
0.63
0.73
0.69
0.73
0.59
0.55
0.63
0.39
0.65
0.73
0.69
0.71
0.71
0.73
0.73
0.71
0.71
0.63
0.77
0.73
0.35
0.71
0.71
0.71
0.79
0.77
0.69
0.67
0.73
0.71
0.79
0.77
0.71
0.69
0.63
0.73
0.77
0.69
0.67
0.79
0.69
0.71
0.77
0.31
0.71
0.79
0.59
0.75
0.77
0.79
0.79
0.71
0.77
0.79
0.79
0.73
0.79
0.79
0.67
-12.08
0.43
0.75
0.39
0.73
-1.63
-16.2502
-17.1503
0.75
-10.33
-10.23
-12.73
-12.7301
0.110001
-3.97002
-253.976
-25.1905
-27.7306
-25.7905
-13.8902
-4.13002
-25.6505
-24.7705
-61.2175
0.41
-14.49
-9.27014
0.39
-0.209999
0.71
0.43
-19.2104
-0.369999
0.43
0.37
-8.11011
-2.73
-20.1504
0.41
-0.749999
-1.35
0.33
0.73
0.79
0.69
0.75
0.73
0.37
0.23
-89.6906
-68.5664
-60.2259
0.75
0.73
0.75
0.0300005
-10.17
-149.906
-44.0885
-0.349999
-0.289999
-2.29
0.43
0.37
-0.629999
-10.55
-57.6081
-59.3263
0.43
-313.926
-10.41
-112.855
-72.1078
0.0500006
-19.5104
-11.19
-26.5002
-4.19002
0.75
0.77
0.71
0.71
0.75
-11.44
-1.35
0.65
0.65
0.67
0.65
0.71
0.75
0.37
0.71
-0.109999
0.79
0.35
0.47
0.75
0.41
-10.2
-1.05
-0.309999
0.67
0.41
0.27
0.75
0.43
0.73
-107.911
-296.889
-6.55008
-10.5702
-63.3456
0.69
0.67
-18.3701
-103.573
-30.2106
-22.8202
-42.4488
-4.11002
-10.1301
0.41
0.110001
0.73
0.57
-36.8497
-1.23
-0.909999
-31.2306
0.71
0.41
-8.75012
0.41
0.77
-10.63
-15.8303
-10.0102
-67.9565
0.71
0.43
0.43
-11.3
0.57
0.71
0.77
0.73
0.73
0.73
0.73
0.110001
-19.3901
-0.689999
-0.389999
0.75
0.75
-0.229999
0.73
-0.569999
0.37
0.43
0.41
-0.289999
-29.9906
-0.969998
0.69
0.69
0.71
0.73
0.69
0.73
0.77
0.75
0.69
0.71
0.71
0.75
-2.15
0.31
-0.109999
-2.65
-3.99002
-14.0902
-20.3304
-0.249999
-21.8402
0.43
-0.00999975
0.73
0.73
0.73
0.73
0.69
0.71
0.73
0.71
0.71
0.77
0.67
0.77
0.43
0.73
0.75
0.75
0.77
0.77
0.75
0.77
0.75
0.75
0.69
0.71
0.75
0.75
0.75
0.75
0.75
0.77
0.73
-0.709999
-0.849999
0.53
-1.31
0.71
0.73
0.73
0.75
0.65
0.75
0.71
0.75
0.75
0.73
-11.21
0.67
0.61
0.63
-10.76
-1.59
0.71
0.69
0.79
0.69
0.75
0.71
0.73
0.79
0.77
0.67
0.71
0.77
0.69
0.63
0.79
0.41
0.67
0.71
0.79
0.69
0.77
0.79
0.73
0.79
0.69
0.71
0.79
0.73
-1.01
0.65
0.71
0.25
0.57
0.75
0.75
0.75
0.75
0.73
-13.91
-21.8704
0.75
-3.97002
-21.1101
-12.6501
-68.8265
-93.6313
0.75
-16.7301
-45.4483
-0.549999
-213.456
-88.5497
0.0500006
0.39
-0.829999
0.77
0.75
0.43
0.77
0.75
0.75
0.65
0.71
0.73
0.77
0.75
0.73
0.77
0.75
0.75
0.75
0.110001
0.25
-43.2604
-164.759
-10.19
-530.302
-14.0902
-1.91
0.59
0.69
0.77
0.75
-0.329999
-10.22
-6.65007
0.75
0.71
0.73
0.75
0.75
0.77
0.41
-0.00999939
0.29
0.39
-0.509999
0.43
0.73
0.77
0.73
0.75
0.69
0.75
0.41
-1.05
-1.35
-10.4102
0.75
-8.11011
0.71
0.75
0.45
0.39
0.43
0.75
-0.849999
0.110001
0.77
0.43
0.43
0.75
0.35
0.73
0.37
0.75
-2.19
0.65
0.75
0.43
0.110001
-0.249999
0.43
0.130001
0.37
-1.85
0.25
-2.47
0.29
-0.209999
-11.61
-126.477
0.73
0.59
0.75
-8.81012
0.110001
-5.39005
-10.24
-6.05006
0.75
0.75
0.75
0.75
0.75
0.75
-18.0601
-226.953
-291.065
-27.6906
-77.1483
0.37
-6.23006
0.77
-1.63
-10.05
-20.6201
-390.417
0.73
0.77
0.75
-10.61
-0.509999
-10.4
0.75
0.75
0.75
0.75
-22.4104
0.39
0.41
0.71
0.75
0.69
0.57
0.69
0.73
0.71
0.67
0.73
0.73
0.71
0.69
0.71
0.71
0.69
0.57
-57.6263
-163.939
-2.87
0.39
-0.529999
0.75
0.77
0.73
0.75
0.75
0.75
0.77
0.75
0.73
0.77
0.75
0.75
0.75
0.77
0.69
0.73
0.69
0.73
0.75
0.75
0.75
-0.469999
-10.91
-194.943
-0.549999
-6.35007
-9.27014
0.75
0.77
0.41
0.73
-10.44
0.73
0.37
-58.3664
0.43
0.75
0.33
0.0500004
-10.89
-30.4803
-0.329999
-4.15002
-306.8
-0.529999
0.39
0.41
0.33
0.75
0.45
0.43
0.110001
0.0700006
-19.3504
0.33
-0.209999
0.0900006
0.71
0.75
0.73
0.61
0.71
0.75
0.57
-7.6701
0.43
0.39
-4.63003
-11.9
0.150001
0.57
0.75
0.65
0.63
0.71
0.71
0.73
-10.21
-47.1297
-134.334
-2.23
0.77
0.43
0.75
0.75
0.75
0.75
0.73
0.77
0.47
-65.186
0.75
-45.5283
0.0900006
0.33
0.75
-15.1903
0.55
0.75
0.75
0.37
0.75
0.71
0.75
0.61
0.69
0.73
0.71
0.71
0.67
0.69
0.65
0.75
0.71
0.69
0.69
0.75
0.69
0.75
0.77
0.75
0.75
0.77
-2.79
-1.87
0.75
0.69
0.67
0.75
0.71
0.67
0.75
0.71
0.69
0.69
0.57
-4.79004
0.43
-2.03
0.75
0.57
0.65
-6.25006
-52.1273
-15.5
-69.3764
-0.0699996
-0.129999
-144.669
0.75
0.75
0.67
0.75
0.75
0.75
0.73
0.75
0.75
0.71
0.67
0.27
-11.71
-1.59
-25.3902
-213.654
-56.7482
-2.53
0.67
0.61
-0.349999
0.75
0.59
0.75
0.73
0.57
-5.21003
-10.18
-309.251
-344.272
-10.62
-0.00999963
0.21
0.73
0.61
0.73
0.75
0.75
0.29
0.71
0.45
-32.6504
0.73
0.75
0.51
-0.249999
0.75
0.67
0.75
-10.44
-10.67
-23.2704
-289.082
-0.389999
-46.5081
-34.3501
0.61
-28.6506
-35.8499
0.47
0.69
0.71
0.67
0.65
0.75
0.75
0.47
-0.849999
-8.61012
0.75
0.75
0.43
0.57
-3.49001
0.75
0.75
0.75
0.75
0.47
0.77
0.75
0.75
0.77
0.75
0.63
0.31
0.73
0.71
0.73
0.75
0.73
0.75
0.75
-17.3601
-85.4095
0.73
-0.849999
0.43
0.25
0.75
0.77
0.73
0.75
0.75
0.77
0.21
-10.07
-239.558
0.73
0.43
0.110001
0.75
0.75
0.75
0.75
0.75
0.75
0.75
0.73
0.0700005
0.75
0.75
0.75
-8.75013
0.77
0.43
-0.969998
-0.769999
0.75
0.33
-0.369999
0.57
0.41
0.43
0.75
0.75
-8.37011
-14.49
-36.3298
-5.99005
0.57
-73.1477
-70.167
0.110001
0.29
-10.18
-4.11002
-26.5105
-19.9704
-10.7502
0.75
0.75
0.75
0.75
0.75
0.75
0.75
0.73
-0.0899993
-16.6503
-4.15002
0.35
0.43
0.55
0.71
0.75
0.75
0.75
0.71
-10.5702
-1.33
0.75
0.75
0.75
0.65
0.73
-10.18
-17.7503
0.75
0.75
0.75
0.57
-0.529999
0.75
0.71
0.67
-0.709999
-11.97
-42.9487
-15.13
-137.452
-2.99
-2.55
-45.0701
-95.3119
-18.0703
-15.5503
-0.189999
0.75
0.75
0.57
-1.75
0.75
0.75
0.75
0.75
0.75
0.75
0.75
0.75
0.73
0.75
-10.28
-13.8502
0.75
0.73
0.77
0.75
0.75
0.75
0.71
0.75
0.75
-2.65
-1.15
0.73
0.75
0.75
0.71
0.73
-2.69
0.73
0.71
-1.27
0.75
-0.0899994
-10.86
0.57
0.73
-1.03
0.77
0.75
-10.5902
0.75
0.75
0.61
0.75
-0.149999
0.73
0.75
0.75
0.75
0.75
0.77
0.75
0.75
-3.15
0.73
0.75
0.75
0.75
0.43
0.75
0.75
-10.07
-2.55
-1.21
0.69
0.75
-10.05
-106.992
-18.8104
0.69
0.75
0.75
0.67
0.75
0.75
0.77
0.73
0.75
0.71
0.73
0.43
-10.22
-1.39
0.71
0.69
0.59
0.57
0.69
0.69
0.73
0.73
0.61
0.63
0.73
0.75
0.77
0.73
0.75
0.75
0.69
0.75
-23.6502
-45.7482
0.69
0.37
0.33
-8.89012
-2.85
0.69
0.69
0.75
-11.6102
0.69
0.57
-1.05
-3.89002
0.73
0.77
0.75
0.75
0.77
0.75
0.75
0.0700006
0.71
0.73
0.71
0.39
-0.289999
0.55
-2.51
0.47
-3.13
0.43
0.75
0.43
0.75
0.71
0.75
0.71
0.51
-0.709999
-0.529999
0.75
0.75
0.75
0.57
-11.8702
0.73
0.71
0.75
0.75
-6.47007
0.75
0.75
0.73
0.71
0.75
0.73
0.73
0.73
0.75
0.57
-36.2805
0.71
-3.49001
0.75
0.75
0.77
0.75
0.75
-0.589999
0.75
0.75
0.75
0.55
0.75
0.71
0.75
0.75
0.75
0.75
0.43
0.75
0.77
0.75
0.75
-10.05
-133.295
0.75
0.75
0.75
0.75
0.75
0.75
0.75
0.75
0.43
0.0100006
-2.79
0.75
0.75
0.35
0.71
0.73
0.75
0.75
0.75
0.75
0.75
0.75
0.73
-0.289999
0.67
-10.18
-41.0806
-61.1677
-5.09002
0.67
0.65
0.69
0.71
0.69
0.69
0.69
0.75
0.69
0.39
0.39
0.47
0.67
0.71
0.75
0.37
0.49
0.71
0.75
0.67
0.63
-222.326
-46.4283
0.75
0.75
0.73
-9.83012
-5.13004
0.67
0.39
0.43
0.75
0.69
0.75
0.75
0.0900006
-3.67001
-0.169999
0.75
0.39
0.25
-5.63006
-1.03
0.65
-10.33
-16.45
-18.3103
0.41
0.61
-0.989998
0.75
0.75
0.75
0.59
0.75
0.75
0.63
0.73
0.43
0.69
0.75
0.75
0.73
0.73
0.75
0.75
0.55
0.67
0.71
0.73
0.69
-8.93013
0.75
0.75
0.75
0.75
0.75
0.75
-0.549999
0.71
0.75
0.57
-11.11
0.67
0.55
0.65
0.71
0.75
0.75
0.75
0.71
0.75
0.75
0.75
0.75
0.75
0.75
0.75
0.75
0.75
0.75
0.75
0.77
0.75
0.59
0.75
0.71
0.0500006
0.71
-14.4903
0.57
0.43
0.75
0.39
-2.21
0.75
0.75
0.69
0.75
0.75
0.43
0.75
0.75
0.75
0.75
0.75
0.75
0.75
0.55
0.0300006
0.75
0.75
0.75
0.75
0.75
0.71
-4.87004
0.77
0.75
0.75
0.71
0.75
0.57
-0.209999
0.25
0.49
-0.609999
-0.709999
-10.36
-13.16
0.0700005
-4.09002
-0.209999
0.75
0.75
0.75
0.75
0.73
0.63
0.33
0.75
0.65
0.49
0.75
-10.22
-0.129999
-5.67005
0.19
-16.5903
0.57
0.75
0.75
0.73
0.57
0.150001
0.57
0.73
0.61
0.75
0.77
0.75
0.43
0.75
0.73
-0.849999
0.75
0.57
-5.77006
0.71
0.75
0.75
0.41
-10.98
0.57
-1.47
-10.05
-145.195
-175.499
-144.969
0.67
0.75
0.75
0.75
0.75
0.75
0.75
-0.209999
0.53
0.71
0.75
0.75
0.75
0.71
0.75
0.75
0.39
0.43
-12.16
-50.1493
-1.15
0.75
0.33
0.75
0.75
0.75
0.59
0.75
0.41
0.73
0.51
0.75
0.37
0.75
0.39
0.59
-15.6503
-60.6458
-1.43
0.110001
0.75
0.71
0.53
0.71
-11.53
-378.466
0.53
0.43
0.39
-10.05
-353.803
-82.1495
-0.149999
-10.22
-33.5102
-14.5703
0.57
0.0300006
0.75
0.69
0.73
0.75
0.75
0.75
-26.6505
-54.7868
0.57
-7.19009
-10.67
-118.916
0.110001
0.0900006
0.75
0.43
0.75
0.75
0.75
0.75
0.73
-0.309999
-45.5284
0.25
-2.11
0.75
0.73
0.73
0.75
0.75
0.51
-32.1104
-90.691
-216.951
-11.51
-238.78
0.35
0.75
0.75
0.75
0.75
0.75
0.75
0.75
0.73
-26.8503
-76.516
-235.598
-255.832
0.73
0.75
0.73
0.73
0.75
0.73
0.75
0.75
0.75
0.75
0.75
0.75
0.75
0.77
0.75
0.75
0.75
0.75
0.77
-10.21
-10.35
-262.663
-181.552
0.73
-10.17
-10.38
-332.204
0.73
0.75
0.75
0.75
0.75
0.75
0.75
-108.594
-44.9083
0.75
0.73
0.75
0.43
0.75
0.57
-82.1573
-195.864
0.43
0.57
-198.44
-42.7088
0.0900006
0.75
0.73
0.41
0.29
0.21
0.73
0.73
0.73
0.75
0.73
-3.47001
0.75
0.45
0.75
-1.21
0.110001
0.75
0.57
-5.79006
0.73
-10.18
-262.721
0.75
0.75
0.77
0.75
0.77
0.75
0.75
0.75
0.73
0.75
0.75
0.75
0.75
0.73
0.75
0.75
0.75
0.75
0.75
0.71
0.73
0.75
0.73
0.75
0.73
0.73
0.73
0.75
0.75
0.75
0.75
0.75
0.73
0.75
0.75
0.45
0.61
-5.05004
0.75
0.75
0.73
0.77
0.75
0.73
0.0500005
0.77
0.75
0.63
0.77
0.75
0.110001
-18.2903
-10.06
-16.6501
-61.2575
-106.694
0.75
0.75
0.75
0.75
0.75
0.75
0.73
0.75
-9.67014
0.75
0.75
0.75
0.73
0.75
0.69
0.75
-20.9704
0.75
0.75
0.73
0.75
0.75
0.75
0.75
0.71
0.75
0.77
0.75
0.75
0.43
0.73
0.53
0.49
-20.3904
0.75
0.75
0.75
0.77
0.75
0.73
0.75
0.75
0.75
0.75
0.75
0.75
0.75
0.75
0.43
0.0900006
0.75
0.63
-8.35012
0.77
0.71
0.75
0.75
0.77
0.75
0.75
-0.0699993
-18.3301
-90.1109
0.75
0.57
0.0700006
0.67
-1.17
0.75
-10.22
-14.57
-246.636
-29.6706
-19.4704
0.75
0.27
-0.189999
-24.0305
-3.77001
0.75
0.75
0.75
-10.37
-105.592
-562.018
-787.854
-147.483
-223.113
-832.365
-157.668
-570.786
0.0900006
0.75
-132.855
0.57
0.59
0.75
0.75
0.75
0.73
0.63
0.75
0.75
0.43
0.75
0.75
0.75
-10.33
-3.91002
-2.31
-66.4468
-165.438
0.71
-75.468
0.75
-10.07
-84.7676
-655.261
0.75
0.75
0.75
0.71
0.73
0.61
0.75
0.75
0.75
0.75
0.63
0.75
0.65
0.73
0.73
0.75
0.61
0.77
0.75
0.73
0.75
0.75
0.75
0.45
0.75
0.75
0.77
0.73
0.75
0.75
0.69
0.73
0.77
0.73
0.75
0.75
0.75
0.29
0.110001
0.57
0.37
0.31
0.0700005
0.47
-10.1102
-10.07
-14.5703
0.75
0.75
0.75
0.75
0.43
0.75
0.75
0.75
0.75
0.75
0.73
0.75
0.75
0.77
0.75
0.77
0.75
0.75
0.75
0.77
0.75
0.75
0.75
0.75
-10.5
-242.194
-180.096
-251.355
-575.768
0.75
0.77
0.73
0.75
0.75
0.75
0.29
0.75
0.75
0.75
0.73
0.73
0.75
-10.22
-0.349999
-15.71
-9.77015
-0.969998
-10.17
-15.3902
0.45
0.75
0.47
0.77
0.73
0.69
0.77
0.71
0.15
0.75
0.75
0.75
0.0300006
0.37
0.69
0.77
0.75
0.73
0.75
0.71
0.77
0.73
0.75
0.77
0.77
0.75
0.75
0.75
0.75
0.75
0.77
0.59
0.71
0.39
0.75
0.75
0.77
0.71
0.75
0.35
-4.71004
0.33
0.59
0.37
0.75
0.71
0.75
0.75
0.77
0.75
0.73
0.39
0.73
0.75
0.75
0.75
-0.569999
0.75
0.75
-2.07
0.73
0.75
0.75
0.75
0.75
-6.47007
0.73
-2.81
0.71
-3.69001
0.69
0.37
0.73
0.71
0.75
0.75
0.73
0.75
0.75
0.75
0.75
0.73
0.75
0.75
0.75
0.75
0.75
0.73
0.73
0.75
0.71
-0.569999
0.75
0.75
0.71
0.31
-0.549999
0.75
0.75
0.73
0.73
0.75
0.75
0.75
0.73
0.77
0.75
0.77
0.69
0.73
0.75
0.75
-0.769999
-4.01002
0.71
-10.0102
0.75
0.75
0.63
-5.41005
0.43
0.75
0.45
0.75
0.75
0.73
0.75
0.75
0.75
0.73
0.0300006
0.67
0.17
-10.17
-5.49003
-2.05
0.11
-0.349999
0.57
0.75
0.75
0.75
0.75
0.75
0.75
0.75
0.75
-1.87
0.0700006
0.75
-0.769999
0.73
0.75
0.77
0.77
0.75
0.39
0.73
0.75
0.75
-1.61
0.77
0.75
0.75
0.73
0.75
0.77
0.77
0.75
-1.53
0.75
-10.05
-14.4103
0.75
0.75
0.75
0.73
0.75
-1.19
0.0700006
0.77
0.75
0.73
0.75
0.77
0.75
0.75
0.75
0.77
0.75
0.69
0.73
0.75
0.77
0.67
0.75
0.75
0.71
0.75
0.75
0.75
0.75
0.75
0.75
0.55
0.71
0.75
0.75
0.75
0.77
0.77
0.75
0.75
0.75
0.75
0.75
0.75
0.75
0.75
0.73
0.71
-3.43001
0.73
-0.149999
0.43
-1.25
0.27
0.75
0.73
0.75
0.75
0.41
0.75
0.73
0.75
0.75
0.75
0.43
-1.31
-0.209999
0.73
-0.229999
0.75
0.59
0.75
0.75
0.75
0.73
0.75
0.75
0.75
0.77
0.77
0.75
0.75
0.73
0.75
0.75
0.75
0.73
0.73
0.75
0.39
0.75
0.43
0.69
-1.49
-0.229999
-11.35
-0.929999
0.41
-10.07
-73.3077
0.61
0.75
0.75
0.31
-0.149999
-11.38
-50.8473
0.73
0.75
0.75
0.73
-3.75001
0.73
0.75
0.71
-2.55
0.71
0.65
0.77
0.73
0.75
0.75
0.75
-10.32
-36.6505
-100.933
0.75
0.75
0.75
0.130001
0.75
0.75
0.75
0.75
0.75
0.75
0.77
0.75
0.73
-10.18
-50.0076
-63.997
-167.073
-38.2694
0.27
-9.13013
0.31
0.75
0.75
0.75
0.75
0.77
0.59
0.77
0.49
0.75
0.73
0.73
0.43
0.73
0.73
0.75
0.75
0.75
0.75
0.71
0.21
0.73
0.33
0.75
0.75
0.71
-0.229999
0.75
0.75
0.75
0.73
0.110001
0.0900006
0.73
0.75
0.75
0.73
0.65
0.75
0.75
0.75
0.73
0.75
0.75
0.75
0.75
0.75
0.75
0.75
0.71
0.75
0.75
0.75
0.75
0.75
0.71
0.73
0.77
0.75
0.75
0.73
0.73
0.75
0.75
0.73
0.75
0.73
0.73
0.73
0.75
0.75
0.73
0.75
-16.7703
-0.0299994
0.73
0.75
0.73
0.75
0.73
