-301.464
-185.761
-3.2
-1.52
-110.277
-136.911
-3.28
-26.5605
-166.54
-5.32003
-8.56007
-41.1406
-22.7604
-7.04
-1.44
-36.4805
-172.451
-7.20008
-252.384
-122.194
-7.20005
-2.26
-0.139999
-14.7002
-91.4175
-0.419999
-0.419999
-2.38
0.64
0.6
0.82
0.18
-0.299999
-15.7802
-0.0599995
-34.6405
-145.773
-123.032
-0.14
-0.0199996
-22.2603
-27.0205
-2.76
-18.1203
-0.879999
-2.48
0.3
0.54
-0.799999
-0.179999
-3.24
-0.599999
0.68
-2.64
-1.72
-18.8603
-13.0001
-0.959999
-28.3005
-2.92
-1.26
0.42
0.3
-3.52001
-3.08
-37.2206
-0.619999
-52.4396
-2.18
-15.8202
-18.2803
-12.1602
-19.3203
0.34
-1.34
-4.44002
-24.1804
-25.6804
-0.599999
-0.12
0.0600004
-0.459999
-1.64
-2.44
-5.02001
-1.68
0.34
-0.0199996
-68.4804
0.26
0.120001
0.4
0.58
0.42
-0.379999
0.4
0.0200004
0.28
0.22
0.66
0.0200006
0.52
0.36
-0.219999
0.52
-4.6
-2.7
-17.3202
-0.139999
-5.28001
-2.04
6.55651e-07
0.32
-0.259999
-1.02
-3.40001
-3.38
0.22
-0.139999
-7.66001
-31.9804
-2.1
-0.0199996
0.12
-0.159999
-0.179999
-2.88
-2.48
0.0600004
-2.8
-27.0205
-3.64001
-0.0599993
-0.379999
-2.32
-2.28
-1.24
-0.12
-0.399999
-0.739999
0.22
-0.359999
-0.359999
0.48
0.48
0.76
0.28
0.4
0.0600006
0.52
-0.179999
-12.2401
-1.68
0.66
-5.94001
-24.4804
-1.5
-13.7202
-0.479999
-67.8407
-3.16
0.72
0.46
0.36
0.56
0.12
0.48
0.68
0.52
-0.959999
0.62
-2.08
0.4
-0.0599996
-1.76
-0.0199996
-8.78004
-1.18
-19.0003
-0.599999
-0.439999
0.28
0.66
-12.1801
-2.5
-3.32
-55.3603
0.62
-1.6
0.58
0.38
0.54
0.22
-3.32
0.38
0.56
-17.9403
-0.379999
0.56
0.0200006
-1.52
0.0200003
-9.34007
-11.9801
-0.0599993
0.48
-2.24
-5.44002
-3.44
-1.16
0.66
-39.3407
-3.24
-0.759999
0.46
0.7
0.1
-0.559999
-51.22
0.68
-0.299999
0.56
0.2
-1.36
-2.28
-24.9404
0.100001
0.68
-32.9605
-0.0199994
-55.1399
-2.74
0.0400004
0.8
0.62
0.38
0.52
0.62
0.5
0.56
0.64
0.8
0.5
-30.5606
-0.519999
0.26
0.56
-3.56
-1.78
-51.26
0.42
0.36
-78.8185
-0.259999
-0.519999
0.0800006
0.56
0.0400006
0.52
0.56
0.1
-0.379999
-0.299999
-7.18002
0.62
0.38
0.0200004
0.44
0.48
-1.68
0.1
-23.8604
-9.52006
-45.4603
-0.0799994
0.56
-1.9
-18.2203
-1.8
0.8
-0.399999
0.46
0.0800006
-0.119999
0.3
0.18
0.38
0.56
-0.739999
0.34
0.4
-0.0399996
0.34
0.34
-1.52
-2.74
0.62
0.78
0.74
-0.0399994
-0.859999
-1.1
0.120001
0.64
-0.0399996
0.18
0.3
0.68
0.54
0.38
0.42
0.16
0.4
0.6
0.2
0.0800005
-0.319999
0.32
0.76
0.3
0.22
-36.2006
0.24
0.68
0.28
0.76
0.48
0.18
-0.279999
0.3
-1.62
-0.0599993
-0.379999
-1.2
-0.459999
0.18
0.34
0.74
0.58
0.52
0.44
0.0200006
0.66
0.34
-11.6601
-14.7802
0.2
0.42
0.58
0.58
0.3
0.64
0.62
-0.299999
-1.86
-0.479999
0.0200006
0.72
0.3
0.24
-2.02
0.76
0.18
0.26
-12.6001
-1.5
-24.4604
-6.98002
-1.44
-0.119999
-27.1205
-6.94001
-1.16
0.68
0.0600006
0.44
-0.619999
0.7
-0.219999
0.3
0.76
0.140001
0.58
0.36
-0.0799993
0.56
0.14
-0.939999
-0.519999
0.64
-0.159999
0.78
0.42
0.46
0.42
0.36
-0.439999
-0.339999
-25.4604
-6
-4.70001
-3.42
-0.699999
0.26
-0.239999
0.62
0.82
0.76
0.68
0.56
0.2
0.26
0.72
-0.679999
0.78
-0.199999
-0.439999
0.76
0.36
0.76
0.52
0.7
0.24
-0.619999
0.18
0.140001
0.160001
-0.199999
-7.26002
-7.54002
0.48
-0.979999
-0.119999
-0.0999994
-0.0399996
0.46
-12.2401
-2
-35.9204
0.6
0.64
0.74
0.74
-0.699999
-0.159999
0.62
0.54
0.18
0.66
-7.66002
-1.94
0.78
0.78
0.82
0.34
0.76
0.14
0.78
0.64
-0.0799996
0.82
0.82
0.76
0.78
0.12
0.78
0.76
0.76
0.76
0.52
0.8
-0.199999
0.74
0.8
0.82
0.82
0.82
0.82
0.82
0.82
0.78
0.64
0.82
0.8
0.74
0.54
0.8
0.78
0.8
0.82
0.76
0.82
0.8
0.82
0.8
0.8
0.82
0.78
0.8
0.78
-2.78
-0.0799996
-0.579999
0.82
0.72
0.8
-2.9
-0.799999
0.8
0.62
0.8
0.78
0.8
0.76
0.34
0.82
0.82
-9.14006
-27.5605
0.16
0.74
-0.539999
-0.0599993
0.76
0.62
0.82
-2.66
-1.96
0.82
0.8
0.82
0.8
0.78
0.78
0.78
0.78
0.8
0.82
0.72
-0.459999
0.76
0.68
0.22
0.82
0.82
0.78
0.8
0.78
0.8
0.82
0.78
0.82
0.76
0.76
-7.54001
-13.5202
0.8
0.78
0.8
0.82
0.8
0.82
0.8
0.78
0.32
0.8
0.8
0.64
0.82
0.7
0.42
-3.1
0.82
0.62
0.82
0.82
0.8
0.8
0.82
0.8
0.74
0.8
0.82
0.82
0.8
-6.40002
-26.2604
-30.1205
0.8
0.82
0.78
0.7
-3.54
0.78
-0.959999
-0.819999
-0.859999
0.0800003
0.82
0.8
0.82
0.82
0.82
0.78
0.8
0.82
0.82
0.82
0.8
-25.2004
0.82
0.78
0.8
0.82
0.82
0.82
0.82
0.78
0.76
0.8
0.8
0.64
0.8
0.82
0.72
0.82
0.76
-10.5201
-7.48003
0.8
0.8
0.8
0.8
0.72
0.82
0.78
-3.80001
-1.78
0.62
0.68
0.82
0.78
0.76
-8.88004
-2.4
0.78
0.8
0.78
0.76
0.82
0.8
0.78
0.8
0.8
0.8
0.78
0.76
0.54
0.78
0.54
0.8
0.8
0.82
-114.995
0.82
0.74
0.76
0.82
0.74
0.76
0.76
0.8
0.8
0.76
-5.32002
-11.6201
0.8
0.8
0.78
0.8
0.78
0.8
0.64
0.76
0.8
0.82
0.76
0.78
0.82
0.8
0.78
0.78
0.8
0.8
0.78
-0.179999
0.8
0.78
0.72
0.82
0.7
0.82
0.8
0.74
0.8
0.76
0.8
0.82
0.64
0.78
0.76
0.82
0.76
0.78
0.8
0.76
0.82
0.82
0.78
0.8
0.8
-3.40001
-2.74
0.82
0.8
0.8
0.78
0.82
0.82
0.82
0.8
0.78
0.76
0.82
0.78
0.8
0.72
0.8
0.78
0.64
0.82
0.64
0.72
0.64
0.82
0.82
-7.66003
-3.3
-0.18
0.2
0.82
0.8
0.8
0.78
0.72
0.8
0.82
0.8
0.8
0.76
0.76
0.8
0.78
-2.46
-1.68
0.8
0.76
0.8
0.8
0.32
0.78
0.74
0.8
0.8
0.74
0.74
0.8
0.8
0.8
0.8
0.78
0.72
0.2
0.76
0.8
0.82
0.82
0.78
0.78
0.78
0.78
0.8
0.8
0.82
0.8
0.76
0.82
0.78
0.7
0.78
0.78
-3.62001
-1.16
-14.4602
-5.58001
0.78
0.7
0.78
0.8
0.76
0.7
0.7
0.76
0.78
0.78
0.8
-3.60001
-1.02
0.76
0.78
0.78
0.76
0.78
0.64
0.7
0.82
0.76
-15.4002
-17.4202
-3.16
0.74
0.82
0.8
0.82
-8.44004
-2.46
-0.679999
0.82
0.78
0.82
0.78
0.8
0.56
0.7
0.78
0.76
0.74
0.74
0.74
0.160001
0.32
0.78
0.82
0.82
0.8
0.78
-16.5802
-9.80006
0.82
0.8
0.82
0.72
0.76
0.7
0.72
0.82
0.78
0.78
0.8
0.8
-3.02
-2.94
0.8
0.76
0.76
0.82
0.8
0.82
0.74
0.82
0.46
0.68
0.78
0.82
0.8
0.74
0.8
0.76
0.82
0.78
0.82
0.78
0.8
0.76
0.66
0.78
-6.68004
-12.5601
0.78
0.8
0.74
0.48
-9.26005
-3.38
0.42
0.74
0.7
-24.0604
0.8
0.78
0.78
0.8
0.8
0.8
0.78
-2.58
-1.76
0.82
-3.6
-1.76
0.78
0.78
0.66
0.82
0.82
0.8
0.82
0.78
0.78
0.82
0.78
0.78
0.74
-2.98
-1.94
0.78
0.32
0.82
0.74
0.8
0.82
0.8
0.82
0.74
0.8
0.76
0.78
0.76
0.82
0.82
0.8
0.8
0.76
0.8
0.72
0.62
0.76
0.82
0.82
0.78
0.8
0.82
0.82
0.76
0.46
0.76
0.78
0.78
0.78
0.82
0.82
0.82
0.76
0.78
0.8
0.78
0.8
0.76
0.76
0.74
0.7
0.74
0.76
0.8
0.8
-2.44
-3.02
0.78
0.78
0.8
0.76
0.82
0.7
0.68
-1.64
0.8
0.8
0.74
0.8
0.7
0.76
0.78
0.72
0.82
0.8
0.78
0.82
0.82
0.78
0.82
0.74
0.78
0.8
0.74
0.8
0.72
0.78
-2.28
0.56
0.82
0.8
0.82
0.78
0.8
0.78
0.58
-0.279999
0.76
0.76
0.76
0.78
0.78
0.8
0.78
0.8
-3.42
0.7
0.8
0.78
0.74
0.78
0.78
0.8
0.8
0.72
0.82
0.82
0.8
0.76
0.8
0.72
0.78
0.74
0.8
-3.84002
-34.2206
-4.36001
0.82
0.8
0.82
0.78
0.78
0.78
0.82
0.78
0.62
0.76
0.46
0.78
0.8
0.82
0.8
0.76
0.78
0.82
0.7
-9.30007
-4.08
0.6
-0.279999
0.72
-23.9404
-4.12
0.52
-4.16
0.8
0.8
0.8
-5.42003
-3.88
0.82
0.72
0.8
0.78
0.76
0.78
0.8
0.76
0.76
0.74
0.8
0.78
0.78
0.8
0.74
0.8
-2.38
-2.26
-8.84004
0.8
0.8
0.78
0.8
0.8
0.82
0.78
0.52
0.82
0.8
0.78
0.82
0.78
0.78
0.8
0.78
0.74
0.78
0.78
0.76
0.34
0.66
0.82
0.82
0.8
0.22
-4.06002
-3.96
0.8
0.82
0.76
0.72
0.8
0.74
0.82
0.8
0.78
0.82
0.78
0.78
0.7
-1.64
-0.419999
0.82
0.8
0.8
0.78
-42.6007
0.78
0.78
-6.36
0.8
-4.38002
-3.52
0.82
0.8
0.8
0.8
0.82
0.82
0.78
-3.18
-24.9804
-1.62
0.82
0.82
0.76
0.8
0.82
0.78
0.42
0.78
-0.479999
0.8
0.8
0.82
0.78
0.76
0.8
0.76
0.72
0.82
0.8
0.8
0.82
0.82
0.74
0.8
0.74
0.76
0.78
0.1
-2.36
-1.12
-1.22
-0.0599996
0.82
0.76
-3.56
-0.279999
0.8
0.78
0.8
0.78
0.8
0.76
0.82
-0.359999
0.78
0.78
-4.84002
-14.4602
-64.6405
-2.02
-18.9203
-2.18
0.78
0.76
0.72
0.78
0.8
0.8
0.7
0.78
0.82
0.78
0.78
-0.599999
-3.4
0.64
0.76
-1.82
-2.92
-32.1405
-4.62
0.74
0.78
0.8
0.78
0.76
0.78
0.8
0.76
0.8
0.18
0.82
0.78
0.72
-0.379999
0.78
0.8
0.82
0.8
0.78
0.74
0.82
-1.84
-1.56
-0.0199996
-8.90004
-2.32
0.68
0.36
-9.70006
0.78
0.68
0.8
0.78
0.8
0.74
0.8
0.8
0.76
0.78
0.78
0.76
-1.24
-18.5603
-1.88
0.82
0.78
0.82
0.82
0.74
0.8
0.74
0.8
0.74
0.8
0.82
0.76
0.82
0.78
0.8
0.8
0.82
0.76
0.78
0.76
0.8
0.82
0.82
0.8
0.76
0.76
0.78
0.76
0.78
0.78
0.82
0.82
0.82
0.8
0.8
0.78
-1.94
0.42
-5.44001
0.76
0.82
0.82
0.82
0.8
0.8
0.8
0.78
0.78
0.72
0.78
0.8
0.7
0.8
0.78
0.76
0.8
0.76
0.78
0.76
-6.4
-0.779999
0.8
0.76
0.82
0.74
0.74
0.8
0.74
0.74
0.82
0.8
0.82
0.8
0.8
0.8
0.74
0.66
0.72
0.72
0.76
0.8
0.78
0.78
0.82
0.8
0.54
0.7
0.8
0.78
0.78
0.78
0.76
0.56
0.44
0.82
0.82
0.8
0.8
0.64
0.78
0.78
0.82
0.8
0.8
0.8
0.78
-0.0599996
-0.219999
0.72
-0.139999
0.78
0.76
0.78
0.62
0.66
-1.06
0.28
0.82
-0.0399996
0.56
0.8
0.82
0.8
0.8
0.82
0.8
-2.34
-1.08
-3.9
0.82
0.78
0.8
0.76
0.8
0.78
0.78
0.62
0.6
-2.28
-0.14
4.17233e-07
-0.639999
-1.06
0.78
0.76
0.8
0.8
0.74
0.8
0.12
0.38
0.68
0.78
0.78
0.28
0.78
0.7
0.82
0.78
-4.46
-67.7396
0.34
0.8
0.76
0.8
0.8
0.78
0.82
0.74
0.8
0.8
0.8
-9.90006
-1.68
0.82
0.74
0.76
0.7
0.8
-3.52001
-2.16
0.6
0.78
0.8
0.74
0.82
-23.5804
-21.8603
0.58
0.72
0.82
0.72
0.36
0.46
0.82
0.66
0.78
0.74
0.82
0.82
0.74
0.8
0.78
0.8
0.8
0.82
0.78
0.8
0.8
0.76
0.8
0.78
-5.18
-32.2605
0.8
0.82
0.82
0.74
0.8
0.82
0.8
0.82
-2.14
-51.9208
-35.2204
-11.8801
-4.20001
-0.159999
0.8
0.8
0.8
0.78
0.8
0.8
0.8
0.76
0.74
0.78
0.76
0.76
0.8
0.8
0.74
-5.54
-0.739999
0.8
0.82
0.78
0.8
0.74
0.8
0.78
0.8
0.82
0.78
0.42
-3.54
0.8
0.82
0.82
0.74
0.76
0.76
0.8
0.78
0.8
0.76
0.82
0.8
0.82
0.82
0.78
0.78
0.78
0.66
-1.12
4.17233e-07
0.2
0.78
0.74
0.82
0.8
0.82
0.8
0.78
0.74
-3.24
-0.0199996
0.82
0.82
0.78
0.78
0.82
0.78
0.76
0.82
0.78
0.76
0.82
0.82
0.82
0.72
0.8
0.76
0.8
0.74
0.52
0.7
-2.62
0.34
0.82
0.82
0.76
0.76
0.82
0.78
0.78
-6.04001
0.34
0.54
0.58
0.72
0.66
0.6
0.62
0.4
0.46
0.78
0.8
0.76
0.4
0.5
0.48
0.52
0.7
0.72
0.48
-2.86
0.82
0.8
0.76
-14.1002
-0.279999
0.82
0.8
0.82
0.76
0.82
0.8
-17.1403
0.78
0.76
0.8
0.82
0.8
-5.10001
-2.92
0.8
0.78
0.82
0.8
0.8
0.8
0.74
0.7
0.74
0.82
0.78
0.82
0.82
0.64
0.5
0.76
0.82
0.8
-3.52
-0.419999
0.78
0.72
0.82
0.82
0.8
0.78
0.78
0.76
0.8
-2.18
-0.239999
0.38
0.74
0.0600005
0.82
0.82
0.62
-0.499999
0.78
-0.479999
0.8
0.78
0.82
0.78
0.78
0.76
0.46
-4.24
0.8
0.82
0.82
0.82
0.8
0.82
0.8
0.72
0.8
0.82
0.8
0.8
0.8
-2.7
-1.12
-12.8801
-1.5
0.82
0.82
0.82
0.58
-31.6005
0.72
0.76
0.8
0.82
0.8
0.78
0.76
-5.00004
-10.0601
-10.1801
0.78
0.68
-35.6205
0.82
0.8
0.78
0.8
0.82
0.8
0.76
0.78
0.78
0.8
0.8
0.8
0.78
0.8
0.8
0.8
0.82
0.8
0.8
0.78
-4.24001
0.82
0.78
0.74
0.82
0.82
0.8
0.82
0.8
0.74
0.8
0.82
0.82
0.8
0.8
0.8
0.74
0.8
0.8
0.82
-1.56
-6.08004
-4.06
0.82
0.82
0.76
0.82
0.82
0.76
0.8
0.8
0.76
0.8
0.78
0.82
0.8
0.82
0.8
0.78
0.72
-3.34
-0.379999
0.8
0.8
0.74
-2.78
-1.44
0.76
0.82
0.82
0.78
0.78
0.8
-6.38
-1.94
0.76
0.74
0.74
0.76
-14.4602
0.8
0.76
0.68
0.74
0.76
0.8
-30.2406
-3.02
0.44
0.16
0.82
0.82
0.8
0.8
0.68
0.78
0.82
0.78
0.8
0.2
0.74
0.74
0.48
0.66
0.68
-4.4
0.8
0.8
-30.0405
-11.9401
-6.24
-1.4
0.82
0.8
0.8
-6.94
-3.04
0.74
0.82
0.8
0.8
0.74
0.8
0.8
0.8
0.8
0.74
0.8
0.78
0.8
0.8
0.78
0.7
0.76
0.74
0.26
0.82
0.8
0.56
0.76
0.8
0.8
0.72
0.76
0.74
0.82
0.74
0.8
0.74
0.7
0.82
-3.08
4.17233e-07
0.8
0.18
0.0800003
0.8
0.82
0.8
0.8
0.82
0.8
0.82
0.82
0.78
-9.24006
-3.74
0.78
0.5
0.76
0.8
0.78
0.76
0.7
0.7
0.82
0.78
0.8
0.76
0.82
0.78
0.72
0.8
0.78
0.6
0.62
0.8
0.78
-0.339999
-11.5601
0.82
0.78
0.82
0.76
0.82
0.78
0.8
0.82
0.78
0.78
0.8
0.82
-15.2202
0.8
0.7
0.82
0.76
0.76
0.8
0.76
0.82
0.78
0.78
0.8
-7.30003
-51.4008
-3.52
0.76
0.8
0.82
0.82
0.82
0.78
0.78
0.76
0.8
0.8
0.82
0.78
0.78
-10.0201
-0.459999
0.72
0.82
0.8
0.8
0.76
0.76
0.7
0.74
0.82
-2.64
-1.28
0.78
0.82
0.78
0.8
0.8
0.82
0.74
0.82
0.82
0.78
0.78
0.8
0.78
0.74
0.78
0.78
0.78
0.76
0.78
0.82
0.76
0.74
0.74
0.82
0.8
0.74
0.78
0.78
0.7
0.82
-0.479999
0.0800003
0.76
0.78
0.8
0.82
0.74
-0.439999
-5.64002
-0.0199996
-4.26002
0.0800003
-0.499999
0.46
-19.7203
0.8
0.82
0.8
0.8
0.8
0.82
0.78
-2.96
-0.479999
-2.06
0.82
0.82
0.82
0.82
0.8
0.8
0.8
0.8
0.8
0.58
0.78
0.82
0.76
0.8
0.8
0.82
0.82
0.8
0.8
0.82
0.82
0.76
0.76
0.44
0.74
0.78
0.8
0.76
0.82
-3.96
-10.1001
-5.30002
0.82
0.76
0.74
0.82
0.7
0.82
0.82
0.82
0.82
0.78
0.82
0.8
0.82
0.82
0.82
0.74
0.72
0.74
0.82
0.82
0.82
0.78
0.78
0.76
0.76
0.82
0.8
0.8
0.78
0.8
0.78
0.82
0.8
0.8
0.82
0.8
0.82
0.7
0.74
0.76
0.82
0.26
0.8
0.78
0.82
0.8
0.82
0.82
0.76
0.74
0.8
0.76
0.78
0.82
0.82
0.76
0.1
-1.04
0.8
0.8
0.74
0.78
0.68
0.78
0.82
0.8
-0.939999
-0.0199996
0.8
0.82
0.8
0.74
0.78
0.78
0.76
0.82
-0.0399996
-0.679999
0.74
0.8
0.82
0.78
0.0400005
0.82
0.76
0.8
0.72
0.82
0.8
0.76
0.82
0.8
0.62
0.72
0.82
0.8
-3.24
0.5
0.76
0.82
0.82
0.78
0.78
0.78
0.8
0.8
0.76
0.8
0.8
0.74
0.76
0.72
0.8
0.76
0.18
0.82
0.82
0.8
0.7
0.56
0.82
0.82
0.78
0.8
0.8
0.8
0.66
0.82
0.8
0.78
0.8
0.72
0.76
0.82
0.78
0.56
0.8
0.74
0.76
0.78
0.82
0.8
0.74
0.78
0.74
0.8
0.78
0.52
0.82
0.74
0.7
0.72
0.82
0.78
0.82
0.76
-2.3
0.16
0.78
0.74
0.8
-3.90001
0.82
0.78
-2.58
-0.119999
0.64
-1.48
0.28
0.8
0.76
0.8
0.72
0.82
0.78
0.54
0.68
0.8
0.4
0.58
0.76
-2.88
-0.619999
0.8
0.62
0.18
-2.48
-0.479999
0.8
-0.779999
-0.179999
0.76
0.8
0.8
0.78
0.82
0.76
-3.16
-0.279999
0.8
0.82
0.82
0.8
0.76
-0.12
-0.339999
0.82
0.72
0.8
0.78
0.78
0.82
0.7
0.68
0.82
0.54
0.8
-22.4604
0.78
0.78
-0.699999
0.78
-24.3604
0.82
0.82
0.78
0.74
0.8
-2.88
-2.32
-12.0001
-20.4203
0.26
0.220001
0.82
0.78
0.76
0.76
0.8
0.78
0.82
0.74
0.8
0.82
0.8
0.76
0.82
0.82
-0.699999
0.5
0.82
0.82
0.76
0.78
0.76
0.82
0.76
0.78
0.78
0.76
-0.0199996
-0.659999
0.76
0.82
0.8
0.78
-1.64
0.0200004
0.8
0.8
0.76
0.66
0.76
0.8
0.82
-1.96
-0.0799994
0.8
0.46
0.8
0.3
0.16
0.8
0.4
0.24
0.8
0.82
0.8
0.8
0.8
0.82
0.78
0.8
0.82
0.74
0.82
0.78
0.64
0.82
0.82
0.78
0.78
0.8
0.8
0.82
0.82
0.8
0.76
0.78
0.8
0.8
0.76
0.8
0.64
0.8
0.8
-1.46
-1.8
-8.48008
0.78
0.78
0.82
0.76
0.78
0.78
0.74
0.82
0.8
0.0400003
-0.639999
0.82
0.8
-2.64
-15.2602
-3.58
0.82
0.76
0.78
0.8
0.78
0.78
0.8
0.8
0.78
0.82
0.82
0.82
0.8
0.78
0.8
0.78
0.76
0.74
-1.1
0.8
0.28
0.82
0.76
0.74
0.82
0.76
0.78
0.8
0.78
0.78
0.82
0.78
0.78
-1.14
0.28
0.64
0.8
0.8
0.78
0.8
0.8
-2.46
0.22
0.82
0.8
0.82
0.78
0.76
-0.759999
-23.4404
-9.06004
-0.379999
-21.5404
-0.279999
-0.799999
0.8
0.38
-0.0399996
-2.24
-0.339999
0.8
0.72
0.82
0.76
0.72
-3.82
0.8
0.74
0.8
0.74
0.72
0.8
0.76
0.74
0.48
0.4
0.8
0.5
-2.42
-0.539999
0.78
0.74
0.82
0.8
0.76
0.8
0.78
0.76
-3.04
0.82
0.78
0.82
0.8
0.8
0.8
0.72
0.8
0.82
0.78
0.8
0.82
0.82
0.74
0.78
0.8
0.8
-1.72
-1.74
0.78
0.3
0.82
0.78
0.82
0.76
0.82
0.82
0.8
0.8
0.82
0.8
0.72
0.8
0.82
0.8
0.76
0.76
0.76
0.78
0.76
0.68
0.8
0.76
-7.56002
-37.3604
0.8
0.82
0.82
0.8
0.82
0.82
0.76
0.82
0.8
0.82
0.82
0.78
0.8
0.76
0.74
0.72
-1.78
0.76
0.78
0.8
0.78
0.78
0.8
0.8
0.72
0.78
0.82
0.82
0.82
0.82
0.82
0.8
0.72
0.76
0.8
0.78
0.8
0.82
0.82
0.8
0.8
-8.66009
0.78
0.8
-18.6603
-19.1203
-8.90006
-10.7001
-21.7203
0.72
-18.1403
-12.3601
-11.0201
-2.42
-5.24
0.78
0.82
0.82
0.78
0.8
0.8
0.82
0.82
0.74
0.82
0.78
0.8
0.78
0.74
0.76
0.78
0.7
0.8
0.8
0.82
0.8
0.26
-3.98002
-5.74
-4.32001
0.76
0.8
0.76
0.74
0.82
0.82
-2
-0.499999
0.82
0.8
0.78
0.78
0.78
0.76
0.82
0.8
0.8
0.74
0.72
0.78
0.7
0.8
0.82
0.82
0.76
0.76
0.8
0.74
0.8
0.82
0.82
0.82
0.82
0.8
0.78
0.76
0.74
0.8
0.8
0.82
-3.02
-6.10002
0.42
0.8
0.78
0.76
0.68
0.8
0.76
0.8
0.74
0.8
0.82
0.74
0.74
0.76
0.78
0.78
0.78
0.76
0.72
0.8
0.8
0.82
0.8
0.8
0.74
-2.5
0.78
-0.499999
0.82
0.8
0.82
0.74
0.82
0.8
0.76
-0.879999
-0.12
0.74
0.8
0.78
0.78
0.76
0.8
0.8
0.78
0.8
0.82
0.8
0.8
0.8
0.72
-3.32
0.82
0.8
0.8
0.78
0.82
0.8
0.78
0.8
-2.06
4.17233e-07
0.3
0.82
0.8
0.82
0.8
0.8
0.78
0.76
0.82
0.8
0.78
0.74
0.82
0.82
0.82
0.82
0.78
0.8
0.8
0.82
0.76
0.74
0.76
0.72
-1.1
-3.86001
0.78
0.74
0.74
-2.2
-0.0999995
0.8
0.82
-0.799999
-3.06
0.8
0.8
0.82
0.74
0.78
0.76
0.8
0.78
0.82
0.8
0.78
0.82
0.8
0.82
0.78
0.82
0.74
0.82
0.74
0.82
0.82
0.8
0.82
0.82
0.8
0.78
0.8
-3.54001
-0.219999
0.7
0.82
0.82
0.8
0.78
0.76
0.74
0.78
0.8
0.82
0.8
0.78
0.8
0.8
0.8
0.82
0.7
0.8
0.78
0.82
0.82
0.78
0.74
0.82
0.78
0.78
0.8
-4.58002
-3.2
0.8
0.82
0.78
0.82
0.82
0.8
0.78
0.8
0.82
0.82
0.82
0.74
0.82
0.82
0.82
0.82
0.82
0.8
0.8
0.8
0.82
0.8
0.78
0.78
0.78
0.82
0.8
0.76
0.82
0.74
0.74
0.8
0.82
0.74
0.82
0.72
0.72
0.8
0.7
0.76
0.76
0.76
0.82
0.82
0.82
-0.859999
-1.22
0.78
0.76
0.76
0.8
0.78
0.76
0.82
0.76
0.8
0.82
0.78
0.82
-1.12
-0.0999995
0.74
0.76
0.82
0.82
0.8
0.8
0.78
0.78
0.7
0.82
0.8
-0.419999
0.24
-0.679999
0.8
0.78
0.2
-1.02
0.8
0.82
0.76
0.8
0.74
0.82
0.8
0.82
0.8
0.82
0.82
0.82
0.82
0.66
0.74
0.82
0.76
0.8
0.82
0.8
0.82
0.78
0.8
0.78
0.78
0.78
0.8
0.78
0.8
0.82
0.74
-2.76
-1.38
0.8
0.78
-12.3201
-10.2601
0.76
0.4
0.82
0.8
-0.919999
-0.219999
0.78
0.82
0.82
0.8
0.7
0.8
0.74
0.8
0.8
0.78
0.76
0.8
0.7
0.8
0.82
0.8
0.82
0.78
-7.54003
-1.04
0.8
0.8
0.76
0.8
0.82
0.8
0.78
0.8
0.8
0.82
0.76
0.82
0.8
0.8
0.82
0.82
0.82
0.76
0.8
0.76
0.74
0.78
0.78
0.8
0.8
0.8
0.82
0.76
0.78
0.8
0.8
0.74
0.74
-22.1204
0.78
0.22
0.8
0.76
0.8
0.78
0.76
0.18
0.8
0.82
0.8
-0.959999
-0.0999995
-0.319999
-0.179999
0.74
0.76
-0.979999
-0.319999
0.78
0.26
-0.0199996
0.82
0.8
0.76
0.8
-7.94004
-4.88
-0.759999
0.3
-0.479999
-0.339999
0.72
0.8
0.82
0.8
0.76
0.82
0.8
0.8
0.78
0.82
0.82
0.78
0.82
0.82
0.8
0.7
0.76
0.8
0.8
0.8
0.82
0.8
0.78
0.8
0.82
0.8
0.78
0.78
0.82
-8.74004
-0.399999
-0.399999
0.82
0.8
0.8
0.8
0.82
0.8
0.68
0.82
0.78
0.78
0.8
0.78
0.74
0.8
0.76
0.8
0.8
0.78
0.8
0.82
0.8
0.74
0.78
0.76
0.82
0.82
0.68
0.76
0.82
0.82
0.82
0.8
0.8
0.74
0.8
0.76
0.8
0.76
0.78
0.72
0.78
0.8
-1.44
-0.0199996
0.7
0.8
0.78
0.8
0.82
0.82
0.82
0.82
0.76
0.82
0.78
0.8
0.82
0.78
0.78
0.82
0.78
0.8
0.8
0.82
0.82
0.82
-5.52004
-3.38
0.82
0.8
0.74
0.8
0.76
0.8
-13.3802
-3.80001
0.82
0.82
0.82
0.8
0.82
0.8
0.8
0.82
0.74
0.78
0.78
0.76
0.38
0.78
0.74
0.76
0.82
0.82
0.76
0.8
0.76
0.8
-0.679999
0.18
0.82
0.78
0.8
0.76
0.82
0.82
0.78
0.82
0.78
0.78
0.8
0.8
0.78
0.72
0.74
0.76
0.8
0.8
0.76
0.78
0.8
0.78
0.76
0.82
0.82
0.74
0.76
0.78
0.74
0.82
0.78
0.78
0.8
0.82
0.8
-5.22
-0.299999
-9.3601
0.7
-3.66
-0.439999
0.8
0.78
0.82
-2.48
0.82
0.72
0.74
0.74
0.8
0.8
0.8
0.26
0.82
0.82
0.82
0.82
0.78
0.78
0.82
0.76
0.78
0.72
0.76
0.4
0.8
0.82
0.8
0.74
0.78
0.7
0.8
0.8
0.8
0.8
0.82
0.82
0.8
0.76
0.82
0.8
0.8
0.82
-1.72
-0.719999
0.74
0.8
0.74
0.76
0.78
0.8
0.8
0.74
0.82
0.74
0.76
-0.819999
-0.599999
0.140001
0.82
0.82
0.82
-1.92
0.0400003
0.74
0.7
0.8
-2.08
-15.6802
0.74
0.76
0.78
0.8
0.66
0.82
0.8
0.78
-2.02
-0.12
-6.30002
0.78
0.78
0.82
0.78
0.76
0.82
0.8
-0.639999
-0.0799996
0.8
0.8
0.78
0.8
0.82
0.76
0.28
0.76
0.66
0.16
0.78
0.82
0.3
0.8
0.82
0.82
0.78
0.8
-1.48
0.12
-0.179999
-0.199999
3.57628e-07
-0.279999
0.74
0.58
0.78
0.78
0.78
0.82
0.76
0.8
0.74
0.78
0.76
-3.26
0.72
0.82
0.56
0.82
0.78
0.82
0.72
0.78
0.8
0.8
0.78
0.74
-2
-0.419999
0.8
0.76
0.8
0.76
0.8
0.8
0.76
0.82
0.58
0.7
0.82
0.82
0.76
0.82
0.82
0.82
0.76
0.8
0.68
0.8
0.78
0.78
0.78
0.82
0.8
0.82
0.78
0.82
0.8
0.8
0.68
0.8
0.7
0.8
0.74
0.5
0.8
-0.0799996
-1.5
0.82
0.8
0.76
0.76
0.76
0.78
0.8
0.76
0.82
0.78
0.76
0.82
0.74
0.78
0.78
0.8
0.82
0.0400004
-6.18003
0.58
0.22
-1.36
-0.359999
-1.26
0.82
0.78
-1.44
-0.219999
0.78
0.8
0.76
0.78
0.78
0.7
0.82
0.8
0.82
0.8
0.82
0.78
0.8
-2.2
-0.879999
0.82
0.82
0.82
0.82
0.78
0.78
0.82
0.82
0.78
0.8
0.8
0.78
0.76
0.82
0.74
0.5
0.76
0.76
0.58
0.82
0.82
0.78
0.8
0.72
0.8
0.82
0.82
0.8
0.76
0.76
0.82
0.76
0.8
0.8
0.74
0.78
0.82
0.82
0.82
0.76
0.82
0.74
-1.48
0.72
0.8
0.82
0.8
0.76
0.82
0.78
0.72
0.82
-1.12
-0.399999
0.82
0.82
0.82
0.82
0.8
0.78
0.74
0.82
0.8
0.78
0.8
0.78
0.8
0.74
0.8
0.8
0.82
-0.0399996
-4.82004
0.72
0.72
-1.06
0.78
0.74
0.8
0.74
0.8
0.76
0.78
0.6
0.64
0.7
0.8
0.82
0.72
0.78
0.82
0.7
0.76
0.82
0.82
0.78
0.78
-1.74
0.46
0.8
0.8
0.82
0.78
0.82
0.82
0.82
0.82
0.78
0.78
0.78
0.58
0.82
0.82
0.82
0.8
0.8
0.78
0.78
0.82
0.78
0.78
0.76
0.78
0.36
0.78
0.8
0.8
0.78
0.76
0.58
0.82
0.64
0.62
0.78
0.8
0.44
0.12
0.82
0.8
0.8
0.78
0.78
0.76
0.76
0.82
0.8
0.8
0.76
0.82
0.8
0.8
0.82
0.76
0.8
0.78
0.8
0.82
0.8
0.8
0.78
0.74
0.8
0.8
0.8
0.8
0.82
0.8
0.8
0.8
0.82
0.34
0.74
0.8
0.8
0.82
0.8
0.74
0.82
-1.58
-0.279999
0.82
0.72
0.82
0.78
-42.4202
0.8
0.8
0.8
0.8
0.72
0.8
0.76
0.74
0.8
0.8
0.78
0.78
0.8
0.76
0.8
0.78
0.8
0.8
0.78
0.82
0.82
0.82
0.82
0.82
0.78
0.78
0.8
0.8
0.78
0.78
0.74
0.78
0.8
0.82
0.78
-3
-0.799999
0.78
-3.5
0.58
0.82
0.8
-1.24
0.82
0.76
0.76
0.8
0.78
0.7
0.82
0.82
0.78
0.78
0.82
0.74
0.78
0.76
0.76
0.8
0.78
0.82
0.82
0.78
0.78
0.76
0.8
0.78
0.8
0.78
0.82
0.78
0.82
-1.8
0.82
0.72
0.76
0.82
0.78
-5.38001
0.66
0.7
0.8
0.8
0.82
0.82
-2.32
-0.14
0.82
0.58
0.78
0.8
0.8
0.8
0.76
0.82
0.82
0.82
0.72
0.82
0.82
0.8
0.82
0.82
0.76
-1.68
0.12
0.78
0.82
0.82
0.64
0.78
0.82
0.8
0.82
0.82
0.64
0.82
0.8
0.8
0.76
0.82
0.8
0.8
0.82
0.62
0.82
0.82
0.76
0.82
0.78
0.82
0.8
0.74
0.76
0.8
0.76
-2.3
0.42
0.8
0.8
0.82
0.74
-0.899999
-4.00001
0.8
0.76
0.82
0.74
0.8
0.82
0.76
0.8
0.8
0.8
0.82
0.8
0.82
-1.84
0.0800003
0.8
0.74
-0.399999
-0.0399995
0.8
0.72
0.8
0.8
0.8
0.82
0.82
0.82
0.78
0.76
0.76
0.72
0.76
0.76
0.82
0.78
0.78
0.82
0.82
0.68
0.66
0.54
0.8
0.82
0.34
0.74
0.8
0.8
0.78
0.78
0.78
0.82
0.78
0.76
0.78
0.3
0.82
0.58
0.76
0.8
0.76
0.78
0.82
0.78
-0.899999
0.74
0.82
0.74
0.76
0.82
0.78
0.78
0.8
0.7
0.78
0.72
0.76
0.8
0.8
0.82
0.8
0.74
0.44
0.8
0.8
0.78
0.8
0.82
0.68
0.8
-1.34
0.22
0.62
0.8
0.8
0.8
0.8
0.78
0.82
0.8
0.76
0.78
0.76
0.8
0.82
0.8
0.82
0.72
0.8
0.74
0.8
0.76
0.82
0.8
0.8
0.68
0.76
0.78
0.8
0.78
0.76
0.82
0.8
0.8
0.68
0.24
-3.06
0.0800003
0.72
0.8
0.76
-10.1801
0.78
0.78
0.78
0.8
0.76
0.78
0.78
0.82
0.82
-25.1604
-1.76
0.78
0.8
0.82
0.82
0.82
0.82
0.74
0.82
0.82
0.8
0.76
0.8
0.76
-10.0201
-1.12
0.82
0.68
0.8
0.8
0.82
0.8
0.82
0.82
0.76
0.8
0.72
0.76
0.82
0.82
0.82
0.8
0.76
0.8
0.82
0.82
0.8
0.8
0.74
0.78
0.8
0.82
0.82
0.82
0.82
0.82
0.7
0.82
0.8
0.82
0.74
0.82
0.76
0.8
0.74
0.8
0.78
0.76
0.8
0.82
0.8
0.76
0.82
-1.9
4.17233e-07
0.64
0.82
0.78
0.74
0.78
0.8
0.72
0.8
0.28
0.76
0.78
-0.839999
0.12
0.76
0.8
0.8
0.8
0.8
0.74
0.74
0.8
-0.179999
-0.519999
0.82
0.72
0.82
0.78
0.76
0.82
0.8
0.44
-0.159999
0.8
0.8
0.8
0.8
0.82
0.74
0.8
0.76
0.8
0.76
0.76
0.82
0.82
0.8
0.82
-0.659999
0.46
0.78
0.8
0.2
-0.939999
0.8
0.76
0.8
0.82
0.8
0.8
0.76
0.82
0.82
0.8
0.8
0.8
0.82
0.82
0.82
0.8
0.78
0.76
0.78
0.74
0.8
0.82
0.74
0.76
0.8
0.78
0.74
0.82
0.82
0.82
0.76
0.8
0.8
-0.519999
-6.04007
0.82
0.82
0.82
0.74
0.8
0.8
0.8
0.82
0.78
0.8
0.82
0.82
0.8
-0.719999
-0.379999
0.82
0.72
0.82
0.8
0.7
0.74
0.82
0.82
0.82
0.74
0.78
0.78
0.66
0.72
0.78
0.18
-0.119999
0.76
-0.0199996
0.76
0.7
0.82
0.78
0.76
0.76
-28.6005
-2.34
0.82
0.78
0.78
0.82
0.78
0.82
0.82
0.76
0.74
0.8
0.82
0.78
0.82
0.82
0.82
0.8
0.78
0.82
0.8
0.8
0.82
0.82
0.8
0.74
0.8
0.72
0.82
0.8
0.76
0.72
0.76
0.82
0.8
0.82
0.8
0.8
0.7
0.76
0.82
0.68
0.8
0.8
0.82
-0.459999
0.0400004
0.82
0.78
0.82
-0.12
0.48
0.8
0.8
0.78
0.8
0.76
0.78
-0.499999
-0.539999
0.76
0.8
0.76
0.8
0.8
0.82
0.8
0.8
0.82
0.8
0.76
0.78
0.82
0.76
0.48
0.82
0.78
0.82
0.82
0.74
0.74
0.78
0.8
0.68
0.78
-1.06
0.82
0.82
0.8
0.82
0.8
0.82
0.48
0.8
0.8
0.78
0.82
0.76
0.82
0.8
0.78
0.78
0.82
0.8
0.8
0.8
0.76
0.8
0.82
0.8
0.8
0.78
0.82
-1.44
0.12
0.78
0.8
0.78
0.82
0.82
0.8
0.82
0.8
0.74
0.76
0.82
0.62
-0.119999
0.8
0.74
0.8
0.82
0.8
0.78
0.82
0.82
0.82
0.82
0.66
0.7
0.82
0.82
0.8
0.78
0.82
0.82
0.8
0.82
0.82
0.78
0.82
0.8
0.8
0.78
0.82
0.82
0.8
0.82
0.8
0.8
0.74
0.8
0.8
0.78
0.82
0.76
0.76
0.78
0.74
-0.559999
-6.66002
0.78
0.82
0.78
0.8
0.8
0.72
0.78
0.74
0.8
0.8
0.8
0.8
0.82
0.8
0.76
0.8
0.82
0.8
0.78
0.78
0.8
0.78
0.68
0.72
0.72
0.78
0.78
0.82
-2.9
-0.14
0.8
0.8
0.8
0.82
0.76
0.78
0.8
-1.54
-0.459999
0.82
0.82
-0.799999
-0.259999
0.8
0.8
0.82
0.8
0.8
0.82
0.8
0.82
0.76
0.54
0.0800006
0.5
0.76
-0.639999
-0.0599996
0.8
0.8
0.82
0.78
0.82
0.8
0.74
0.72
0.68
0.78
0.8
0.82
0.76
0.76
0.82
0.82
-2.78
0.16
0.8
0.82
0.8
0.74
0.78
0.82
0.82
0.78
0.74
0.44
-0.0799996
0.52
-3.52001
-1.2
0.82
0.82
0.78
0.82
0.82
0.8
0.74
0.72
0.8
0.76
0.8
0.82
0.78
0.76
0.8
0.82
0.72
0.8
0.8
0.8
0.78
0.76
0.8
0.78
0.82
0.78
0.76
0.76
0.82
0.82
0.82
0.78
0.8
0.82
0.56
0.62
0.8
0.82
0.76
-18.3403
0.8
-1.18
-0.639999
-1.06
0.34
0.78
0.8
0.8
0.78
0.82
0.82
0.8
0.78
0.78
0.8
0.76
0.8
0.52
0.8
-1.44
0.0600004
0.76
0.78
0.8
0.78
0.82
0.8
0.8
0.78
0.76
0.8
0.7
0.4
0.8
0.78
0.78
0.72
0.54
0.76
0.82
0.8
0.78
0.8
0.82
-6.90003
-2.54
0.82
-1.8
0.74
0.8
0.8
0.78
0.76
0.7
0.74
0.82
0.76
0.62
0.8
0.82
0.78
0.76
0.8
0.56
0.8
0.78
0.8
0.82
0.76
0.8
0.82
0.76
0.8
0.78
0.8
0.8
0.82
0.8
0.76
-4.02001
0.68
0.8
0.78
-1.66
4.17233e-07
-0.159999
0.0800003
0.56
0.74
0.7
0.76
0.82
0.8
0.82
0.8
0.82
0.8
0.72
-1.08
0.16
0.78
0.66
-0.339999
0.8
0.8
0.82
0.82
0.76
0.74
0.82
0.82
0.78
0.78
0.8
-38.7006
-2.34
0.78
0.78
0.8
-0.519999
-0.519999
0.82
0.78
0.8
0.8
0.78
0.8
0.82
0.76
0.78
0.76
0.8
0.68
0.8
0.74
0.82
0.76
0.76
0.78
0.82
0.82
0.8
0.8
0.74
0.78
0.8
0.8
0.8
0.82
0.76
0.8
0.8
0.82
-20.0203
0.74
0.78
0.76
0.78
0.82
0.74
0.34
0.8
0.78
0.78
0.78
0.82
-0.959999
0.8
0.76
0.8
0.74
0.0200006
0.82
0.76
0.78
0.66
-2
0.8
0.78
0.8
0.72
0.82
0.74
0.82
0.8
0.78
0.78
0.82
0.78
-21.3004
-6.24
-6.88
0.82
0.8
-19.5203
-1.5
0.8
0.82
0.78
-22.2604
-0.239999
0.82
-9.44008
-5.72002
0.78
0.8
0.76
0.82
0.82
0.8
0.82
0.8
0.82
0.78
0.78
0.76
0.72
0.76
0.8
0.82
0.76
0.78
0.76
0.62
0.82
0.8
0.78
0.8
0.82
0.74
0.82
-7.74002
-12.5001
-2
0.74
0.8
0.78
0.78
0.8
0.82
0.82
0.82
0.76
0.82
0.76
-16.1002
-0.879999
0.68
0.56
0.62
0.78
0.74
0.78
0.76
0.8
0.74
0.82
0.8
0.8
0.78
0.78
0.82
0.78
0.82
0.82
-16.6602
-12.9002
0.78
0.78
0.8
0.76
0.78
0.78
0.8
0.82
0.82
0.78
0.82
0.76
0.82
0.82
0.76
0.8
0.78
0.76
0.78
-1.88
-0.159999
0.8
0.42
0.82
0.8
0.78
0.78
-0.599999
0.1
0.8
0.78
0.78
0.76
0.76
0.76
0.82
0.82
0.82
0.8
0.78
0.78
0.8
0.78
0.82
0.76
0.76
0.66
0.8
0.74
0.82
0.82
0.74
0.6
0.62
0.76
0.48
0.78
0.76
0.82
0.72
-1.5
0.4
0.82
-11.7402
-0.639999
0.78
0.66
-2.44
-0.279999
0.68
0.72
0.82
0.58
0.78
0.78
0.8
0.8
0.82
0.66
0.8
0.82
0.78
0.82
0.76
0.8
0.82
0.8
0.54
0.74
0.76
-1.42
-0.159999
-0.379999
-0.0199996
0.82
0.82
0.8
0.82
0.82
0.78
0.8
0.8
0.66
0.8
0.78
0.82
0.8
0.74
0.8
0.7
0.82
0.82
0.78
-2.98
0.74
-0.439999
0.82
0.82
0.72
0.76
0.8
0.82
0.82
0.72
-9.5001
-0.499999
0.82
0.82
0.8
0.8
0.74
0.82
0.76
0.82
0.82
0.8
0.68
-3.38001
-1.82
0.8
0.78
0.72
0.8
0.7
0.82
0.72
0.82
0.82
0.74
-3.24
-0.239999
0.8
0.8
0.78
0.8
0.82
0.78
-2.22
-0.239999
0.82
0.82
0.76
0.82
0.82
0.82
0.82
-2.72
0.8
0.78
0.82
0.78
0.8
0.82
0.76
0.8
0.78
0.8
0.82
0.78
0.8
0.78
0.82
0.78
0.78
0.82
0.74
0.8
0.82
0.8
0.68
0.82
0.82
0.76
0.78
0.78
0.74
0.78
0.74
0.74
0.82
0.78
0.74
0.82
0.8
0.82
0.82
0.8
0.78
0.7
0.82
0.78
0.8
0.8
0.78
0.76
0.8
0.82
0.82
0.78
0.82
0.8
0.8
0.78
-1.16
-0.679999
0.78
0.78
0.8
0.34
0.76
0.82
0.8
0.76
0.78
0.8
0.8
0.82
0.74
0.78
0.82
0.82
0.76
-0.539999
-0.0199996
0.8
0.76
0.8
0.8
0.78
0.78
0.82
0.76
0.8
0.8
0.8
0.8
0.76
0.82
0.8
0.8
0.82
0.8
0.78
0.74
0.76
0.78
0.78
0.82
0.8
0.82
0.76
0.82
0.78
-0.859999
0.0400004
-1.72
0.8
0.8
0.78
0.78
0.8
0.82
0.72
-0.819999
-0.14
0.82
0.78
0.5
0.78
0.82
0.8
0.8
0.8
0.7
0.22
0.8
0.82
0.8
0.76
0.82
0.78
-0.879999
0.78
0.78
0.78
0.8
0.8
0.8
0.7
0.82
0.82
0.8
0.8
0.78
0.76
0.76
0.78
0.74
0.8
0.78
0.78
0.78
0.82
0.7
0.78
0.78
0.8
0.82
0.78
0.76
0.82
0.82
0.8
0.82
0.8
0.78
0.74
0.78
0.82
0.82
0.74
0.8
0.8
0.82
0.82
0.8
0.78
0.8
0.6
0.78
0.72
-2.18
0.8
0.78
0.78
0.82
0.82
0.8
0.82
0.78
0.82
0.74
0.68
0.78
0.82
0.8
0.82
0.8
0.74
0.8
-0.159999
-3.94002
0.76
0.8
0.8
0.82
0.82
-0.919999
0.0600004
0.8
0.8
0.76
0.8
0.74
0.82
0.82
0.82
0.8
0.72
0.82
0.8
0.82
0.82
0.8
0.82
0.8
0.8
0.82
0.74
0.76
0.82
0.82
0.8
0.82
0.78
0.76
0.82
0.8
0.8
0.7
0.8
-12.6402
0.82
0.82
-1.7
-1.9
0.8
0.82
0.78
0.82
0.76
-5.24002
0.78
0.74
0.82
0.76
0.8
0.7
0.82
0.8
0.8
0.72
0.78
-17.7202
-4.06
-1.24
-1.68
0.72
0.76
0.78
0.76
0.5
0.78
0.82
0.8
0.78
0.76
-4.92
-1.34
0.76
0.8
0.8
0.8
0.78
0.82
0.82
0.82
0.8
0.82
0.74
0.76
0.72
0.74
0.68
0.78
0.8
-3.12
-0.959999
0.8
-0.0199996
-3.2
0.82
-0.159999
0.0800003
0.82
0.74
0.8
-0.639999
-0.779999
0.78
0.78
0.74
0.82
0.82
0.82
0.8
0.54
0.78
0.78
0.82
0.8
0.82
0.82
0.74
-4
-0.0199996
0.76
0.12
0.0400003
0.78
0.78
0.8
0.8
0.78
-2.1
-0.599999
0.82
0.8
0.8
0.8
0.82
0.82
0.82
0.76
0.82
0.82
0.78
0.8
0.82
0.76
0.82
0.82
0.74
0.8
0.8
-1.5
-3.58001
0.8
0.8
0.72
0.76
-1.26
0.68
0.8
0.78
0.78
0.82
0.8
0.32
0.76
0.72
0.82
0.76
0.82
0.8
0.82
0.82
0.8
0.82
0.8
0.8
0.8
0.74
0.8
0.8
0.76
0.76
0.8
0.76
0.8
0.8
0.82
0.8
0.68
0.76
0.82
0.82
0.82
0.76
0.8
0.82
0.82
0.82
0.8
0.78
0.76
0.64
0.8
0.82
0.74
0.78
0.82
0.78
0.76
0.82
0.76
0.72
0.82
0.82
0.8
0.82
0.8
0.78
0.76
-1.72
-0.699999
0.8
0.8
0.82
0.76
-17.5003
0.76
0.82
0.8
0.82
0.82
-2.98
-26.3005
0.78
-1.26
-1.52
0.8
0.8
0.82
0.82
0.82
0.74
0.78
0.76
-9.2801
-0.759999
0.82
0.76
0.78
0.74
-12.1601
-1.28
0.74
0.74
-21.4403
-3.08
0.8
0.82
0.82
0.66
0.82
0.8
0.78
0.8
0.76
0.82
0.82
0.8
0.8
0.74
0.8
0.8
0.78
0.8
0.82
0.8
0.72
0.76
0.78
-9.52011
-0.559999
-8.46004
-5.84002
0.82
0.78
0.8
0.82
0.8
0.78
0.74
0.78
0.74
0.82
0.76
0.76
0.8
0.8
0.62
0.8
0.8
0.58
0.74
0.78
0.82
0.78
0.82
0.82
0.8
0.8
0.78
0.82
0.78
0.82
0.78
0.82
-24.1805
-8.84006
-59.3009
0.56
-1.4
0.8
0.82
0.82
0.8
0.78
0.8
0.78
0.78
0.8
0.82
0.62
0.74
0.76
0.78
-0.799999
-0.579999
0.8
0.8
0.82
0.82
0.82
0.8
0.8
0.8
0.82
0.82
0.78
0.82
0.82
0.82
-2.52
-0.12
0.8
0.82
0.8
0.76
0.82
0.82
0.8
-6.32005
-47.9207
0.78
0.78
0.78
-7.34001
-1.14
-1.8
-5.50001
0.8
0.78
0.64
0.78
-7.78002
-1.04
0.78
0.82
0.74
0.78
0.82
0.82
0.8
0.82
0.78
0.78
0.78
0.74
0.82
0.82
0.82
0.76
0.8
0.8
0.8
0.78
-8.58003
-2.02
0.72
0.82
0.78
0.8
0.82
0.82
0.74
0.76
0.72
0.82
0.82
0.76
0.76
0.82
0.8
0.78
0.8
0.8
0.74
0.78
0.8
0.8
0.82
0.7
0.82
0.72
0.8
0.82
0.8
0.8
0.8
0.78
0.8
0.76
0.82
0.72
0.82
0.82
0.44
0.78
0.78
0.78
0.78
0.78
0.82
0.76
0.8
0.76
0.8
0.82
0.82
0.82
-1.92
0.16
0.8
0.7
0.8
0.8
0.8
0.82
0.8
-8.26006
0.74
0.72
0.8
0.8
0.82
0.78
0.8
0.8
0.72
0.78
0.8
0.7
0.8
0.7
0.82
0.82
0.76
0.8
0.72
0.8
0.8
0.8
0.78
0.8
0.8
0.8
0.78
0.82
0.78
0.8
0.74
0.8
0.82
0.78
0.8
0.8
0.78
0.82
0.82
0.78
0.76
0.8
0.8
0.72
0.8
0.82
0.8
0.8
0.82
0.8
0.54
0.78
0.78
0.68
0.82
0.8
0.8
0.82
0.8
0.82
0.78
0.82
0.8
0.82
0.82
0.82
-11.0202
0.8
0.8
0.76
0.82
0.0800003
0.0600004
0.8
0.82
0.78
0.8
0.78
0.82
0.8
0.16
0.82
0.82
0.82
0.82
0.8
0.78
0.76
0.82
0.8
0.82
0.82
0.8
0.78
0.8
0.82
0.78
0.82
0.82
-1.18
0.46
0.78
0.76
0.8
0.8
0.8
0.82
0.8
0.18
-0.0199996
0.76
0.74
0.78
0.76
0.78
0.78
0.8
0.76
0.38
0.8
0.82
0.76
0.82
0.8
0.78
0.74
0.8
-1.32
-0.579999
0.82
0.78
0.78
0.82
-3.68
0.8
0.82
0.8
0.74
0.78
-1.76
-1.16
0.74
0.42
-1.72
0.82
-0.999999
0.12
0.8
0.82
0.82
0.8
0.8
0.78
0.8
-2.24
-0.0999995
0.7
0.78
0.8
0.78
0.78
0.64
0.8
-6.58004
-3.22
0.76
0.8
0.8
0.82
0.8
0.76
0.8
0.78
0.8
0.8
0.82
0.82
0.8
0.76
0.78
0.8
0.8
0.78
0.76
0.78
0.82
0.78
0.8
0.8
-1.02
-0.519999
0.76
-0.619999
0.8
0.78
0.8
0.8
0.76
0.78
0.64
0.82
0.8
0.72
0.82
0.82
0.74
0.82
0.8
0.8
-0.499999
-0.619999
0.82
0.76
0.78
0.82
0.74
0.82
0.78
0.7
0.82
0.8
0.76
0.76
-1.02
-0.14
0.76
0.78
0.82
0.82
0.78
0.8
0.82
0.8
0.76
0.78
0.8
0.78
0.82
0.82
0.76
0.78
0.82
-0.719999
0.0800004
0.82
0.78
0.76
0.62
-0.419999
0.72
0.8
0.82
0.74
0.78
0.82
0.82
0.78
0.8
0.8
0.76
0.78
0.8
0.78
0.82
0.76
0.78
0.8
0.76
-0.899999
-0.559999
0.82
0.78
0.74
0.48
0.76
0.8
0.82
0.8
0.78
0.76
0.6
0.26
0.78
0.76
0.82
0.8
0.78
0.78
0.72
0.8
0.72
0.8
0.74
0.82
0.82
0.78
0.78
0.82
0.76
0.8
0.82
0.76
0.82
0.76
0.82
0.78
0.78
-3.42
-7.98004
0.5
0.74
0.82
0.6
0.78
0.82
0.8
0.74
0.8
0.8
0.76
0.76
0.78
0.8
0.74
0.78
-1.4
0.0600003
0.82
0.8
0.82
0.72
0.76
0.82
0.64
0.8
0.76
0.74
0.74
0.82
0.82
0.82
0.78
0.82
0.82
0.8
0.8
0.82
0.8
0.8
-1.86
0.0600004
0.8
0.8
0.7
0.76
0.74
-0.599999
-0.319999
0.7
0.74
0.34
-0.0799996
0.8
0.8
0.76
0.8
0.62
0.82
0.8
0.8
0.76
0.8
0.74
0.8
0.82
0.82
0.82
0.82
0.82
0.74
0.8
0.76
0.82
0.78
0.82
0.8
0.82
0.82
0.82
0.8
0.82
0.8
0.8
0.82
0.12
-0.299999
0.76
0.62
-1.78
0.82
0.82
0.82
0.8
0.76
0.120001
0.8
0.78
-0.0399996
0.22
0.76
0.82
0.76
-1.56
0.8
0.82
0.78
0.8
0.78
0.82
0.78
-2.08
-0.179999
0.8
0.8
0.8
0.8
0.82
0.82
0.78
0.8
0.68
0.82
0.78
0.8
0.8
0.78
0.8
0.78
0.82
0.78
0.8
-0.279999
0.82
0.76
0.8
0.8
0.74
0.8
0.32
0.0800003
0.76
0.74
0.76
0.78
-0.839999
0.0200004
0.7
0.76
0.82
0.82
0.8
0.82
0.82
0.8
0.8
0.76
0.8
0.8
0.8
0.78
0.8
0.74
0.8
0.82
0.76
0.76
-2.32
-3.94001
0.82
0.82
0.82
0.76
0.76
0.82
0.82
0.82
0.8
0.72
0.8
0.8
0.8
0.72
0.78
0.8
0.82
0.82
0.42
0.82
0.82
0.82
0.82
0.82
0.82
0.78
0.8
0.58
0.76
0.8
0.72
0.8
-0.579999
4.76837e-07
0.52
0.78
0.78
0.72
0.8
0.82
0.74
0.8
0.82
0.8
0.8
0.82
0.8
0.78
0.82
0.78
0.74
0.76
0.78
0.76
0.8
0.82
0.8
0.8
0.7
0.8
0.8
0.8
0.82
0.82
0.82
0.82
0.8
0.8
0.76
0.76
0.78
0.82
0.78
0.82
0.82
0.8
0.8
0.82
0.82
0.82
0.8
-0.599999
-0.14
0.8
0.78
0.8
0.78
0.76
0.78
0.78
0.2
-1.26
-1.82
0.8
0.76
0.8
0.78
0.76
0.8
0.8
0.8
0.8
0.76
0.78
0.6
0.14
0.76
0.82
0.82
0.82
0.82
0.82
0.8
0.76
0.8
0.82
0.8
-0.879999
-1.58
0.8
0.7
0.46
0.82
0.76
0.8
4.17233e-07
-0.939999
0.8
0.82
0.78
0.8
0.8
0.82
0.82
0.8
0.82
0.76
-0.819999
-1.3
0.8
0.78
0.78
0.78
0.8
0.82
0.78
0.82
0.82
0.8
0.82
0.8
0.76
0.8
0.82
0.78
-13.3202
0.74
-0.819999
-0.119999
-0.479999
-0.699999
-0.219999
0.8
-0.659999
-0.319999
0.78
0.8
0.78
0.78
0.8
0.82
0.82
0.78
0.82
0.82
0.82
0.78
0.74
0.78
0.82
0.8
0.78
0.82
-1.36
0.0600003
0.78
0.78
0.8
0.78
0.8
0.8
0.8
-1.04
-0.179999
0.82
0.82
0.82
0.82
-0.259999
-0.159999
0.76
0.78
-0.0599996
-12.2201
-0.959999
0.8
-4.88001
-5.26
-5.14
-2.5
0.14
-1.42
0.82
0.8
0.82
0.82
0.78
0.8
0.82
-3.24
-0.419999
0.82
0.78
0.78
0.8
0.76
0.8
0.8
-2.08
-0.219999
-0.279999
-1.3
-1.76
-1.66
0.8
-2.82
-0.639999
0.78
0.82
0.82
0.8
0.78
0.76
-5.20001
-6.26
0.8
0.78
0.78
0.8
0.8
0.8
0.74
0.78
0.82
0.8
0.76
-3.76
-0.559999
-1.94
0.78
0.8
0.8
0.8
0.8
-0.239999
0.82
0.76
0.74
-0.279999
-7.62005
-3.48001
-2.1
0.8
0.82
0.82
0.78
0.82
0.76
0.74
0.68
0.82
0.78
0.8
0.8
0.82
0.82
0.78
0.76
0.82
0.8
0.78
0.78
0.72
0.82
0.74
0.82
0.82
0.8
0.78
0.78
0.78
0.8
0.82
0.8
0.78
0.8
-1.82
-2.48
0.8
0.82
0.7
0.82
0.8
0.76
0.8
0.82
0.72
0.82
0.7
0.78
0.76
0.82
0.8
0.82
0.82
0.78
0.74
0.8
0.82
0.8
0.82
0.78
0.74
0.48
0.8
0.76
0.82
0.76
0.78
0.82
0.72
0.6
0.7
0.76
0.8
0.8
0.8
-1.4
0.22
0.8
-1.26
-0.239999
-0.22
-0.12
0.3
0.12
0.78
0.72
0.76
0.82
0.8
0.76
0.82
0.48
0.78
0.8
0.76
0.8
0.76
0.8
0.78
0.78
0.8
0.82
0.8
0.82
0.8
0.8
0.8
0.74
-1.78
0.82
0.78
-0.539999
0.0600004
0.8
0.32
0.82
0.8
0.78
0.82
0.82
0.82
0.82
0.82
0.78
0.8
0.78
0.82
0.8
0.8
0.82
0.82
0.8
0.82
0.76
0.82
0.78
0.72
0.82
0.64
0.56
0.82
0.78
0.8
0.78
0.82
0.8
0.8
0.78
0.72
0.82
0.82
0.78
0.82
0.76
0.82
0.8
0.8
0.82
0.68
0.38
0.82
0.8
0.78
0.74
0.76
0.74
0.8
0.68
0.8
0.74
0.8
0.8
0.82
0.8
0.8
0.82
0.8
0.82
0.78
0.8
0.76
0.8
0.8
0.82
0.82
0.78
-1.4
0.2
0.8
0.74
0.8
-0.259999
0.42
0.8
0.8
0.54
0.8
0.78
0.72
0.76
0.8
0.76
0.82
0.76
0.76
0.74
-1.2
-0.359999
0.72
0.8
-1.22
-0.0599996
0.8
0.78
0.74
0.74
0.82
0.8
0.76
0.78
0.74
0.76
-1.7
-0.0599996
0.82
0.82
0.82
0.82
0.8
0.82
0.74
0.8
0.8
-1.78
-0.619999
0.8
0.8
0.74
0.8
0.78
0.78
-0.479999
0.14
0.76
0.66
0.64
0.78
0.8
0.82
0.8
0.8
0.78
0.78
0.8
0.8
0.82
-1.68
0.0200004
0.8
0.82
0.8
0.7
0.76
0.82
-0.14
-0.379999
0.82
0.82
0.76
0.8
0.78
0.7
0.76
0.78
0.8
0.72
-1.06
0.0800003
0.76
0.8
0.82
0.76
0.82
0.8
0.82
0.76
0.82
0.22
-0.379999
0.68
0.8
0.82
0.8
0.8
0.82
0.8
0.82
0.78
0.82
0.66
0.78
0.82
-0.999999
-0.479999
0.8
0.78
0.78
0.74
0.78
0.72
0.8
0.74
0.82
0.82
0.78
0.82
0.8
0.8
0.78
0.76
0.8
0.82
0.82
0.74
0.82
0.8
0.78
0.8
0.8
0.78
0.78
0.8
0.82
0.72
0.8
0.76
0.8
0.74
0.76
0.82
0.78
0.74
0.82
0.82
0.82
0.78
0.76
0.74
0.72
0.72
0.78
0.82
0.78
0.8
0.74
0.76
0.8
0.8
0.76
0.82
0.78
0.68
0.78
0.82
0.78
0.82
0.78
0.72
0.82
0.82
-0.14
-2.26
0.82
0.78
-4.20002
0.78
0.82
0.78
0.76
0.78
0.76
0.82
0.72
0.82
0.78
0.82
0.8
0.8
0.78
0.8
0.76
0.76
0.82
0.82
0.82
0.78
0.8
0.78
-5.10002
-28.0405
-0.539999
0.78
0.82
0.62
0.66
0.78
0.82
0.8
0.66
0.74
0.48
-4.22
0.82
0.78
0.78
0.74
0.82
0.76
0.78
0.8
0.82
0.74
0.8
0.78
0.78
-2.34
-1.14
0.82
0.8
0.82
0.8
0.76
0.8
0.78
0.82
0.8
0.82
0.8
0.82
0.7
0.78
0.7
0.7
0.76
0.38
0.78
0.8
0.8
0.66
0.8
0.78
0.78
0.78
0.78
0.82
0.8
0.82
0.82
0.72
0.76
0.78
0.8
0.82
0.82
0.8
0.82
-1.96
0.1
0.82
0.14
0.24
-8.88005
0.82
0.74
0.76
0.8
0.8
-19.7803
0.78
0.8
-2.78
-0.499999
0.8
0.8
0.8
0.82
0.78
0.8
-4.04
-0.539999
0.74
0.78
0.78
-1.78
0.8
0.8
0.82
0.82
0.76
0.76
0.8
0.82
0.8
0.82
0.74
0.78
0.8
0.82
0.7
0.8
0.76
0.78
0.8
0.78
0.78
0.78
0.7
0.8
0.74
0.78
0.82
0.74
0.8
0.58
0.7
0.82
0.78
0.78
0.74
0.8
0.78
0.78
0.76
0.8
0.82
0.0600002
0.44
0.78
0.8
0.82
0.74
0.82
0.78
0.8
0.8
0.74
0.8
0.82
-0.319999
-0.539999
0.78
0.8
0.78
0.8
0.8
0.72
0.8
0.66
0.78
0.8
0.8
0.82
0.78
0.82
0.8
0.8
0.78
0.8
0.8
0.78
0.82
0.8
0.76
0.72
0.78
0.8
0.78
-0.899999
-0.259999
0.8
0.74
0.8
0.76
0.74
0.78
0.74
0.82
0.78
0.8
0.82
0.8
0.8
0.8
0.78
0.72
0.76
0.76
0.8
0.74
0.78
0.8
0.82
0.8
0.8
0.82
0.82
0.8
0.74
0.72
0.78
0.8
0.8
0.76
0.82
0.78
0.82
0.82
0.8
0.78
0.82
0.8
0.82
0.78
0.82
0.74
0.82
0.78
0.8
-0.0199996
-0.839999
0.7
0.82
0.8
-0.879999
0.24
0.74
0.78
0.76
0.64
-1.76
0.24
0.0800003
0.16
0.78
0.74
0.82
0.8
0.78
0.76
0.82
0.8
0.78
0.82
0.76
0.5
0.2
0.82
0.78
0.82
0.8
0.8
0.82
0.0400003
0.44
-0.379999
0.82
0.8
0.8
0.82
0.8
0.8
0.8
0.78
-1.98
-0.0399995
0.78
0.8
0.82
0.8
0.82
0.82
0.82
0.82
0.74
0.82
0.74
0.8
0.82
0.82
0.82
0.8
0.82
0.8
0.8
0.82
0.8
0.76
0.78
0.78
0.76
0.78
0.76
0.78
0.72
0.82
0.68
-2.5
-0.779999
0.78
0.82
0.82
0.76
0.8
0.8
0.8
0.8
0.8
-0.619999
-0.14
0.76
0.8
0.74
0.76
0.82
0.78
0.72
0.82
0.78
0.78
0.8
0.82
0.76
0.74
0.78
0.82
-0.399999
0.24
0.2
-0.0199996
0.68
0.78
0.8
0.8
0.8
-0.619999
0.22
0.8
0.76
0.8
0.8
-0.239999
0.0200003
0.82
0.78
0.82
0.82
0.76
-2.08
0.8
0.66
0.8
0.8
0.8
-0.18
-2.18
0.8
0.82
0.78
0.76
-3.02
-0.239999
0.8
0.72
0.8
0.72
0.8
0.8
0.82
-1.48
-27.5005
0.78
0.82
0.8
-2.34
-5.04001
0.0800005
0.78
0.74
0.82
0.8
0.82
0.82
0.78
0.78
0.8
0.8
0.82
0.78
0.82
0.8
0.68
0.82
0.74
0.82
0.8
0.82
0.82
-9.7801
-0.959999
-2.72
-3.64
0.8
0.76
0.76
0.76
0.82
0.8
0.8
0.82
0.8
0.82
0.72
0.82
0.76
0.76
0.8
0.76
0.8
0.82
0.78
0.76
0.82
0.74
0.82
0.82
0.72
0.78
0.8
0.8
0.76
0.0200007
0.8
0.8
0.78
0.82
0.82
0.82
0.82
0.18
0.26
0.76
0.78
0.76
0.82
0.0200003
0.1
0.82
0.76
0.78
0.76
0.8
0.82
0.8
0.72
0.8
0.76
4.17233e-07
-0.239999
0.82
0.78
0.8
0.78
0.82
0.8
0.8
0.48
-1.62
0.8
0.8
0.82
0.8
0.76
0.8
0.82
0.78
0.78
0.76
0.76
0.78
0.8
0.8
0.76
0.74
0.8
0.82
0.8
0.76
0.82
0.8
0.8
0.82
0.76
0.8
0.82
0.8
0.82
0.78
0.76
0.8
0.74
0.82
0.76
0.74
-1.54
-18.1203
0.8
0.82
0.76
0.8
0.78
0.78
0.78
0.8
0.78
0.8
0.8
0.82
0.8
0.8
0.82
0.68
0.8
0.78
0.8
0.82
0.82
0.74
0.78
0.8
0.82
0.78
0.82
0.82
0.82
0.78
0.82
0.82
0.82
0.8
0.82
0.8
0.8
0.8
0.82
0.8
0.78
0.7
0.8
0.82
0.72
0.76
0.8
0.76
0.78
0.78
0.8
0.82
0.76
0.74
0.8
0.8
0.78
0.82
0.78
0.8
0.78
0.78
0.78
0.78
0.78
0.78
0.74
0.8
0.72
0.8
0.72
0.8
0.82
0.8
0.8
0.78
0.8
0.78
0.76
0.82
0.8
0.74
0.8
0.82
-0.199999
-1.76
0.72
0.82
0.82
0.82
0.82
0.8
0.82
0.82
0.82
0.78
0.76
0.3
0.76
0.8
0.72
0.64
0.78
0.78
0.74
0.78
0.82
0.8
0.82
0.78
0.82
0.76
0.74
0.76
0.8
0.82
0.72
0.78
0.78
0.82
0.82
-1.98
0.18
0.66
0.8
0.74
0.8
0.74
0.74
0.8
0.82
0.78
0.74
0.74
0.8
-1.58
0.0200004
0.8
0.82
0.8
0.8
0.82
0.76
0.82
0.78
0.8
0.82
0.82
0.78
0.78
0.8
0.78
0.82
0.22
0.0600004
0.8
0.76
0.72
0.74
0.78
0.8
0.82
0.8
0.82
0.82
0.78
0.8
0.8
0.78
0.78
0.8
0.8
0.82
0.82
0.82
0.76
0.78
0.82
0.78
0.78
0.8
0.82
0.78
0.82
0.82
0.76
0.82
3.57628e-07
4.17233e-07
0.76
0.82
0.8
0.74
0.74
0.78
0.76
0.8
0.8
0.82
0.82
0.78
0.8
0.82
0.8
0.7
0.82
0.8
0.82
0.78
0.82
0.8
0.82
0.82
0.78
0.8
0.8
0.8
0.76
0.76
-0.399999
-5.20005
0.78
0.8
0.78
-10.8001
-1.64
-10.9801
0.74
0.72
0.78
0.8
0.72
0.82
0.8
-33.1805
0.74
0.82
0.72
0.8
0.74
0.78
0.54
0.82
0.78
0.8
0.82
0.8
0.8
0.82
0.74
-8.90005
0.72
0.76
0.8
0.82
0.78
0.78
0.82
0.8
0.72
0.8
0.62
0.8
0.8
0.8
0.76
0.72
0.8
0.82
0.8
0.82
0.78
0.8
0.8
0.78
0.56
0.74
0.82
0.8
0.8
0.8
0.8
0.78
0.82
0.76
0.8
0.74
0.8
0.82
0.82
0.76
-0.559999
-0.799999
0.76
0.8
0.78
0.34
0.8
0.82
0.8
0.82
0.82
0.78
0.82
0.8
0.76
0.82
0.8
0.8
0.82
0.72
0.82
0.78
0.76
0.82
0.76
0.8
0.74
0.8
0.82
-0.899999
0.12
0.78
0.8
0.82
0.82
0.74
0.82
0.78
0.8
0.8
0.74
0.76
0.8
0.76
0.78
0.8
0.74
0.72
0.78
0.78
0.8
0.76
0.8
0.72
0.78
0.82
0.76
0.82
0.8
0.82
0.78
0.8
0.78
0.82
0.8
0.78
0.44
-7.00005
0.78
0.78
0.78
0.8
0.82
0.74
0.82
0.8
0.82
0.54
0.8
0.78
0.76
0.76
0.76
0.82
0.78
0.82
0.82
0.76
0.8
0.8
0.68
0.8
0.8
0.8
0.78
0.76
0.8
0.8
0.82
0.76
0.82
0.8
0.76
0.76
0.78
0.74
0.78
0.76
0.8
0.76
0.8
0.74
0.8
0.82
0.8
0.78
0.72
0.78
0.82
0.78
0.82
0.8
-1.64
-0.759999
0.7
0.78
0.8
0.8
-0.219999
-2.56
0.8
0.66
0.8
0.78
0.82
0.76
0.82
0.8
0.78
0.78
0.8
0.82
0.78
0.72
0.82
0.78
0.82
0.8
0.78
0.8
0.78
0.8
0.82
0.8
0.82
0.82
0.82
0.8
0.82
0.76
0.82
0.82
0.8
0.82
0.82
0.78
0.78
0.8
0.82
0.74
-0.419999
-1.2
0.82
0.8
0.76
0.82
0.78
0.8
0.8
0.8
0.78
0.82
0.78
0.8
0.76
0.82
0.7
0.72
0.76
0.82
-3
4.17233e-07
0.82
-0.519999
-0.399999
0.78
0.82
0.82
0.8
0.66
0.7
0.82
0.82
0.8
0.82
0.76
0.82
0.78
0.7
0.78
0.82
0.8
0.76
0.82
0.78
0.8
0.76
0.76
0.72
0.8
0.78
-1.3
-0.799999
0.72
0.78
0.76
-0.559999
-9.66008
0.8
0.66
0.68
0.76
0.8
0.8
0.78
0.8
0.76
0.8
0.82
0.76
0.8
0.7
0.7
0.78
0.72
0.8
0.8
0.82
0.8
0.78
0.8
0.8
0.8
0.8
0.82
0.78
0.8
0.78
0.8
0.72
0.82
0.82
0.82
0.82
0.74
0.76
0.82
-2.96
-12.9002
0.8
0.78
0.82
0.8
0.82
0.78
0.82
0.8
0.82
0.8
0.82
0.8
0.82
0.8
0.8
0.82
0.8
0.82
0.78
0.78
0.8
0.8
0.78
0.8
0.7
0.78
0.72
0.76
0.8
0.8
0.78
0.82
0.78
0.82
0.74
0.78
0.74
-9.42009
-24.4204
0.82
0.74
0.8
-31.8605
0.78
0.82
0.82
0.74
0.82
0.82
0.82
0.82
0.8
-5.32
-1.34
0.8
0.76
0.74
0.7
-8.76004
-0.14
0.8
0.82
0.82
0.8
0.78
-0.799999
-1.66
-1.26
0.76
0.78
0.8
0.8
0.76
-1.82
-19.8403
0.76
0.78
0.78
0.74
0.78
0.78
-4.34
-1.08
0.82
0.76
0.78
0.82
0.76
0.82
0.82
0.74
0.74
0.78
0.8
0.74
0.56
0.72
0.82
0.76
0.8
0.74
0.82
0.82
0.82
0.8
0.82
0.82
0.8
0.78
0.74
0.8
0.82
0.82
0.8
0.82
0.8
0.78
0.76
0.78
0.62
0.8
0.78
0.78
0.72
0.8
0.78
0.74
0.62
0.8
0.8
0.62
0.68
0.74
0.82
0.82
0.78
0.64
0.72
0.82
0.8
0.76
0.8
0.82
0.8
0.8
0.8
0.78
0.82
0.82
0.78
0.76
0.78
0.8
0.64
0.8
-1.28
-0.0999995
0.34
0.74
0.8
0.76
0.82
0.82
0.8
0.8
0.72
0.72
0.8
0.78
0.8
0.82
0.78
0.82
-1.32
0.6
0.82
0.74
0.76
0.82
0.74
-0.559999
4.76837e-07
0.78
-1.38
0.8
0.78
0.8
0.8
0.76
0.78
0.7
-0.199999
0.74
0.7
0.78
0.8
0.72
-3.60001
0.8
0.8
0.82
0.8
0.8
-1.72
-0.219999
0.78
0.52
-0.0399996
0.78
0.76
0.78
0.8
0.78
0.72
-4.38002
0.74
0.8
0.82
0.8
0.78
0.8
0.78
-2.26
0.78
0.78
0.78
0.8
0.82
0.8
-3.94001
0.76
0.8
0.82
0.76
0.82
0.82
0.8
0.78
0.72
0.8
0.7
0.78
0.8
0.82
0.8
0.76
0.72
0.82
0.8
0.82
0.8
0.78
0.82
0.76
0.8
0.8
0.76
0.82
0.74
0.82
0.78
0.76
0.8
0.74
0.82
0.78
0.82
0.8
0.82
0.78
0.82
0.8
0.8
0.82
0.8
0.82
0.82
0.74
-1.42
-0.0799994
0.8
0.78
0.82
0.82
0.76
0.8
0.8
0.78
0.68
0.74
0.72
0.8
0.8
0.8
0.82
0.8
0.8
0.78
0.8
0.8
0.82
0.78
0.82
0.82
0.68
0.76
0.74
0.76
-10.0601
0.82
0.78
0.82
0.78
0.78
-1.5
0.76
0.72
0.0400004
0.14
0.58
0.38
0.8
0.82
0.82
0.82
0.8
0.8
0.8
0.8
0.8
0.76
0.78
0.78
0.74
0.82
0.8
0.78
0.82
0.78
0.8
0.8
0.8
0.74
0.76
0.7
0.82
0.76
0.7
0.82
0.78
0.78
0.76
0.78
0.8
0.8
0.8
0.8
-1.7
0.8
0.8
0.8
0.78
0.78
0.8
0.82
0.76
0.78
0.68
0.78
0.82
0.82
0.82
0.82
0.74
0.82
0.8
-0.26
-1.68
0.8
0.78
-3.06
0.82
0.78
0.82
0.82
0.78
0.82
0.82
0.8
-4.72
0.78
0.76
0.78
0.8
0.82
0.76
0.8
0.8
0.76
0.78
0.76
0.74
0.82
0.76
-1.56
-0.0399996
0.8
0.72
-0.459999
-0.0399996
0.82
0.82
0.82
0.78
0.82
0.82
0.82
0.8
0.8
0.74
0.82
0.82
0.8
0.78
0.78
0.74
0.76
0.78
0.8
0.82
0.74
0.78
0.74
0.82
0.8
0.78
0.76
0.82
0.82
0.72
0.8
0.44
0.8
0.66
0.74
0.82
0.8
0.8
0.82
0.82
0.72
0.8
0.8
0.74
0.76
0.8
0.78
0.82
0.76
0.78
-1.08
-0.159999
0.82
0.82
0.82
0.8
0.76
0.8
0.8
0.78
0.82
0.82
0.74
0.78
0.82
0.78
0.82
0.82
0.78
0.8
0.76
0.8
0.8
0.76
0.82
0.82
0.82
0.78
-0.0399996
0.22
0.82
0.76
0.8
-0.16
-4.32002
0.8
0.74
0.8
0.72
0.8
0.8
0.78
0.82
0.78
0.8
0.76
0.82
0.82
0.8
-1.68
0.0800003
0.46
-1.86
0.8
0.82
0.82
0.82
0.82
0.7
0.78
0.8
0.82
0.8
0.78
0.82
0.72
0.8
0.78
0.76
0.82
0.82
0.8
0.82
0.82
0.78
0.82
0.8
0.78
0.78
0.76
0.78
0.44
0.8
0.82
0.76
0.7
0.8
0.82
0.8
0.82
0.76
0.82
0.8
0.78
0.76
0.38
-0.559999
0.78
0.8
0.64
0.82
0.76
0.78
0.8
0.3
-2.1
0.82
0.7
0.76
0.82
0.78
0.82
0.78
0.82
0.58
0.8
0.8
-1.06
0.0400004
-4.24001
-6.14002
0.76
0.82
0.82
0.76
0.82
0.64
0.8
0.72
0.8
0.78
0.78
0.8
0.8
0.8
0.8
0.74
0.76
0.82
0.82
0.78
0.78
-1.12
0.18
0.82
0.82
0.8
0.8
0.82
0.8
0.8
0.76
0.82
0.78
0.78
0.8
0.74
0.82
0.82
0.74
0.8
0.68
0.76
0.76
0.7
0.78
0.82
0.78
0.8
0.78
0.78
0.78
0.8
0.8
0.78
0.78
0.8
0.8
0.76
0.78
0.8
0.82
0.8
0.76
0.54
0.82
0.8
0.8
0.78
0.72
0.8
0.8
-0.219999
-0.419999
0.78
0.76
0.8
0.78
0.78
0.8
0.78
0.8
0.76
0.8
0.8
0.82
0.82
-1.4
0.14
0.76
7.15256e-07
0.82
0.76
0.82
0.72
0.82
0.0200003
4.17233e-07
0.8
0.78
0.78
0.8
0.82
0.8
0.8
0.78
0.74
0.82
0.76
0.8
0.76
0.8
0.82
0.78
0.8
0.8
0.82
0.74
0.78
0.8
0.78
0.82
0.76
0.76
0.8
0.54
0.78
0.78
0.8
0.82
0.76
0.8
0.78
0.74
0.16
-0.12
0.82
0.78
-0.0599996
0.7
0.64
0.8
0.82
0.8
0.82
0.74
0.82
-0.219999
-0.559999
0.74
0.78
0.76
0.48
0.160001
0.78
-1.04
-0.879999
0.82
0.8
0.82
-1.2
-1.1
0.0800002
-4.10001
0.8
0.82
0.8
0.82
0.8
0.78
0.78
0.82
0.74
0.78
0.82
0.78
0.82
0.82
0.66
0.82
0.78
0.82
0.78
0.8
0.8
0.78
0.78
0.8
0.82
0.66
0.8
0.82
0.74
0.78
0.82
0.8
0.76
0.78
0.8
0.78
0.76
0.8
0.82
0.72
0.8
0.82
0.78
0.78
0.12
-0.0199996
0.82
0.78
0.82
0.82
-0.339999
0.0200004
0.78
0.82
0.76
-2.18
0.82
0.82
0.8
0.78
0.82
0.8
0.76
0.74
0.78
0.8
0.82
0.82
0.82
0.76
0.78
0.82
0.78
0.78
0.82
0.82
0.82
0.8
-0.0999992
0.78
0.78
0.82
0.82
0.74
0.82
0.78
0.78
0.8
0.8
0.7
0.8
0.78
0.76
0.76
-0.26
-2.12
0.8
0.72
0.76
0.82
0.76
-0.359999
-0.659999
0.78
0.76
0.82
0.76
0.8
0.78
0.76
0.8
0.74
0.82
0.8
-11.3001
0.8
0.8
0.78
0.76
0.76
-0.979999
-0.0799996
0.8
0.8
0.76
0.82
0.82
0.8
0.82
-1.46
-1.78
0.8
0.8
0.82
0.78
0.74
0.74
0.82
0.78
0.8
0.78
0.8
0.78
-18.7803
-12.9001
0.78
0.76
0.74
-0.199999
0.78
0.72
0.76
0.82
0.78
0.82
0.82
0.76
0.8
0.76
0.82
0.8
0.8
0.78
0.82
0.8
0.82
0.8
0.82
0.78
0.78
-2.22
-0.0999995
0.76
0.82
0.78
0.82
0.76
0.76
0.82
0.78
0.76
0.8
0.78
0.8
0.82
0.8
0.82
0.76
0.82
0.78
0.82
0.82
0.82
0.8
0.8
0.76
0.8
0.78
0.72
0.74
0.76
0.78
0.82
0.82
0.82
0.82
0.8
0.82
0.76
0.82
0.8
-2.12
4.17233e-07
0.76
0.78
0.76
0.7
0.7
0.8
0.82
0.82
-0.819999
-0.659999
0.34
0.72
0.8
0.8
0.82
0.8
0.8
0.76
0.8
0.82
0.78
0.78
0.82
0.7
0.76
-0.18
-0.0399996
0.8
0.8
0.78
0.82
0.76
0.8
0.72
0.82
0.8
-1.22
0.18
0.8
0.8
0.78
0.8
0.78
0.8
-1.18
0.0400004
0.8
0.8
0.82
0.82
0.8
0.78
0.82
0.82
0.74
0.78
0.78
0.8
0.8
0.74
0.8
0.8
0.76
0.82
0.78
0.78
0.78
0.78
0.66
0.8
0.82
0.78
0.78
0.74
0.78
0.82
0.78
0.82
0.8
0.76
0.74
0.74
0.76
0.82
0.82
0.78
0.8
0.8
-1.22
-1.56
0.78
0.78
0.82
-0.24
0.32
0.8
0.74
0.8
0.74
0.82
0.76
0.78
0.78
0.8
0.8
0.74
-0.419999
-1.92
0.76
0.74
0.82
0.78
0.78
0.82
0.8
0.76
0.82
0.78
0.82
0.8
0.78
0.78
0.82
0.78
0.8
0.78
0.78
0.82
-3.04
-0.559999
0.76
0.82
0.82
0.78
0.82
0.82
0.62
0.78
0.82
-0.0599996
0.0800003
0.76
0.82
0.8
0.82
0.82
0.8
0.82
0.82
0.78
0.82
-2
-1.44
0.8
0.76
0.78
0.1
0.0400004
0.82
0.8
0.78
0.74
0.76
0.74
0.82
-2.34
0.0400004
0.82
0.76
0.8
0.8
0.7
-0.759999
-0.0199996
-0.199999
0.82
-0.159999
0.6
0.8
0.8
0.82
0.76
0.7
0.82
0.8
0.8
0.74
0.78
0.78
0.76
0.82
0.76
0.8
0.76
-0.899999
-0.299999
0.78
0.82
0.82
0.8
0.82
0.8
0.78
0.82
0.82
0.76
0.68
0.8
0.82
0.76
0.78
0.74
0.74
0.7
0.78
-1.5
-2
0.82
0.8
0.8
0.72
0.46
0.82
0.82
0.76
0.78
0.8
0.82
0.76
0.78
0.78
0.82
0.8
-3.18
-0.0799996
0.78
0.82
0.8
0.82
0.76
0.82
0.8
0.82
0.82
0.8
0.8
0.82
0.82
-11.9601
-20.2803
0.82
0.82
-16.9202
-3.70001
0.82
0.78
0.74
0.82
0.8
0.76
0.82
0.78
0.74
0.82
0.78
0.74
0.82
0.78
0.78
0.82
0.8
0.76
0.82
0.8
0.74
0.82
0.74
0.74
0.78
0.8
0.76
0.78
0.78
0.76
0.7
0.7
0.78
0.8
0.64
0.8
0.82
0.8
0.74
0.82
0.8
0.74
0.72
0.8
0.8
0.8
-2.04
-0.219999
0.74
0.82
0.78
0.66
0.8
0.76
0.8
0.78
0.74
0.82
0.78
0.76
0.82
0.82
0.78
-0.519999
-1.18
0.82
0.8
0.76
-0.559999
-0.279999
0.74
0.52
0.72
0.8
-0.0199995
0.1
0.72
0.74
0.82
0.8
0.8
0.8
0.74
0.74
0.82
-0.419999
0.36
0.8
0.8
0.82
0.76
0.78
0.8
2.98023e-07
0.0400003
0.8
0.82
0.82
0.82
0.82
0.82
0.76
0.82
0.78
0.66
0.78
0.74
0.72
0.78
0.8
0.76
0.82
0.8
0.82
0.8
0.78
0.76
0.8
0.82
0.8
0.78
0.66
0.82
0.82
0.8
0.78
0.82
0.8
0.8
0.82
0.82
0.82
0.8
0.82
0.8
0.8
0.8
0.72
0.8
0.82
0.8
0.82
0.82
0.78
0.82
0.78
0.82
0.76
0.82
0.82
0.82
0.8
0.78
0.78
0.8
0.76
0.72
0.76
-0.879999
-0.679999
0.76
0.82
0.8
0.78
0.82
-0.239999
-0.0999995
0.78
0.82
0.78
0.82
0.82
0.8
0.8
0.82
0.76
-1.34
4.17233e-07
0.78
0.82
0.8
0.76
0.82
0.82
0.82
0.82
0.82
0.8
0.82
0.82
0.82
0.78
-5.68005
0.78
0.78
0.82
0.8
0.78
0.0200006
0.78
0.78
0.76
0.78
0.78
0.74
0.8
-0.279999
-1.56
0.76
0.8
0.82
0.8
0.74
0.78
0.8
0.78
0.8
-1.38
0.0600003
0.78
0.78
0.78
0.18
-0.0599996
0.82
0.76
0.76
0.76
0.82
0.8
0.82
0.78
0.8
0.82
0.78
0.76
0.82
0.66
0.82
0.76
0.74
0.72
-0.159999
-2.02
-0.779999
0.8
0.82
0.78
0.76
0.8
0.76
0.78
0.72
0.8
0.76
0.76
0.78
0.82
0.8
0.82
0.76
0.74
0.8
0.8
0.8
0.76
0.8
0.78
0.82
0.82
0.8
0.82
0.8
0.78
0.78
0.78
0.76
-1.48
0.3
0.78
0.8
0.82
0.8
0.82
0.76
0.58
0.82
0.6
0.8
0.8
0.7
0.8
0.8
0.74
0.74
0.8
-0.219999
0.52
0.8
4.17233e-07
0.74
0.8
0.8
0.8
0.8
0.8
0.7
-2.76
0.48
0.8
-3
-2.36
0.78
0.8
0.82
0.76
0.8
0.72
0.8
0.82
0.8
0.78
0.82
0.8
0.82
0.8
0.8
0.8
0.82
0.78
0.8
0.78
0.82
0.82
-0.959999
-18.6003
0.8
0.8
0.82
0.8
0.78
0.82
0.76
0.66
0.76
0.8
0.78
-1.06
-1.08
0.78
0.8
0.72
-0.819999
-1.48
0.76
0.66
0.82
0.74
0.82
0.8
0.8
0.8
0.82
0.82
0.72
0.74
0.7
0.74
0.74
0.8
0.82
0.8
0.8
0.82
0.78
0.76
0.74
0.74
0.78
0.74
0.8
0.76
0.74
0.78
0.7
0.8
0.82
0.74
0.82
0.78
0.76
0.8
0.82
0.78
0.8
0.74
0.74
0.66
0.8
0.78
0.78
0.66
0.82
0.82
0.72
0.78
0.78
0.82
0.82
0.82
0.78
0.8
0.8
0.82
0.76
0.8
0.8
0.76
0.78
0.82
0.76
0.82
0.8
0.78
0.76
0.78
0.78
0.78
0.82
0.74
0.8
0.8
0.76
0.8
0.78
0.8
-0.0599996
0.0600004
0.8
0.7
0.8
-0.0999995
-2.88
0.42
0.82
0.82
0.78
0.8
0.82
0.82
0.82
-1.82
0.32
0.78
0.58
4.17233e-07
0.8
0.78
0.8
0.82
0.7
0.74
0.78
0.78
-3.68001
-4.4
0.82
0.78
0.82
0.82
0.82
0.8
0.82
0.78
0.82
0.78
0.78
0.82
0.76
0.74
0.72
0.8
0.8
0.8
0.82
0.74
0.8
0.76
0.8
0.8
-1.56
0.0200004
0.8
0.8
0.76
0.8
0.82
0.82
0.82
0.82
0.8
-1.98
-4.82
0.78
0.8
0.82
0.78
0.76
0.8
0.82
0.78
0.82
0.82
0.76
0.8
0.78
0.8
0.82
0.82
0.82
0.76
0.82
0.8
0.78
0.82
-0.359999
-0.619999
0.8
0.76
0.76
0.78
-0.879999
-0.0599995
0.78
0.8
0.8
0.74
0.8
0.72
0.8
0.78
0.78
0.8
0.78
0.74
-4.24
-0.0599996
0.82
0.74
0.82
0.82
0.76
0.72
0.8
0.8
0.8
0.8
0.78
0.8
0.78
0.72
0.32
0.8
0.8
0.8
0.82
0.82
0.78
0.8
0.78
0.82
0.8
0.8
-0.359999
-1.3
0.74
0.82
0.82
0.82
0.78
0.82
0.8
0.8
0.74
0.82
0.7
0.74
0.76
0.8
0.78
0.82
0.74
0.78
0.82
-0.759999
-0.0399996
0.76
0.8
0.8
0.82
0.82
0.66
0.82
0.78
0.8
0.82
0.78
0.82
0.8
0.74
-2.4
-6.62008
0.8
0.78
0.78
0.8
0.8
0.82
0.78
-2.46
-1.98
0.78
0.82
-0.12
-0.0399996
0.82
0.8
0.82
0.82
0.78
0.8
0.82
0.76
-0.219999
0.26
0.82
0.76
0.78
0.82
0.8
0.74
0.8
0.82
0.82
0.8
0.72
0.58
-1.22
-3.84001
-7.58005
0.8
0.76
0.76
0.74
0.1
0.8
0.78
0.8
0.78
0.8
0.78
0.76
0.82
0.82
0.78
0.8
0.82
0.8
0.82
0.8
0.82
0.8
0.8
-0.759999
4.17233e-07
0.82
0.78
0.82
0.82
0.78
0.78
0.82
0.82
0.78
0.82
0.78
0.82
0.82
0.82
0.8
0.76
0.76
0.82
0.82
0.82
0.8
0.78
0.8
0.82
0.78
0.8
0.82
0.78
0.8
0.74
0.8
0.82
0.78
0.76
0.82
0.78
0.78
-7.62008
0.8
0.78
-0.279999
0.82
0.76
0.78
0.74
0.74
0.78
0.78
0.78
0.8
0.78
0.82
0.8
0.8
0.8
0.78
0.78
0.78
0.76
0.8
0.76
0.78
-2.56
-0.839999
0.82
0.8
0.8
0.82
0.8
0.82
0.78
0.82
0.82
-2.08
-0.979999
0.8
0.8
0.78
0.78
0.78
0.76
0.82
0.8
0.8
0.8
-0.519999
-0.0599996
0.78
0.8
0.78
0.76
0.8
0.82
0.78
0.78
0.76
0.8
0.76
0.78
0.74
-1.12
0.78
-0.499999
0.16
0.82
0.8
0.8
0.8
0.82
0.8
0.8
0.82
0.82
0.8
0.8
0.82
0.76
0.8
0.82
0.8
0.76
0.8
0.76
0.82
0.78
0.78
0.78
0.74
0.82
0.82
0.82
0.82
0.82
0.64
0.78
0.8
0.82
0.82
0.82
0.72
0.74
0.78
-2.1
-2.02
0.82
0.8
0.78
0.78
0.78
0.8
0.82
0.8
0.82
-4.28
-2.98
0.76
0.82
0.72
0.72
0.8
0.8
0.8
0.82
0.82
0.82
0.78
0.82
0.72
0.78
0.82
0.74
0.78
0.82
0.8
0.8
0.82
0.82
0.78
0.76
-2.1
-0.239999
0.8
0.76
0.72
0.78
0.82
0.82
0.82
0.8
0.82
-0.0199996
-2.94
0.78
-3.72001
0.72
0.78
0.8
0.8
0.8
0.82
0.78
-2.72
-2.9
0.82
0.78
0.8
-1.08
-0.659999
0.78
0.82
0.76
0.68
0.78
0.82
0.82
0.82
0.76
0.82
0.8
0.8
0.8
0.76
0.8
0.8
-0.539999
-1.28
0.8
0.82
-0.12
-0.12
0.82
0.82
0.76
0.0200003
-0.0199996
0.8
0.7
0.8
0.76
0.82
0.72
0.74
0.78
0.8
0.78
0.7
0.78
0.82
-0.579999
-7.74001
0.8
-5.04
0.82
0.78
0.8
0.8
0.74
0.66
0.8
0.82
0.82
0.78
0.76
0.8
0.8
0.78
0.8
0.56
-1.48
-2.42
0.8
0.8
0.78
0.8
0.74
0.82
0.82
0.78
0.76
0.7
0.72
0.8
0.8
0.8
0.82
0.8
-3.68001
-2.58
0.82
0.78
0.82
0.78
0.82
0.82
0.78
0.8
0.78
0.78
0.58
0.82
0.82
0.74
0.78
0.78
0.78
0.8
0.82
0.78
0.72
0.8
0.8
0.78
0.8
0.78
0.8
0.8
0.82
0.8
0.82
0.76
0.76
0.82
0.8
0.74
0.8
0.82
0.82
0.82
0.8
0.34
0.78
0.8
0.8
0.8
0.22
0.12
0.78
0.78
0.8
0.82
0.76
0.78
0.76
-0.999999
0.0400004
0.82
0.8
0.82
0.74
0.82
0.82
0.82
0.78
0.8
0.76
0.8
0.8
0.82
0.8
0.76
0.82
0.82
0.8
0.74
0.82
0.78
0.82
0.76
0.82
0.82
0.82
0.76
0.8
-0.819999
-4.06
0.8
-9.30013
-4.62002
0.82
0.8
0.78
0.76
0.76
0.8
0.76
0.8
0.78
0.8
0.78
0.78
0.7
0.8
0.76
0.78
0.76
0.8
0.76
0.74
0.78
0.82
0.8
0.76
0.8
-2.94
-0.299999
0.74
0.8
0.8
0.36
0.8
0.8
0.8
0.82
0.78
0.8
0.82
0.8
0.82
0.8
0.82
